0 0.722393 0.355263 0.00368098 0.0614035
0 0.449847 0.185965 0.00276074 0.0385965
0 0.498159 0.505263 0.00429448 0.0736842
0 0.550307 0.459649 0.00490798 0.0631579
0 0.254141 0.359649 0.00337423 0.0526316
0 0.617945 0.329825 0.00337423 0.0561404
0 0.487577 0.262281 0.00337423 0.0473684
0 0.540031 0.219298 0.00276074 0.0421053
0 0.482975 0.435965 0.00398773 0.0578947
0 0.52592 0.39386 0.00398773 0.0614035
0 0.434969 0.278947 0.00306748 0.0491228
0 0.419018 0.545614 0.00490798 0.0807018
0 0.414417 0.525439 0.00490798 0.0789474
0 0.62454 0.5 0.00490798 0.0701754
0 0.421166 0.605263 0.00429448 0.0877193
0 0.431595 0.377193 0.00368098 0.0631579
0 0.47592 0.330702 0.00337423 0.054386
0 0.459202 0.467544 0.00368098 0.0684211
0 0.602454 0.575439 0.00490798 0.077193
0 0.36411 0.696491 0.00613497 0.0912281
0 0.532209 0.603509 0.00552147 0.0807018
0 0.553988 0.468421 0.00552147 0.0701754
0 0.46227 0.680702 0.00674847 0.0877193
