0 0.488344 0.763158 0.00736196 0.101754
0 0.612423 0.561404 0.00521472 0.0666667
0 0.485123 0.718421 0.00644172 0.0789474
0 0.452147 0.5 0.00306748 0.0701754
0 0.563957 0.184211 0.00276074 0.0385965
0 0.629755 0.369298 0.00368098 0.054386
0 0.660123 0.763158 0.00674847 0.077193
0 0.758282 0.372807 0.00368098 0.0614035
0 0.491564 0.240351 0.00276074 0.045614
0 0.568405 0.251754 0.00306748 0.0473684
0 0.674693 0.790351 0.00705521 0.0894737
0 0.673466 0.251754 0.00276074 0.0473684
0 0.618405 0.385965 0.00368098 0.0596491
0 0.702914 0.525439 0.00460123 0.0649123
0 0.534816 0.386842 0.00398773 0.0578947
0 0.490491 0.189474 0.00306748 0.045614
0 0.476227 0.364912 0.00337423 0.0596491
0 0.456902 0.495614 0.00460123 0.0649123
0 0.774847 0.587719 0.00552147 0.0807018
0 0.514264 0.354386 0.00337423 0.0561404
0 0.273313 0.364912 0.00368098 0.0526316
0 0.63911 0.57193 0.00521472 0.077193
0 0.536043 0.462281 0.00460123 0.0684211
