0 0.695092 0.373684 0.00368098 0.0596491
0 0.316871 0.412281 0.00306748 0.0631579
0 0.242485 0.590351 0.00582822 0.0754386
0 0.494632 0.305263 0.00337423 0.0526316
0 0.158742 0.648246 0.00582822 0.0859649
0 0.189724 0.418421 0.00337423 0.054386
0 0.543405 0.413158 0.00398773 0.0649123
0 0.358436 0.32193 0.00337423 0.054386
0 0.378067 0.644737 0.00460123 0.0824561
0 0.497393 0.389474 0.00398773 0.0631579
0 0.406748 0.5 0.00490798 0.0736842
0 0.31227 0.717544 0.00613497 0.0912281
0 0.506288 0.296491 0.00337423 0.045614
0 0.499386 0.664912 0.00490798 0.0807018
0 0.386656 0.494737 0.00460123 0.0666667
0 0.34816 0.447368 0.00429448 0.0631579
0 0.365031 0.319298 0.00306748 0.0491228
0 0.505675 0.682456 0.00521472 0.0947368
0 0.211503 0.785088 0.00644172 0.1
0 0.384663 0.638596 0.00552147 0.0842105
0 0.542178 0.580702 0.00521472 0.0807018
0 0.562117 0.652632 0.00582822 0.0842105
0 0.42362 0.472807 0.00429448 0.0754386
