0 0.515644 0.485965 0.00490798 0.0596491
0 0.461043 0.255263 0.00245399 0.0403509
0 0.569785 0.712281 0.00521472 0.0807018
0 0.439724 0.729825 0.00460123 0.0807018
0 0.542791 0.348246 0.00337423 0.0578947
0 0.605828 0.290351 0.00306748 0.0508772
0 0.511963 0.175439 0.00306748 0.0421053
0 0.532975 0.253509 0.00276074 0.0438596
0 0.742945 0.358772 0.00368098 0.0578947
0 0.473313 0.373684 0.00368098 0.0596491
0 0.486656 0.361403 0.00337423 0.0561404
0 0.558129 0.475439 0.00460123 0.0666667
0 0.444785 0.771053 0.00552147 0.0824561
0 0.460276 0.192105 0.00276074 0.0368421
0 0.260123 0.368421 0.00368098 0.0491228
0 0.488497 0.29386 0.00337423 0.0508772
0 0.443865 0.360526 0.00368098 0.0578947
0 0.570399 0.746491 0.00766871 0.0824561
0 0.431442 0.491228 0.00337423 0.0596491
0 0.621933 0.503509 0.00460123 0.0701754
0 0.482822 0.471053 0.00368098 0.0649123
0 0.669172 0.537719 0.00521472 0.0754386
0 0.434049 0.454386 0.00429448 0.0561404
