0 0.471779 0.218421 0.00245399 0.0438596
0 0.485429 0.417544 0.00398773 0.0631579
0 0.507515 0.231579 0.00276074 0.0421053
0 0.554601 0.387719 0.00368098 0.0596491
0 0.722546 0.32807 0.00337423 0.0561404
0 0.482822 0.292982 0.00306748 0.0526316
0 0.553374 0.346491 0.00368098 0.0578947
0 0.520399 0.212281 0.00276074 0.0421053
0 0.603988 0.27193 0.00306748 0.0491228
0 0.522086 0.164912 0.00306748 0.045614
0 0.627761 0.414035 0.00398773 0.0631579
0 0.466258 0.292982 0.00306748 0.0526316
0 0.486963 0.488596 0.00460123 0.0649123
0 0.510429 0.271053 0.00368098 0.0438596
0 0.464571 0.400877 0.00398773 0.0649123
0 0.543712 0.313158 0.00337423 0.054386
0 0.494018 0.360526 0.00337423 0.0578947
0 0.273773 0.346491 0.00337423 0.0508772
0 0.473006 0.171053 0.00306748 0.0403509
0 0.454141 0.410526 0.00398773 0.0666667
0 0.444325 0.529825 0.00398773 0.0631579
0 0.44908 0.645614 0.00552147 0.0842105
0 0.56411 0.722807 0.00613497 0.0947368
