0 0.722393 0.357018 0.00368098 0.0614035
0 0.44954 0.186842 0.00276074 0.0403509
0 0.498466 0.508772 0.00429448 0.0736842
0 0.253528 0.361403 0.00337423 0.0526316
0 0.618098 0.329825 0.00368098 0.0561404
0 0.55 0.464912 0.00490798 0.0631579
0 0.487423 0.262281 0.00306748 0.0473684
0 0.539724 0.220175 0.00276074 0.0438596
0 0.525613 0.399123 0.00398773 0.0614035
0 0.481902 0.439474 0.00429448 0.0578947
0 0.419172 0.545614 0.00521472 0.0807018
0 0.475614 0.333333 0.00337423 0.0561404
0 0.434356 0.280702 0.00306748 0.0491228
0 0.62408 0.501754 0.00460123 0.0701754
0 0.420706 0.605263 0.00460123 0.0842105
0 0.36227 0.696491 0.00613497 0.0877193
0 0.413957 0.530702 0.00521472 0.0789474
0 0.553374 0.467544 0.00552147 0.0719298
0 0.430521 0.381579 0.00398773 0.0614035
0 0.458589 0.467544 0.00368098 0.0684211
0 0.603374 0.577193 0.00490798 0.077193
0 0.532209 0.607895 0.00552147 0.0789474
0 0.46319 0.682456 0.00674847 0.0877193
