0 0.497546 0.305263 0.00306748 0.0421053
0 0.446626 0.445614 0.00368098 0.0701754
0 0.51089 0.163158 0.00276074 0.045614
0 0.492178 0.258772 0.00276074 0.0403509
0 0.472546 0.326316 0.00337423 0.0561404
0 0.478988 0.442105 0.00398773 0.0666667
0 0.626687 0.444737 0.00429448 0.0649123
0 0.468252 0.239474 0.00276074 0.0473684
0 0.514877 0.228947 0.00276074 0.0438596
0 0.603067 0.280702 0.00306748 0.0526316
0 0.731288 0.347368 0.00368098 0.0561404
0 0.486963 0.414035 0.00398773 0.0596491
0 0.444325 0.421053 0.00398773 0.0666667
0 0.53819 0.377193 0.00398773 0.0561404
0 0.466104 0.179825 0.00276074 0.0368421
0 0.577454 0.438596 0.00398773 0.0561404
0 0.439571 0.620175 0.00490798 0.0719298
0 0.585276 0.742982 0.00613497 0.0859649
0 0.542178 0.332456 0.00337423 0.054386
0 0.528067 0.615789 0.00521472 0.077193
0 0.26089 0.353509 0.00337423 0.0473684
0 0.453834 0.321053 0.00337423 0.0561404
0 0.433589 0.72807 0.00644172 0.0947368
