0 0.360276 0.307895 0.00337423 0.0508772
0 0.196933 0.600877 0.00552147 0.0789474
0 0.699693 0.364912 0.00368098 0.0596491
0 0.51089 0.366667 0.00398773 0.0596491
0 0.403988 0.45614 0.00429448 0.0666667
0 0.506288 0.288596 0.00337423 0.0508772
0 0.262883 0.749123 0.00674847 0.0877193
0 0.200613 0.401754 0.00429448 0.0631579
0 0.485276 0.692105 0.00490798 0.0894737
0 0.377147 0.411404 0.00398773 0.0578947
0 0.481288 0.663158 0.00429448 0.077193
0 0.364877 0.294737 0.00337423 0.0526316
0 0.554755 0.376316 0.00337423 0.0578947
0 0.280368 0.563158 0.00490798 0.0701754
0 0.329294 0.387719 0.00337423 0.0596491
0 0.434049 0.601754 0.00552147 0.0807018
0 0.429294 0.466667 0.00398773 0.0631579
0 0.416411 0.620175 0.00521472 0.0789474
0 0.560583 0.573684 0.00521472 0.0807018
0 0.196166 0.790351 0.00705521 0.0964912
0 0.580061 0.60614 0.00490798 0.0824561
0 0.518558 0.253509 0.00398773 0.0368421
0 0.413344 0.466667 0.00398773 0.077193
