0 0.446012 0.207018 0.00245399 0.0421053
0 0.531902 0.253509 0.00306748 0.0438596
0 0.529448 0.244737 0.00245399 0.0438596
0 0.494632 0.27193 0.00276074 0.045614
0 0.500767 0.342982 0.00337423 0.054386
0 0.481135 0.339474 0.00337423 0.054386
0 0.526841 0.162281 0.00276074 0.0438596
0 0.444018 0.387719 0.00398773 0.0596491
0 0.708129 0.308772 0.00337423 0.0526316
0 0.428681 0.49386 0.00398773 0.0754386
0 0.61273 0.397368 0.00398773 0.0649123
0 0.591104 0.266667 0.00306748 0.0491228
0 0.42362 0.490351 0.00552147 0.0859649
0 0.475614 0.402632 0.00398773 0.0649123
0 0.507209 0.204386 0.00276074 0.0438596
0 0.456748 0.280702 0.00306748 0.0526316
0 0.454601 0.163158 0.00306748 0.045614
0 0.552914 0.425439 0.00398773 0.0649123
0 0.527301 0.330702 0.00368098 0.054386
0 0.265644 0.337719 0.00429448 0.0684211
0 0.415951 0.551754 0.00490798 0.0754386
0 0.479141 0.468421 0.00429448 0.0666667
0 0.478988 0.669298 0.00582822 0.0824561
