0 0.490337 0.264035 0.00337423 0.0508772
0 0.528834 0.308772 0.00306748 0.0491228
0 0.461963 0.2 0.00245399 0.0421053
0 0.535276 0.161404 0.00306748 0.0385965
0 0.421933 0.587719 0.00521472 0.0807018
0 0.529294 0.217544 0.00337423 0.0421053
0 0.271472 0.337719 0.00429448 0.0684211
0 0.515337 0.199123 0.00245399 0.0403509
0 0.716718 0.313158 0.00337423 0.054386
0 0.625 0.4 0.00398773 0.0631579
0 0.524847 0.242105 0.00368098 0.045614
0 0.605522 0.267544 0.00306748 0.0508772
0 0.527761 0.335088 0.00398773 0.0526316
0 0.485736 0.392982 0.00398773 0.0631579
0 0.456135 0.375439 0.00368098 0.0596491
0 0.458589 0.168421 0.00306748 0.045614
0 0.54954 0.403509 0.00398773 0.0631579
0 0.464724 0.270175 0.00306748 0.0491228
0 0.473006 0.454386 0.00429448 0.0666667
0 0.447086 0.491228 0.00398773 0.0666667
0 0.494325 0.334211 0.00337423 0.054386
0 0.515951 0.695614 0.00613497 0.0929825
0 0.438344 0.44386 0.00552147 0.0807018
