0 0.570399 0.715789 0.00582822 0.0807018
0 0.514264 0.488596 0.00460123 0.0649123
0 0.461196 0.25614 0.00276074 0.0421053
0 0.532209 0.252632 0.00306748 0.0421053
0 0.440337 0.731579 0.00460123 0.0842105
0 0.542485 0.347368 0.00337423 0.0561404
0 0.605828 0.290351 0.00306748 0.0508772
0 0.742945 0.360526 0.00368098 0.0578947
0 0.51181 0.175439 0.00337423 0.0421053
0 0.571319 0.744737 0.00766871 0.0824561
0 0.486656 0.359649 0.00337423 0.0561404
0 0.473006 0.373684 0.00368098 0.0596491
0 0.557669 0.473684 0.00429448 0.0701754
0 0.460276 0.192105 0.00276074 0.0368421
0 0.259969 0.367544 0.00337423 0.0508772
0 0.48819 0.292982 0.00337423 0.0491228
0 0.444939 0.771053 0.00582822 0.0859649
0 0.431135 0.491228 0.00337423 0.0596491
0 0.621319 0.504386 0.00460123 0.0719298
0 0.443865 0.360526 0.00368098 0.0578947
0 0.482362 0.471053 0.00398773 0.0649123
0 0.668405 0.535965 0.00490798 0.0754386
0 0.433742 0.453509 0.00429448 0.054386
