0 0.721472 0.351754 0.00368098 0.0578947
0 0.419939 0.505263 0.00429448 0.077193
0 0.452761 0.181579 0.00245399 0.0403509
0 0.550153 0.44386 0.00521472 0.0666667
0 0.616104 0.324561 0.00337423 0.0526316
0 0.553528 0.442982 0.00521472 0.0684211
0 0.424847 0.599123 0.00490798 0.0859649
0 0.525307 0.378947 0.00398773 0.0596491
0 0.541104 0.212281 0.00245399 0.0421053
0 0.419018 0.548246 0.00490798 0.0754386
0 0.257669 0.350877 0.00368098 0.0561404
0 0.438804 0.363158 0.00337423 0.0596491
0 0.440184 0.271053 0.00306748 0.0473684
0 0.492178 0.253509 0.00276074 0.0473684
0 0.463344 0.465789 0.00398773 0.0719298
0 0.488804 0.407895 0.00398773 0.054386
0 0.495245 0.482456 0.00460123 0.0701754
0 0.628374 0.486842 0.00460123 0.0719298
0 0.596012 0.55 0.00490798 0.0754386
0 0.478988 0.321053 0.00337423 0.0526316
0 0.375614 0.7 0.00644172 0.0912281
0 0.529294 0.581579 0.00521472 0.0719298
0 0.455215 0.662281 0.00674847 0.0859649
