0 0.231442 0.568421 0.00521472 0.0666667
0 0.360276 0.309649 0.00337423 0.0508772
0 0.571932 0.572807 0.00582822 0.0929825
0 0.703681 0.358772 0.00368098 0.0578947
0 0.516871 0.360526 0.00368098 0.0578947
0 0.179908 0.822807 0.00705521 0.0982456
0 0.366718 0.281579 0.00337423 0.0473684
0 0.224386 0.773684 0.00705521 0.0912281
0 0.475 0.65 0.00398773 0.0789474
0 0.387117 0.384211 0.00368098 0.0526316
0 0.506748 0.278947 0.00306748 0.0491228
0 0.410276 0.441228 0.00398773 0.0684211
0 0.206902 0.385965 0.00337423 0.0561404
0 0.335429 0.385088 0.00337423 0.0578947
0 0.559816 0.357895 0.00368098 0.0561404
0 0.471626 0.564912 0.00521472 0.0631579
0 0.432822 0.605263 0.00552147 0.0842105
0 0.406288 0.476316 0.00398773 0.0789474
0 0.426687 0.459649 0.00429448 0.0666667
0 0.520092 0.234211 0.00398773 0.0368421
0 0.479448 0.692105 0.00613497 0.0894737
0 0.590184 0.588596 0.00552147 0.0789474
0 0.292791 0.549123 0.00460123 0.0701754
