0 0.490337 0.678947 0.00582822 0.0842105
0 0.698006 0.368421 0.00398773 0.0596491
0 0.360429 0.310526 0.00306748 0.0526316
0 0.196779 0.407018 0.00398773 0.0561404
0 0.170092 0.618421 0.00582822 0.0859649
0 0.551227 0.387719 0.00368098 0.0596491
0 0.365491 0.302632 0.00337423 0.0508772
0 0.503528 0.294737 0.00337423 0.0526316
0 0.48819 0.668421 0.00460123 0.0736842
0 0.506442 0.37193 0.00368098 0.0596491
0 0.491871 0.692982 0.00521472 0.0877193
0 0.39908 0.466667 0.00429448 0.0631579
0 0.325 0.392105 0.00337423 0.0614035
0 0.4 0.634211 0.00490798 0.0859649
0 0.204755 0.783333 0.00644172 0.103509
0 0.405828 0.62193 0.00552147 0.0824561
0 0.264417 0.576316 0.00613497 0.0754386
0 0.292178 0.730702 0.00644172 0.0929825
0 0.366564 0.425439 0.00429448 0.0614035
0 0.553528 0.573684 0.00521472 0.0807018
0 0.417945 0.464035 0.00460123 0.0824561
0 0.42592 0.480702 0.00460123 0.0701754
0 0.516564 0.264912 0.00429448 0.0385965
0 0.572699 0.619298 0.00552147 0.0807018
