0 0.383129 0.512281 0.00429448 0.0491228
0 0.447546 0.286842 0.00306748 0.0508772
0 0.321012 0.686842 0.00460123 0.0754386
0 0.519939 0.188596 0.00245399 0.0368421
0 0.46319 0.411404 0.00245399 0.054386
0 0.548006 0.34386 0.00337423 0.0561404
0 0.246166 0.374561 0.00337423 0.054386
0 0.735583 0.354386 0.00368098 0.0561404
0 0.472086 0.323684 0.00306748 0.0473684
0 0.60092 0.296491 0.00306748 0.0526316
0 0.538037 0.270175 0.00306748 0.0491228
0 0.497086 0.642982 0.00398773 0.0824561
0 0.530215 0.551754 0.00521472 0.0754386
0 0.447393 0.202632 0.00337423 0.0403509
0 0.558896 0.503509 0.00490798 0.0701754
0 0.631288 0.553509 0.00490798 0.0754386
0 0.312117 0.711403 0.00582822 0.0929825
0 0.467331 0.429825 0.00398773 0.0526316
0 0.41365 0.388597 0.00398773 0.054386
0 0.458589 0.472807 0.00368098 0.0719298
0 0.652454 0.608772 0.00552147 0.0842105
0 0.557055 0.707018 0.00613497 0.0842105
0 0.403374 0.496491 0.00490798 0.0666667
