0 0.424847 0.292105 0.00306748 0.0508772
0 0.720245 0.364035 0.00368098 0.0578947
0 0.406748 0.581579 0.00490798 0.0824561
0 0.412577 0.599123 0.00490798 0.0824561
0 0.536656 0.221053 0.00276074 0.0421053
0 0.483589 0.267544 0.00276074 0.0473684
0 0.53727 0.485088 0.00460123 0.0578947
0 0.463037 0.488596 0.00460123 0.0614035
0 0.617791 0.515789 0.00490798 0.0736842
0 0.413037 0.415789 0.00398773 0.0631579
0 0.452607 0.472807 0.00337423 0.0614035
0 0.522546 0.423684 0.00398773 0.0649123
0 0.470706 0.342982 0.00337423 0.054386
0 0.616718 0.326316 0.00337423 0.0561404
0 0.252301 0.366667 0.00337423 0.0561404
0 0.421472 0.539474 0.00490798 0.0754386
0 0.446166 0.197368 0.00460123 0.0578947
0 0.499693 0.552632 0.00490798 0.077193
0 0.542638 0.536842 0.00490798 0.077193
0 0.517945 0.651754 0.00582822 0.0824561
0 0.344172 0.677193 0.00613497 0.0877193
0 0.615337 0.596491 0.00552147 0.0842105
0 0.472393 0.713158 0.00674847 0.0859649
