0 0.694785 0.369298 0.00368098 0.0614035
0 0.356595 0.334211 0.00337423 0.054386
0 0.316718 0.431579 0.00398773 0.0666667
0 0.502607 0.680702 0.00521472 0.0982456
0 0.170399 0.649123 0.00582822 0.0842105
0 0.491564 0.314035 0.00337423 0.0561404
0 0.355061 0.659649 0.00398773 0.0842105
0 0.492791 0.647368 0.00644172 0.0912281
0 0.36411 0.331579 0.00306748 0.0491228
0 0.190951 0.421053 0.00398773 0.0596491
0 0.537577 0.428947 0.00398773 0.0649123
0 0.398466 0.52193 0.00490798 0.0719298
0 0.367638 0.65 0.00460123 0.0859649
0 0.221319 0.779825 0.00705521 0.1
0 0.493405 0.4 0.00398773 0.0631579
0 0.552607 0.671053 0.00582822 0.0894737
0 0.503221 0.307018 0.00337423 0.045614
0 0.378067 0.511404 0.00460123 0.0684211
0 0.344479 0.458772 0.00429448 0.0649123
0 0.536656 0.586842 0.00521472 0.0789474
0 0.327301 0.715789 0.00613497 0.0947368
0 0.423313 0.485088 0.00429448 0.0754386
0 0.23589 0.599123 0.00674847 0.0789474
