0 0.509356 0.719298 0.00460123 0.0842105
0 0.537883 0.404386 0.00398773 0.0578947
0 0.568405 0.187719 0.00245399 0.0385965
0 0.490491 0.247368 0.00245399 0.045614
0 0.516104 0.728947 0.00521472 0.0929825
0 0.759969 0.37193 0.00337423 0.0596491
0 0.672546 0.262281 0.00276074 0.0473684
0 0.632669 0.757018 0.00521472 0.0964912
0 0.638957 0.614035 0.00552147 0.0736842
0 0.781595 0.617544 0.00552147 0.0807018
0 0.457975 0.529825 0.00306748 0.0666667
0 0.720092 0.557018 0.00521472 0.0578947
0 0.626534 0.400877 0.00398773 0.0649123
0 0.570092 0.257895 0.00276074 0.045614
0 0.489571 0.196491 0.00245399 0.0421053
0 0.476994 0.373684 0.00368098 0.0596491
0 0.463497 0.524561 0.00429448 0.0596491
0 0.520859 0.357018 0.00368098 0.054386
0 0.638037 0.731579 0.00674847 0.0912281
0 0.652761 0.609649 0.00552147 0.0859649
0 0.619172 0.415789 0.00398773 0.0631579
0 0.274386 0.367544 0.00398773 0.054386
0 0.536963 0.467544 0.00460123 0.0719298
