0 0.494479 0.234211 0.00245399 0.0438596
0 0.638804 0.340351 0.00337423 0.0526316
0 0.581135 0.487719 0.00460123 0.0666667
0 0.755828 0.542105 0.00490798 0.077193
0 0.569939 0.239474 0.00245399 0.0438596
0 0.56181 0.178947 0.00337423 0.0421053
0 0.757669 0.377193 0.00368098 0.0596491
0 0.457515 0.464035 0.00337423 0.0684211
0 0.619939 0.35614 0.00368098 0.0561404
0 0.674387 0.24386 0.00276074 0.045614
0 0.672546 0.474561 0.00460123 0.0614035
0 0.479294 0.350877 0.00337423 0.0561404
0 0.535276 0.445614 0.00429448 0.0631579
0 0.46273 0.455263 0.00398773 0.0614035
0 0.278834 0.365789 0.00368098 0.0508772
0 0.533742 0.351754 0.00368098 0.054386
0 0.493252 0.182456 0.00368098 0.0491228
0 0.471626 0.657895 0.00582822 0.0701754
0 0.509049 0.342105 0.00337423 0.0526316
0 0.680982 0.773684 0.00674847 0.0982456
0 0.620706 0.507018 0.00460123 0.0701754
0 0.636656 0.659649 0.00582822 0.077193
0 0.47316 0.734211 0.00644172 0.1
