0 0.558896 0.270175 0.00306748 0.0385965
0 0.457209 0.560526 0.00521472 0.0508772
0 0.57454 0.205263 0.00245399 0.045614
0 0.650613 0.3 0.00306748 0.0526316
0 0.633589 0.580702 0.00521472 0.0526316
0 0.595706 0.42193 0.00429448 0.0614035
0 0.465644 0.278947 0.00306748 0.0491228
0 0.524847 0.695614 0.00490798 0.0929825
0 0.572546 0.614035 0.00521472 0.0807018
0 0.493865 0.366667 0.00368098 0.045614
0 0.746166 0.363158 0.00398773 0.0596491
0 0.581288 0.45 0.00429448 0.0614035
0 0.479448 0.207018 0.00245399 0.0421053
0 0.443712 0.402632 0.00398773 0.0614035
0 0.706442 0.602632 0.00552147 0.0789474
0 0.440491 0.658772 0.00613497 0.0789474
0 0.714877 0.577193 0.00582822 0.0877193
0 0.510583 0.442105 0.00521472 0.0631579
0 0.263037 0.374561 0.00337423 0.054386
0 0.470245 0.538597 0.00490798 0.0701754
0 0.483896 0.714035 0.00582822 0.0842105
0 0.519939 0.44386 0.00368098 0.0596491
0 0.551227 0.698246 0.00613497 0.077193
