0 0.360276 0.314035 0.00337423 0.0526316
0 0.696319 0.371053 0.00368098 0.0614035
0 0.389877 0.638596 0.00552147 0.0842105
0 0.393098 0.631579 0.00582822 0.0842105
0 0.49954 0.297368 0.00337423 0.0508772
0 0.548313 0.399123 0.00398773 0.0614035
0 0.192178 0.416667 0.00337423 0.0508772
0 0.321626 0.400877 0.00337423 0.0614035
0 0.498313 0.684211 0.00521472 0.0912281
0 0.301994 0.715789 0.00582822 0.0912281
0 0.502454 0.377193 0.00368098 0.0596491
0 0.418252 0.487719 0.00460123 0.0701754
0 0.512423 0.281579 0.00337423 0.0473684
0 0.365337 0.309649 0.00306748 0.0508772
0 0.393712 0.478947 0.00460123 0.0666667
0 0.158589 0.630702 0.00552147 0.0719298
0 0.207515 0.784211 0.00644172 0.101754
0 0.494325 0.669298 0.00460123 0.0789474
0 0.356442 0.436842 0.00429448 0.0631579
0 0.421933 0.464035 0.00460123 0.0789474
0 0.548313 0.574561 0.00521472 0.0789474
0 0.568405 0.634211 0.00552147 0.0824561
0 0.252914 0.581579 0.00644172 0.0754386
