0 0.532975 0.423684 0.00398773 0.054386
0 0.468712 0.615789 0.00490798 0.0701754
0 0.483896 0.264035 0.00276074 0.0473684
0 0.497853 0.627193 0.00613497 0.0754386
0 0.660123 0.609649 0.00552147 0.0789474
0 0.515951 0.364035 0.00368098 0.054386
0 0.469325 0.390351 0.00368098 0.0614035
0 0.663957 0.280702 0.00337423 0.0491228
0 0.57362 0.194737 0.00245399 0.0421053
0 0.603067 0.44386 0.00429448 0.0666667
0 0.615184 0.421053 0.00398773 0.0596491
0 0.755215 0.366667 0.00368098 0.0596491
0 0.532515 0.460526 0.00429448 0.0684211
0 0.486963 0.202632 0.00276074 0.0438596
0 0.568098 0.265789 0.00306748 0.0473684
0 0.593865 0.697368 0.00613497 0.0789474
0 0.51319 0.60614 0.00674847 0.0859649
0 0.476227 0.60614 0.00460123 0.0754386
0 0.615798 0.628947 0.00582822 0.0824561
0 0.755215 0.617544 0.00552147 0.0842105
0 0.570092 0.691228 0.00460123 0.0877193
0 0.717331 0.59386 0.00521472 0.0789474
0 0.270706 0.369298 0.00398773 0.054386
