0 0.634663 0.348246 0.00368098 0.054386
0 0.493558 0.239474 0.00245399 0.0438596
0 0.454448 0.478947 0.00337423 0.0666667
0 0.568252 0.248246 0.00276074 0.0438596
0 0.757975 0.374561 0.00368098 0.0614035
0 0.67408 0.246491 0.00276074 0.0473684
0 0.764417 0.558772 0.00490798 0.0719298
0 0.619018 0.368421 0.00368098 0.0596491
0 0.562423 0.180702 0.00337423 0.0421053
0 0.591718 0.519298 0.00490798 0.0736842
0 0.684816 0.49386 0.00460123 0.0649123
0 0.477454 0.358772 0.00337423 0.0578947
0 0.472546 0.679825 0.00582822 0.0719298
0 0.458129 0.468421 0.00398773 0.0596491
0 0.492025 0.185965 0.00368098 0.045614
0 0.51089 0.348246 0.00337423 0.0508772
0 0.533742 0.367544 0.00368098 0.054386
0 0.679601 0.785088 0.00705521 0.1
0 0.627607 0.52807 0.00490798 0.077193
0 0.275767 0.365789 0.00368098 0.0508772
0 0.648466 0.714912 0.00613497 0.0859649
0 0.47638 0.747368 0.00674847 0.101754
0 0.535736 0.453509 0.00460123 0.0684211
