0 0.721933 0.325439 0.00337423 0.054386
0 0.602607 0.273684 0.00337423 0.0491228
0 0.472086 0.214035 0.00245399 0.0421053
0 0.490491 0.409649 0.00368098 0.0614035
0 0.556135 0.34386 0.00368098 0.0561404
0 0.484969 0.285088 0.00306748 0.0508772
0 0.457055 0.408772 0.00368098 0.0631579
0 0.51227 0.222807 0.00306748 0.0421053
0 0.553528 0.382456 0.00337423 0.0526316
0 0.479755 0.471053 0.00429448 0.0649123
0 0.495092 0.348246 0.00368098 0.0578947
0 0.52592 0.166667 0.00276074 0.0421053
0 0.541411 0.309649 0.00306748 0.054386
0 0.466104 0.39386 0.00398773 0.0614035
0 0.471779 0.170175 0.00306748 0.0385965
0 0.467791 0.286842 0.00306748 0.0508772
0 0.51411 0.260526 0.00368098 0.0438596
0 0.631442 0.40614 0.00398773 0.0614035
0 0.275307 0.34386 0.00398773 0.0561404
0 0.521472 0.20614 0.00368098 0.0438596
0 0.448926 0.629825 0.00521472 0.0842105
0 0.445399 0.517544 0.00429448 0.0666667
0 0.555215 0.722807 0.00613497 0.0947368
