0 0.720245 0.362281 0.00368098 0.0578947
0 0.423313 0.296491 0.00306748 0.0526316
0 0.536503 0.221053 0.00245399 0.0421053
0 0.469172 0.345614 0.00337423 0.0491228
0 0.483896 0.264912 0.00276074 0.0421053
0 0.618252 0.52193 0.00521472 0.0754386
0 0.410123 0.422807 0.00429448 0.0631579
0 0.53635 0.484211 0.00460123 0.0561404
0 0.460429 0.492105 0.00490798 0.0649123
0 0.403374 0.588596 0.00552147 0.0859649
0 0.616718 0.326316 0.00337423 0.0561404
0 0.452454 0.472807 0.00368098 0.0614035
0 0.41089 0.596491 0.00521472 0.0807018
0 0.522393 0.428947 0.00429448 0.0649123
0 0.422393 0.536842 0.00490798 0.0736842
0 0.498773 0.557018 0.00490798 0.0789474
0 0.252301 0.366667 0.00337423 0.0526316
0 0.341871 0.680702 0.00582822 0.0842105
0 0.445859 0.198246 0.00460123 0.0561404
0 0.541411 0.549123 0.00490798 0.0736842
0 0.51365 0.652632 0.00582822 0.0842105
0 0.616258 0.595614 0.00552147 0.0824561
0 0.47362 0.714912 0.00674847 0.0894737
