0 0.495245 0.318421 0.00337423 0.0473684
0 0.509969 0.164035 0.00276074 0.0438596
0 0.439724 0.458772 0.00398773 0.0649123
0 0.470706 0.335965 0.00337423 0.0578947
0 0.53727 0.392982 0.00337423 0.0561404
0 0.489724 0.267544 0.00276074 0.0473684
0 0.733742 0.350877 0.00368098 0.0561404
0 0.478988 0.449123 0.00398773 0.0666667
0 0.485736 0.429825 0.00398773 0.0596491
0 0.514877 0.232456 0.00276074 0.0438596
0 0.603988 0.283333 0.00306748 0.0508772
0 0.44954 0.331579 0.00337423 0.0526316
0 0.584816 0.452632 0.00398773 0.0596491
0 0.440798 0.42807 0.00429448 0.0631579
0 0.466411 0.242105 0.00276074 0.045614
0 0.258589 0.357018 0.00306748 0.0473684
0 0.540951 0.335965 0.00337423 0.054386
0 0.635276 0.453509 0.00429448 0.0649123
0 0.46411 0.183333 0.00245399 0.0368421
0 0.435736 0.646491 0.00582822 0.0649123
0 0.533742 0.667544 0.00552147 0.0859649
0 0.57638 0.751754 0.00674847 0.0894737
0 0.433589 0.755263 0.00705521 0.1
