0 0.471933 0.221053 0.00276074 0.045614
0 0.519785 0.214912 0.00276074 0.0403509
0 0.603988 0.272807 0.00306748 0.0508772
0 0.505982 0.234211 0.00276074 0.0403509
0 0.483896 0.420175 0.00398773 0.0649123
0 0.520859 0.165789 0.00306748 0.0473684
0 0.482362 0.294737 0.00337423 0.0526316
0 0.453067 0.409649 0.00368098 0.0614035
0 0.554601 0.391228 0.00368098 0.0596491
0 0.723159 0.32807 0.00337423 0.0561404
0 0.465337 0.295614 0.00306748 0.0508772
0 0.62684 0.415789 0.00398773 0.0666667
0 0.552147 0.348246 0.00368098 0.0578947
0 0.463804 0.405263 0.00368098 0.0631579
0 0.509356 0.27193 0.00337423 0.0421053
0 0.493252 0.364035 0.00368098 0.0578947
0 0.489417 0.494737 0.00460123 0.0596491
0 0.544018 0.314912 0.00337423 0.054386
0 0.272853 0.347368 0.00337423 0.0491228
0 0.472699 0.171053 0.00306748 0.0403509
0 0.566718 0.731579 0.00644172 0.0912281
0 0.448466 0.653509 0.00552147 0.0859649
0 0.444018 0.534211 0.00398773 0.0649123
