0 0.531748 0.274561 0.00337423 0.0508772
0 0.259049 0.323684 0.00398773 0.0578947
0 0.457975 0.199123 0.00245399 0.0368421
0 0.493712 0.171053 0.00276074 0.0403509
0 0.517025 0.246491 0.00276074 0.0438596
0 0.528988 0.273684 0.00337423 0.0526316
0 0.452914 0.330702 0.00276074 0.054386
0 0.731135 0.32807 0.00337423 0.0561404
0 0.539724 0.330702 0.00337423 0.054386
0 0.398926 0.422807 0.00398773 0.0631579
0 0.446626 0.334211 0.00368098 0.054386
0 0.591104 0.286842 0.00306748 0.0508772
0 0.573466 0.237719 0.00276074 0.0473684
0 0.420399 0.242982 0.00276074 0.0473684
0 0.55092 0.353509 0.00368098 0.0578947
0 0.469632 0.282456 0.00306748 0.0491228
0 0.604755 0.357895 0.00337423 0.0596491
0 0.496166 0.318421 0.00337423 0.054386
0 0.555061 0.491228 0.00460123 0.0701754
0 0.53727 0.505263 0.00460123 0.0736842
0 0.52638 0.198246 0.00368098 0.045614
0 0.611963 0.483333 0.00429448 0.0684211
0 0.469018 0.715789 0.00613497 0.0877193
