0 0.529448 0.176316 0.00245399 0.0333333
0 0.51365 0.266667 0.00276074 0.045614
0 0.518098 0.309649 0.00429448 0.054386
0 0.424693 0.542982 0.00521472 0.0789474
0 0.582055 0.308772 0.00337423 0.0491228
0 0.504601 0.296491 0.00306748 0.045614
0 0.427914 0.558772 0.00490798 0.0789474
0 0.519325 0.372807 0.00368098 0.0614035
0 0.474693 0.424561 0.00398773 0.0666667
0 0.710276 0.323684 0.00337423 0.054386
0 0.566258 0.457895 0.00429448 0.0666667
0 0.505982 0.22193 0.00337423 0.0473684
0 0.437577 0.420175 0.00398773 0.0649123
0 0.440337 0.230702 0.00276074 0.0438596
0 0.623006 0.423684 0.00429448 0.0649123
0 0.457515 0.166667 0.00337423 0.0491228
0 0.496472 0.504386 0.00460123 0.0719298
0 0.538957 0.366667 0.00368098 0.0561404
0 0.272239 0.339474 0.00398773 0.0684211
0 0.454294 0.298246 0.00306748 0.0526316
0 0.484509 0.388597 0.00398773 0.0614035
0 0.415031 0.540351 0.00490798 0.077193
0 0.435276 0.682456 0.00613497 0.0877193
