0 0.499233 0.298246 0.00337423 0.045614
0 0.449693 0.440351 0.00368098 0.0666667
0 0.493405 0.25614 0.00276074 0.0421053
0 0.511656 0.162281 0.00306748 0.0473684
0 0.440798 0.604386 0.00490798 0.0684211
0 0.603067 0.279825 0.00306748 0.0508772
0 0.623773 0.441228 0.00398773 0.0649123
0 0.473466 0.323684 0.00337423 0.054386
0 0.57316 0.432456 0.00398773 0.054386
0 0.468865 0.236842 0.00276074 0.045614
0 0.515184 0.227193 0.00276074 0.0438596
0 0.478988 0.441228 0.00398773 0.0649123
0 0.539571 0.37193 0.00429448 0.0596491
0 0.542485 0.330702 0.00337423 0.054386
0 0.487423 0.40614 0.00368098 0.0578947
0 0.730061 0.34386 0.00368098 0.0561404
0 0.445399 0.419298 0.00429448 0.0666667
0 0.58819 0.740351 0.00644172 0.0842105
0 0.466871 0.17807 0.00306748 0.0368421
0 0.52454 0.592982 0.00490798 0.0666667
0 0.262423 0.351754 0.00398773 0.0508772
0 0.455368 0.318421 0.00337423 0.054386
0 0.434969 0.716667 0.00613497 0.0929825
