0 0.490184 0.162281 0.00245399 0.0403509
0 0.462117 0.195614 0.00276074 0.0403509
0 0.555521 0.314035 0.00368098 0.0491228
0 0.536963 0.266667 0.00337423 0.0526316
0 0.553221 0.328947 0.00337423 0.054386
0 0.45138 0.314912 0.00337423 0.054386
0 0.458129 0.322807 0.00337423 0.0526316
0 0.526074 0.251754 0.00306748 0.0508772
0 0.260736 0.316667 0.00429448 0.0684211
0 0.588344 0.277193 0.00306748 0.0491228
0 0.417945 0.229825 0.00276074 0.045614
0 0.572239 0.226316 0.00276074 0.045614
0 0.545399 0.277193 0.00306748 0.0491228
0 0.729908 0.32193 0.00337423 0.054386
0 0.475614 0.264035 0.00276074 0.0473684
0 0.498006 0.291228 0.00337423 0.0526316
0 0.600153 0.336842 0.00337423 0.0561404
0 0.404141 0.410526 0.00398773 0.0631579
0 0.614417 0.459649 0.00429448 0.0666667
0 0.53635 0.479825 0.00460123 0.0684211
0 0.464724 0.681579 0.00552147 0.0894737
0 0.510583 0.188596 0.00398773 0.0438596
0 0.574386 0.482456 0.00460123 0.0666667
