0 0.394632 0.511404 0.00460123 0.0508772
0 0.468558 0.412281 0.00276074 0.0561404
0 0.519632 0.188596 0.00245399 0.0368421
0 0.340031 0.688596 0.00521472 0.0824561
0 0.452454 0.284211 0.00306748 0.0526316
0 0.477761 0.319298 0.00337423 0.0491228
0 0.540798 0.271053 0.00306748 0.0473684
0 0.603988 0.294737 0.00306748 0.0491228
0 0.548926 0.34386 0.00337423 0.0561404
0 0.502301 0.644737 0.00521472 0.0929825
0 0.73727 0.354386 0.00337423 0.0561404
0 0.562117 0.50614 0.00460123 0.0719298
0 0.250767 0.375439 0.00337423 0.0526316
0 0.534202 0.548246 0.00521472 0.0754386
0 0.452607 0.2 0.00276074 0.0421053
0 0.56411 0.712281 0.00613497 0.0877193
0 0.472699 0.427193 0.00429448 0.054386
0 0.633129 0.549123 0.00490798 0.0736842
0 0.466564 0.473684 0.00368098 0.0701754
0 0.412117 0.494737 0.00460123 0.0666667
0 0.421319 0.389474 0.00398773 0.0561404
0 0.329908 0.710526 0.00582822 0.0982456
0 0.661043 0.612281 0.00552147 0.0842105
