0 0.407975 0.44386 0.00429448 0.0701754
0 0.359663 0.307018 0.00337423 0.0491228
0 0.702454 0.359649 0.00368098 0.0561404
0 0.221472 0.575439 0.00552147 0.0631579
0 0.366104 0.285965 0.00337423 0.0491228
0 0.205521 0.388597 0.00368098 0.0578947
0 0.186043 0.80614 0.00705521 0.0964912
0 0.236196 0.768421 0.00674847 0.0877193
0 0.514264 0.362281 0.00337423 0.0578947
0 0.383896 0.392982 0.00398773 0.0561404
0 0.333282 0.385088 0.00337423 0.0614035
0 0.506748 0.282456 0.00306748 0.0526316
0 0.461503 0.573684 0.00521472 0.0596491
0 0.567638 0.572807 0.00582822 0.0894737
0 0.587423 0.596491 0.00552147 0.0807018
0 0.476687 0.652632 0.00429448 0.0701754
0 0.557975 0.364035 0.00368098 0.0578947
0 0.408589 0.47193 0.00429448 0.077193
0 0.519632 0.237719 0.00368098 0.0368421
0 0.428528 0.458772 0.00429448 0.0649123
0 0.480828 0.691228 0.00582822 0.0877193
0 0.288804 0.552632 0.00460123 0.0701754
0 0.428221 0.611404 0.00552147 0.0824561
