0 0.386963 0.303509 0.00337423 0.0526316
0 0.215337 0.37193 0.00368098 0.0631579
0 0.470859 0.57807 0.00552147 0.0824561
0 0.471319 0.623684 0.00398773 0.0824561
0 0.51135 0.263158 0.00306748 0.045614
0 0.530982 0.350877 0.00368098 0.0561404
0 0.716564 0.35614 0.00368098 0.0561404
0 0.572853 0.323684 0.00337423 0.054386
0 0.18865 0.780702 0.00613497 0.0842105
0 0.415031 0.34386 0.00368098 0.0526316
0 0.425767 0.44386 0.00368098 0.0561404
0 0.505675 0.492982 0.00460123 0.0701754
0 0.421933 0.430702 0.00398773 0.0649123
0 0.351074 0.390351 0.00337423 0.0578947
0 0.492638 0.682456 0.00613497 0.0877193
0 0.182055 0.785088 0.00644172 0.0964912
0 0.321012 0.534211 0.00460123 0.0684211
0 0.286043 0.528947 0.00460123 0.0649123
0 0.379755 0.255263 0.00368098 0.0473684
0 0.609049 0.567544 0.00521472 0.0789474
0 0.522086 0.207018 0.00429448 0.0385965
0 0.598006 0.575439 0.00521472 0.0947368
0 0.398313 0.491228 0.00398773 0.0807018
