0 0.479601 0.268421 0.00276074 0.045614
0 0.526534 0.428947 0.00398773 0.054386
0 0.659202 0.285965 0.00306748 0.0526316
0 0.496319 0.574561 0.00490798 0.0754386
0 0.528988 0.447368 0.00398773 0.0631579
0 0.485429 0.20614 0.00276074 0.0438596
0 0.574233 0.199123 0.00245399 0.0438596
0 0.741718 0.608772 0.00552147 0.0701754
0 0.460429 0.633333 0.00552147 0.0736842
0 0.603221 0.619298 0.00582822 0.0631579
0 0.267791 0.372807 0.00368098 0.054386
0 0.477914 0.639474 0.00429448 0.0719298
0 0.75184 0.363158 0.00368098 0.0596491
0 0.508589 0.365789 0.00368098 0.054386
0 0.565644 0.269298 0.00306748 0.0473684
0 0.653528 0.598246 0.00521472 0.0736842
0 0.484202 0.592982 0.00521472 0.0701754
0 0.606902 0.42193 0.00398773 0.0649123
0 0.713804 0.598246 0.00552147 0.0807018
0 0.594939 0.44386 0.00460123 0.0666667
0 0.460276 0.392982 0.00398773 0.0596491
0 0.579908 0.696491 0.00644172 0.0842105
0 0.551994 0.685965 0.00460123 0.0877193
