0 0.509816 0.483333 0.00490798 0.054386
0 0.529908 0.247368 0.00276074 0.0350877
0 0.461196 0.25614 0.00276074 0.0421053
0 0.569939 0.726316 0.00613497 0.0877193
0 0.441564 0.732456 0.00521472 0.0929825
0 0.574693 0.738596 0.00705521 0.0807018
0 0.542025 0.347368 0.00368098 0.0561404
0 0.605215 0.289474 0.00306748 0.0526316
0 0.742331 0.360526 0.00368098 0.0578947
0 0.48681 0.359649 0.00306748 0.0526316
0 0.51135 0.173684 0.00306748 0.0421053
0 0.487577 0.292982 0.00337423 0.0491228
0 0.619785 0.501754 0.00460123 0.0666667
0 0.460429 0.192105 0.00245399 0.0368421
0 0.259202 0.368421 0.00368098 0.0491228
0 0.445092 0.769298 0.00613497 0.0894737
0 0.556595 0.468421 0.00460123 0.0701754
0 0.665951 0.525439 0.00490798 0.0754386
0 0.472239 0.371053 0.00398773 0.0614035
0 0.443558 0.360526 0.00368098 0.0578947
0 0.430521 0.491228 0.00337423 0.0596491
0 0.481902 0.469298 0.00368098 0.0649123
0 0.433129 0.451754 0.00429448 0.0578947
