0 0.521933 0.217544 0.00337423 0.045614
0 0.533436 0.301754 0.00306748 0.0491228
0 0.472239 0.203509 0.00276074 0.0421053
0 0.520092 0.197368 0.00276074 0.0403509
0 0.548926 0.382456 0.00337423 0.0561404
0 0.603067 0.274561 0.00306748 0.0473684
0 0.533436 0.163158 0.00245399 0.0385965
0 0.721319 0.316667 0.00337423 0.054386
0 0.519939 0.244737 0.00306748 0.0438596
0 0.464724 0.167544 0.00306748 0.0438596
0 0.548159 0.339474 0.00306748 0.0578947
0 0.48681 0.267544 0.00306748 0.0508772
0 0.46181 0.377193 0.00337423 0.0596491
0 0.493252 0.394737 0.00368098 0.0596491
0 0.467485 0.274561 0.00306748 0.0508772
0 0.475 0.454386 0.00398773 0.0666667
0 0.633589 0.408772 0.00398773 0.0631579
0 0.493558 0.329825 0.00306748 0.0561404
0 0.275307 0.339474 0.00398773 0.054386
0 0.451227 0.426316 0.00429448 0.0736842
0 0.44954 0.494737 0.00398773 0.0666667
0 0.439417 0.613158 0.00521472 0.0824561
0 0.53635 0.714035 0.00644172 0.0912281
