0 0.706288 0.363158 0.00398773 0.0596491
0 0.361963 0.307895 0.00306748 0.0473684
0 0.577301 0.57193 0.00552147 0.0947368
0 0.246319 0.559649 0.00490798 0.0701754
0 0.207669 0.783333 0.00674847 0.0859649
0 0.176994 0.839474 0.00674847 0.0754386
0 0.367025 0.278947 0.00337423 0.0491228
0 0.519939 0.358772 0.00368098 0.0578947
0 0.393252 0.369298 0.00368098 0.054386
0 0.208282 0.381579 0.00368098 0.0578947
0 0.507055 0.276316 0.00306748 0.0508772
0 0.593558 0.587719 0.00490798 0.0807018
0 0.56227 0.347368 0.00368098 0.0561404
0 0.338037 0.386842 0.00306748 0.0578947
0 0.425153 0.457018 0.00429448 0.0649123
0 0.473466 0.64386 0.00460123 0.0807018
0 0.440337 0.599123 0.00521472 0.0789474
0 0.480215 0.546491 0.00521472 0.0754386
0 0.403221 0.480702 0.00398773 0.0807018
0 0.412423 0.439474 0.00460123 0.0719298
0 0.520706 0.224561 0.00398773 0.0385965
0 0.29862 0.542982 0.00460123 0.0684211
0 0.478681 0.690351 0.00582822 0.0894737
