0 0.230368 0.57193 0.00490798 0.0666667
0 0.570859 0.573684 0.00552147 0.0912281
0 0.360276 0.309649 0.00337423 0.0508772
0 0.703681 0.360526 0.00368098 0.0578947
0 0.516871 0.360526 0.00368098 0.0578947
0 0.180215 0.819298 0.00705521 0.0947368
0 0.366718 0.281579 0.00337423 0.0473684
0 0.225 0.771053 0.00705521 0.0859649
0 0.410123 0.441228 0.00429448 0.0684211
0 0.38681 0.384211 0.00368098 0.0526316
0 0.470859 0.563158 0.00490798 0.0561404
0 0.559509 0.358772 0.00368098 0.0578947
0 0.206748 0.385965 0.00368098 0.0561404
0 0.475153 0.650877 0.00429448 0.077193
0 0.506748 0.279825 0.00306748 0.0508772
0 0.335123 0.383333 0.00337423 0.0578947
0 0.432822 0.604386 0.00552147 0.0824561
0 0.426994 0.459649 0.00429448 0.0666667
0 0.406595 0.475439 0.00398773 0.077193
0 0.479448 0.692105 0.00613497 0.0894737
0 0.589417 0.588596 0.00521472 0.0789474
0 0.520092 0.234211 0.00398773 0.0368421
0 0.292485 0.549123 0.00460123 0.0701754
