0 0.206135 0.387719 0.00368098 0.0596491
0 0.408282 0.445614 0.00429448 0.0736842
0 0.359969 0.309649 0.00337423 0.0508772
0 0.702761 0.360526 0.00368098 0.0578947
0 0.22408 0.573684 0.00521472 0.0666667
0 0.366258 0.285965 0.00306748 0.0491228
0 0.568405 0.572807 0.00613497 0.0894737
0 0.184202 0.809649 0.00705521 0.0929825
0 0.232669 0.770175 0.00705521 0.0842105
0 0.506748 0.281579 0.00306748 0.0508772
0 0.384663 0.388597 0.00368098 0.0578947
0 0.334049 0.384211 0.00306748 0.0596491
0 0.514724 0.362281 0.00368098 0.0578947
0 0.47638 0.651754 0.00429448 0.0719298
0 0.408129 0.47193 0.00398773 0.0807018
0 0.558282 0.361403 0.00368098 0.0596491
0 0.588037 0.59386 0.00552147 0.0789474
0 0.46365 0.574561 0.00521472 0.0719298
0 0.428374 0.611404 0.00521472 0.0824561
0 0.289724 0.551754 0.00460123 0.0684211
0 0.428221 0.459649 0.00429448 0.0666667
0 0.519632 0.235088 0.00368098 0.0385965
0 0.480368 0.692105 0.00613497 0.0894737
