0 0.426227 0.310526 0.00337423 0.0491228
0 0.401687 0.662281 0.00644172 0.0894737
0 0.518098 0.263158 0.00306748 0.045614
0 0.386196 0.695614 0.00613497 0.0894737
0 0.728221 0.360526 0.00368098 0.0578947
0 0.385736 0.568421 0.00521472 0.045614
0 0.555368 0.223684 0.00276074 0.0403509
0 0.490184 0.625439 0.00552147 0.0859649
0 0.446012 0.539474 0.00490798 0.0578947
0 0.622239 0.320175 0.00337423 0.054386
0 0.396933 0.437719 0.00429448 0.0649123
0 0.460276 0.354386 0.00337423 0.0526316
0 0.558589 0.426316 0.00368098 0.0596491
0 0.541258 0.468421 0.00398773 0.0666667
0 0.246626 0.384211 0.00306748 0.0491228
0 0.452914 0.214035 0.00276074 0.045614
0 0.457209 0.741228 0.00582822 0.0719298
0 0.56411 0.560526 0.00490798 0.0719298
0 0.469172 0.752632 0.00521472 0.0842105
0 0.435276 0.539474 0.00490798 0.0754386
0 0.469479 0.461404 0.00398773 0.0631579
0 0.674233 0.620175 0.00552147 0.0789474
0 0.651227 0.545614 0.00429448 0.077193
