0 0.565644 0.218421 0.00245399 0.0403509
0 0.439264 0.292982 0.00306748 0.045614
0 0.593098 0.570175 0.00521472 0.0526316
0 0.534202 0.262281 0.00276074 0.0403509
0 0.733589 0.361403 0.00398773 0.0596491
0 0.633282 0.314912 0.00337423 0.054386
0 0.481135 0.730702 0.00705521 0.0789474
0 0.573466 0.423684 0.00398773 0.0614035
0 0.690951 0.614035 0.00521472 0.0701754
0 0.557362 0.461404 0.00429448 0.0666667
0 0.418712 0.699123 0.00613497 0.0754386
0 0.409049 0.562281 0.00521472 0.0684211
0 0.469172 0.484211 0.00460123 0.0491228
0 0.524847 0.623684 0.00552147 0.0719298
0 0.463957 0.209649 0.00276074 0.0438596
0 0.466564 0.358772 0.00368098 0.054386
0 0.410276 0.422807 0.00398773 0.0596491
0 0.490798 0.453509 0.00368098 0.0614035
0 0.251534 0.379825 0.00306748 0.0508772
0 0.467945 0.761404 0.00582822 0.0842105
0 0.435429 0.521053 0.00521472 0.0701754
0 0.456135 0.688596 0.00674847 0.0929825
0 0.67454 0.559649 0.00429448 0.077193
