0 0.187883 0.602632 0.00582822 0.0754386
0 0.360583 0.30614 0.00337423 0.0508772
0 0.699233 0.364912 0.00398773 0.0596491
0 0.578374 0.610526 0.00582822 0.0842105
0 0.275 0.572807 0.00521472 0.0684211
0 0.483436 0.667544 0.00429448 0.0754386
0 0.403067 0.460526 0.00429448 0.0649123
0 0.48681 0.692105 0.00552147 0.0859649
0 0.553681 0.380702 0.00368098 0.0596491
0 0.199387 0.403509 0.00429448 0.0631579
0 0.505828 0.290351 0.00306748 0.0508772
0 0.365491 0.296491 0.00337423 0.0526316
0 0.428988 0.47193 0.00398773 0.0631579
0 0.37408 0.414912 0.00398773 0.0614035
0 0.509202 0.368421 0.00368098 0.0596491
0 0.275613 0.742105 0.00644172 0.0947368
0 0.327761 0.387719 0.00337423 0.0631579
0 0.558436 0.572807 0.00521472 0.0824561
0 0.425153 0.604386 0.00552147 0.0754386
0 0.19908 0.785965 0.00674847 0.101754
0 0.517945 0.25614 0.00398773 0.0385965
0 0.410276 0.626316 0.00521472 0.0842105
0 0.414877 0.464912 0.00398773 0.0807018
