0 0.494785 0.227193 0.00245399 0.0438596
0 0.56365 0.177193 0.00337423 0.0421053
0 0.466411 0.439474 0.00337423 0.0614035
0 0.563344 0.440351 0.00398773 0.0561404
0 0.646319 0.314912 0.00306748 0.0508772
0 0.655982 0.435088 0.00398773 0.0561404
0 0.621472 0.334211 0.00368098 0.054386
0 0.756748 0.365789 0.00368098 0.0578947
0 0.572853 0.232456 0.00276074 0.0438596
0 0.614264 0.579825 0.00521472 0.0614035
0 0.495552 0.179825 0.00337423 0.0473684
0 0.676227 0.238596 0.00276074 0.045614
0 0.482975 0.340351 0.00337423 0.0561404
0 0.478988 0.625439 0.00582822 0.0859649
0 0.535276 0.426316 0.00368098 0.0526316
0 0.754294 0.541228 0.00490798 0.0719298
0 0.533896 0.325439 0.00337423 0.0473684
0 0.606288 0.470175 0.00460123 0.0701754
0 0.470245 0.422807 0.00429448 0.0561404
0 0.505675 0.336842 0.00337423 0.0526316
0 0.284049 0.364912 0.00368098 0.0526316
0 0.479908 0.707018 0.00644172 0.0982456
0 0.677454 0.755263 0.00644172 0.0964912
