0 0.398466 0.292105 0.00306748 0.0438596
0 0.516258 0.265789 0.00306748 0.0438596
0 0.42684 0.336842 0.00337423 0.0385965
0 0.220092 0.361403 0.00398773 0.0596491
0 0.719939 0.35614 0.00368098 0.0596491
0 0.517331 0.485088 0.00460123 0.0614035
0 0.534356 0.35 0.00368098 0.0578947
0 0.577914 0.314912 0.00306748 0.054386
0 0.391564 0.246491 0.00337423 0.0438596
0 0.426687 0.425439 0.00429448 0.0614035
0 0.430368 0.44386 0.00368098 0.0561404
0 0.500307 0.687719 0.00613497 0.0877193
0 0.481902 0.575439 0.00490798 0.0807018
0 0.61365 0.565789 0.00521472 0.0754386
0 0.474693 0.626316 0.00398773 0.0877193
0 0.190031 0.785088 0.00644172 0.0894737
0 0.359049 0.390351 0.00337423 0.0578947
0 0.202147 0.755263 0.00613497 0.0859649
0 0.30046 0.52193 0.00460123 0.0684211
0 0.333129 0.531579 0.00490798 0.0701754
0 0.522086 0.203509 0.00429448 0.0385965
0 0.605982 0.581579 0.00521472 0.0929825
0 0.403221 0.488596 0.00398773 0.0754386
