0 0.519172 0.215789 0.00276074 0.045614
0 0.472086 0.221053 0.00245399 0.045614
0 0.504448 0.235088 0.00276074 0.0385965
0 0.723773 0.328947 0.00337423 0.054386
0 0.46319 0.408772 0.00368098 0.0631579
0 0.481748 0.296491 0.00337423 0.0526316
0 0.482975 0.42193 0.00398773 0.0649123
0 0.603988 0.272807 0.00306748 0.0508772
0 0.551227 0.352632 0.00368098 0.0596491
0 0.508436 0.277193 0.00337423 0.0421053
0 0.492945 0.367544 0.00368098 0.0578947
0 0.520092 0.166667 0.00276074 0.045614
0 0.451994 0.408772 0.00398773 0.0631579
0 0.464571 0.295614 0.00337423 0.0508772
0 0.626534 0.419298 0.00398773 0.0666667
0 0.554755 0.396491 0.00398773 0.0561404
0 0.492485 0.503509 0.00460123 0.0631579
0 0.272086 0.348246 0.00368098 0.0508772
0 0.472393 0.169298 0.00306748 0.0403509
0 0.544172 0.315789 0.00368098 0.0561404
0 0.569939 0.734211 0.00674847 0.0929825
0 0.444018 0.535965 0.00398773 0.0649123
0 0.448313 0.65614 0.00521472 0.0842105
