0 0.710123 0.360526 0.00368098 0.0578947
0 0.372853 0.305263 0.00337423 0.0526316
0 0.180982 0.811404 0.00613497 0.0929825
0 0.524233 0.355263 0.00368098 0.0578947
0 0.265491 0.55 0.00521472 0.0789474
0 0.508129 0.268421 0.00276074 0.045614
0 0.491104 0.516667 0.00490798 0.0719298
0 0.567025 0.334211 0.00337423 0.054386
0 0.424387 0.445614 0.00337423 0.0526316
0 0.209969 0.376316 0.00337423 0.0578947
0 0.403067 0.354386 0.00368098 0.0561404
0 0.454908 0.586842 0.00490798 0.0754386
0 0.186963 0.785088 0.00828221 0.103509
0 0.308129 0.539474 0.00460123 0.0684211
0 0.369325 0.270175 0.00368098 0.045614
0 0.470092 0.635088 0.00460123 0.0807018
0 0.601074 0.577193 0.00521472 0.0807018
0 0.521626 0.213158 0.00398773 0.0368421
0 0.343712 0.389474 0.00337423 0.0596491
0 0.483896 0.686842 0.00582822 0.0894737
0 0.39908 0.487719 0.00368098 0.077193
0 0.416258 0.435088 0.00429448 0.0701754
0 0.587423 0.575439 0.00552147 0.0982456
