0 0.515951 0.69386 0.00552147 0.0789474
0 0.538037 0.405263 0.00368098 0.0526316
0 0.570245 0.187719 0.00245399 0.0385965
0 0.460583 0.545614 0.00337423 0.0666667
0 0.490031 0.251754 0.00276074 0.0438596
0 0.671012 0.266667 0.00276074 0.045614
0 0.759816 0.370175 0.00368098 0.0596491
0 0.48911 0.196491 0.00276074 0.0421053
0 0.570092 0.261404 0.00276074 0.045614
0 0.467638 0.54386 0.00398773 0.0561404
0 0.625153 0.411404 0.00368098 0.0649123
0 0.524847 0.703509 0.00674847 0.0982456
0 0.637423 0.62193 0.00552147 0.0684211
0 0.617331 0.426316 0.00398773 0.0666667
0 0.624693 0.715789 0.00644172 0.0912281
0 0.47638 0.375439 0.00368098 0.0596491
0 0.779141 0.628947 0.00552147 0.0789474
0 0.521779 0.357018 0.00368098 0.054386
0 0.612117 0.74386 0.00521472 0.0947368
0 0.658896 0.617544 0.00552147 0.0842105
0 0.722546 0.575439 0.00521472 0.0807018
0 0.273773 0.369298 0.00398773 0.054386
0 0.535429 0.466667 0.00460123 0.0701754
