0 0.448926 0.202632 0.00276074 0.0403509
0 0.531442 0.25 0.00337423 0.0438596
0 0.529294 0.237719 0.00276074 0.0438596
0 0.529294 0.160526 0.00276074 0.0403509
0 0.482975 0.335088 0.00337423 0.0526316
0 0.508589 0.201754 0.00245399 0.0421053
0 0.447239 0.385965 0.00368098 0.0596491
0 0.495399 0.268421 0.00306748 0.045614
0 0.432515 0.492105 0.00368098 0.0719298
0 0.596012 0.265789 0.00306748 0.0473684
0 0.477301 0.396491 0.00429448 0.0631579
0 0.458282 0.276316 0.00306748 0.0508772
0 0.710583 0.311404 0.00337423 0.054386
0 0.615491 0.395614 0.00398773 0.0649123
0 0.526841 0.324561 0.00337423 0.0561404
0 0.454601 0.164912 0.00306748 0.045614
0 0.55138 0.419298 0.00398773 0.0631579
0 0.415951 0.557895 0.00490798 0.077193
0 0.266871 0.337719 0.00429448 0.0684211
0 0.477147 0.463158 0.00398773 0.0666667
0 0.506288 0.329825 0.00398773 0.0561404
0 0.424847 0.476316 0.00552147 0.0824561
0 0.48911 0.671053 0.00582822 0.0824561
