0 0.520399 0.24386 0.00276074 0.0315789
0 0.492945 0.47807 0.00429448 0.0614035
0 0.546472 0.439474 0.00398773 0.0649123
0 0.46089 0.192105 0.00276074 0.0368421
0 0.428528 0.485965 0.00368098 0.0701754
0 0.444325 0.726316 0.00705521 0.108772
0 0.485583 0.286842 0.00306748 0.0473684
0 0.540644 0.34386 0.00337423 0.0561404
0 0.469632 0.358772 0.00368098 0.0578947
0 0.73911 0.359649 0.00337423 0.0561404
0 0.461656 0.25 0.00245399 0.0438596
0 0.509816 0.170175 0.00306748 0.0421053
0 0.604294 0.287719 0.00306748 0.0526316
0 0.604448 0.485088 0.00460123 0.0614035
0 0.488497 0.345614 0.00337423 0.0526316
0 0.445706 0.757895 0.00613497 0.0912281
0 0.442791 0.349123 0.00337423 0.0526316
0 0.256288 0.364912 0.00337423 0.0491228
0 0.432975 0.442982 0.00460123 0.0649123
0 0.576994 0.745614 0.00613497 0.0912281
0 0.652914 0.500877 0.00460123 0.0719298
0 0.556748 0.718421 0.00613497 0.0894737
0 0.478834 0.465789 0.00368098 0.0684211
