0 0.184202 0.788597 0.00521472 0.0894737
0 0.181902 0.784211 0.00674847 0.0912281
0 0.498006 0.507895 0.00460123 0.0719298
0 0.463344 0.578947 0.00521472 0.077193
0 0.713497 0.357895 0.00368098 0.0596491
0 0.509509 0.265789 0.00306748 0.0473684
0 0.570399 0.32807 0.00337423 0.0561404
0 0.212117 0.37193 0.00337423 0.0596491
0 0.527301 0.353509 0.00368098 0.0578947
0 0.379755 0.307018 0.00306748 0.0526316
0 0.347393 0.389474 0.00337423 0.0561404
0 0.470092 0.628947 0.00460123 0.0824561
0 0.277147 0.534211 0.00460123 0.0649123
0 0.409049 0.346491 0.00337423 0.0508772
0 0.374233 0.261404 0.00368098 0.045614
0 0.424387 0.444737 0.00337423 0.054386
0 0.489264 0.685965 0.00613497 0.0877193
0 0.605061 0.573684 0.00521472 0.0807018
0 0.314571 0.535088 0.00460123 0.0701754
0 0.419325 0.434211 0.00429448 0.0684211
0 0.521933 0.209649 0.00398773 0.0368421
0 0.397699 0.489474 0.00398773 0.077193
0 0.593098 0.576316 0.00521472 0.0964912
