0 0.451074 0.42193 0.00582822 0.0684211
0 0.500153 0.295614 0.00337423 0.0438596
0 0.494785 0.25614 0.00306748 0.0421053
0 0.452914 0.433333 0.00398773 0.0701754
0 0.446166 0.415789 0.00398773 0.0631579
0 0.469785 0.235088 0.00276074 0.045614
0 0.512883 0.164912 0.00306748 0.0491228
0 0.603067 0.27807 0.00306748 0.0508772
0 0.47454 0.318421 0.00368098 0.054386
0 0.515798 0.226316 0.00276074 0.045614
0 0.728988 0.342105 0.00337423 0.0561404
0 0.479141 0.435965 0.00429448 0.0649123
0 0.623926 0.435965 0.00429448 0.0684211
0 0.543098 0.327193 0.00337423 0.054386
0 0.441564 0.594737 0.00460123 0.0701754
0 0.540951 0.365789 0.00398773 0.0578947
0 0.48819 0.403509 0.00398773 0.0596491
0 0.456902 0.313158 0.00337423 0.054386
0 0.569785 0.430702 0.00398773 0.0614035
0 0.467638 0.17807 0.00276074 0.0368421
0 0.520859 0.574561 0.00490798 0.0614035
0 0.589724 0.737719 0.00644172 0.0929825
0 0.263497 0.351754 0.00368098 0.0508772
0 0.43681 0.707895 0.00613497 0.0929825
