0 0.529448 0.164035 0.00245399 0.0403509
0 0.601534 0.276316 0.00306748 0.0508772
0 0.53819 0.307018 0.00337423 0.0526316
0 0.521472 0.203509 0.00368098 0.045614
0 0.472086 0.210526 0.00245399 0.0421053
0 0.721779 0.32193 0.00368098 0.054386
0 0.516411 0.221053 0.00337423 0.045614
0 0.486196 0.276316 0.00306748 0.0508772
0 0.456288 0.408772 0.00398773 0.0666667
0 0.468865 0.171053 0.00276074 0.0368421
0 0.556288 0.341228 0.00337423 0.054386
0 0.465031 0.385088 0.00368098 0.0614035
0 0.446626 0.508772 0.00368098 0.0631579
0 0.517178 0.253509 0.00368098 0.0438596
0 0.493405 0.401754 0.00398773 0.0631579
0 0.551534 0.376316 0.00368098 0.054386
0 0.467945 0.279825 0.00276074 0.0508772
0 0.635123 0.403509 0.00398773 0.0631579
0 0.494479 0.339474 0.00368098 0.0578947
0 0.47638 0.458772 0.00429448 0.0649123
0 0.27592 0.341228 0.00398773 0.054386
0 0.446779 0.619298 0.00582822 0.0842105
0 0.546933 0.721053 0.00613497 0.0912281
