0 0.515031 0.164035 0.00306748 0.0508772
0 0.497546 0.25 0.00245399 0.0403509
0 0.603067 0.276316 0.00306748 0.0508772
0 0.502147 0.288596 0.00306748 0.0403509
0 0.457209 0.423684 0.00398773 0.0614035
0 0.470706 0.229825 0.00276074 0.045614
0 0.476534 0.312281 0.00337423 0.0561404
0 0.478834 0.432456 0.00429448 0.0649123
0 0.727147 0.337719 0.00337423 0.054386
0 0.563957 0.417544 0.00398773 0.0491228
0 0.516871 0.22193 0.00245399 0.0438596
0 0.51227 0.548246 0.00490798 0.0578947
0 0.543865 0.360526 0.00429448 0.0578947
0 0.489264 0.392982 0.00368098 0.0596491
0 0.441258 0.569298 0.00398773 0.0614035
0 0.543712 0.324561 0.00337423 0.0561404
0 0.459663 0.307895 0.00337423 0.0508772
0 0.447546 0.414912 0.00368098 0.0614035
0 0.622699 0.438596 0.00429448 0.0666667
0 0.266258 0.35 0.00368098 0.0508772
0 0.469172 0.176316 0.00276074 0.0368421
0 0.587577 0.735088 0.00644172 0.0947368
0 0.440951 0.692982 0.00582822 0.0912281
