0 0.518712 0.239474 0.00245399 0.0298246
0 0.48911 0.476316 0.00460123 0.0614035
0 0.444632 0.729825 0.00705521 0.101754
0 0.544325 0.435088 0.00398773 0.0631579
0 0.428834 0.482456 0.00368098 0.0666667
0 0.462117 0.248246 0.00276074 0.0438596
0 0.46089 0.191228 0.00276074 0.0385965
0 0.485276 0.282456 0.00306748 0.045614
0 0.469325 0.354386 0.00368098 0.0596491
0 0.73819 0.358772 0.00337423 0.0578947
0 0.509509 0.169298 0.00306748 0.0438596
0 0.489264 0.341228 0.00306748 0.0508772
0 0.255675 0.364035 0.00337423 0.0473684
0 0.445706 0.757895 0.00613497 0.0912281
0 0.540184 0.344737 0.00368098 0.0578947
0 0.603988 0.287719 0.00306748 0.0526316
0 0.601074 0.481579 0.00460123 0.0578947
0 0.57638 0.75 0.00674847 0.0964912
0 0.442791 0.346491 0.00337423 0.054386
0 0.650153 0.492982 0.00460123 0.0701754
0 0.432975 0.442105 0.00460123 0.0631579
0 0.478528 0.464035 0.00368098 0.0684211
0 0.551534 0.716667 0.00613497 0.0894737
