0 0.189264 0.418421 0.00368098 0.054386
0 0.694479 0.370175 0.00368098 0.0596491
0 0.357209 0.32807 0.00337423 0.0526316
0 0.163037 0.646491 0.00582822 0.0789474
0 0.371319 0.65614 0.00398773 0.0807018
0 0.382822 0.504386 0.00490798 0.0649123
0 0.492485 0.309649 0.00337423 0.054386
0 0.364571 0.324561 0.00337423 0.0491228
0 0.316104 0.420175 0.00337423 0.0649123
0 0.498313 0.657895 0.00521472 0.0877193
0 0.494939 0.394737 0.00398773 0.0631579
0 0.539417 0.585965 0.00521472 0.0807018
0 0.378067 0.645614 0.00521472 0.0877193
0 0.345399 0.453509 0.00429448 0.0649123
0 0.401687 0.508772 0.00460123 0.0736842
0 0.503988 0.301754 0.00306748 0.045614
0 0.215031 0.783333 0.00674847 0.0964912
0 0.23681 0.594737 0.00674847 0.0736842
0 0.557515 0.665789 0.00582822 0.0859649
0 0.540031 0.424561 0.00398773 0.0631579
0 0.319632 0.713158 0.00613497 0.0929825
0 0.506902 0.678947 0.00521472 0.0982456
0 0.423466 0.479825 0.00460123 0.0754386
