0 0.579295 0.294737 0.00337423 0.0491228
0 0.52592 0.174561 0.00214724 0.0298246
0 0.51135 0.274561 0.00368098 0.0438596
0 0.424847 0.535088 0.00490798 0.077193
0 0.475307 0.416667 0.00398773 0.0649123
0 0.506135 0.220175 0.00245399 0.0438596
0 0.509202 0.295614 0.00368098 0.054386
0 0.519632 0.259649 0.00306748 0.045614
0 0.440337 0.224561 0.00276074 0.045614
0 0.617178 0.411404 0.00368098 0.0614035
0 0.708436 0.317544 0.00337423 0.0561404
0 0.439417 0.409649 0.00398773 0.0649123
0 0.455982 0.165789 0.00337423 0.0473684
0 0.511656 0.364035 0.00368098 0.0578947
0 0.560123 0.447368 0.00429448 0.0666667
0 0.270706 0.339474 0.00460123 0.0719298
0 0.534969 0.355263 0.00368098 0.0578947
0 0.483436 0.372807 0.00368098 0.0578947
0 0.490798 0.492982 0.00490798 0.0666667
0 0.453374 0.294737 0.00306748 0.0526316
0 0.414724 0.542105 0.00490798 0.077193
0 0.447239 0.677193 0.00613497 0.0877193
