0 0.520245 0.197368 0.00306748 0.0368421
0 0.534356 0.30614 0.00306748 0.0508772
0 0.520859 0.216667 0.00306748 0.0438596
0 0.472393 0.204386 0.00245399 0.0438596
0 0.519325 0.245614 0.00306748 0.0421053
0 0.532822 0.164035 0.00245399 0.0403509
0 0.548773 0.378947 0.00368098 0.0561404
0 0.721319 0.316667 0.00337423 0.054386
0 0.465644 0.168421 0.00306748 0.0421053
0 0.46273 0.37807 0.00337423 0.0578947
0 0.486503 0.267544 0.00306748 0.0508772
0 0.602454 0.274561 0.00306748 0.0508772
0 0.634509 0.403509 0.00398773 0.0631579
0 0.467638 0.276316 0.00276074 0.0508772
0 0.475307 0.455263 0.00398773 0.0684211
0 0.550614 0.335965 0.00306748 0.054386
0 0.452607 0.426316 0.00460123 0.0736842
0 0.493558 0.4 0.00368098 0.0596491
0 0.493558 0.332456 0.00306748 0.054386
0 0.275613 0.339474 0.00398773 0.054386
0 0.448466 0.497368 0.00368098 0.0649123
0 0.53819 0.716667 0.00644172 0.0929825
0 0.441411 0.615789 0.00552147 0.0842105
