0 0.372699 0.512281 0.00490798 0.0631579
0 0.444172 0.286842 0.00306748 0.0473684
0 0.309202 0.685965 0.00613497 0.077193
0 0.469325 0.324561 0.00306748 0.0385965
0 0.520245 0.190351 0.00245399 0.0403509
0 0.459969 0.410526 0.00276074 0.0526316
0 0.547086 0.344737 0.00337423 0.0578947
0 0.53681 0.270175 0.00306748 0.0491228
0 0.733589 0.355263 0.00337423 0.0578947
0 0.59908 0.297368 0.00306748 0.0508772
0 0.243098 0.374561 0.00398773 0.0578947
0 0.299693 0.710526 0.00552147 0.0947368
0 0.443865 0.207895 0.00306748 0.0438596
0 0.464571 0.432456 0.00398773 0.054386
0 0.630215 0.55614 0.00521472 0.077193
0 0.408589 0.392105 0.00368098 0.0578947
0 0.650307 0.601754 0.00552147 0.0807018
0 0.555061 0.498246 0.00460123 0.0701754
0 0.525613 0.555263 0.00521472 0.0754386
0 0.494479 0.642982 0.00429448 0.0929825
0 0.397393 0.501754 0.00521472 0.0666667
0 0.552761 0.700877 0.00613497 0.0824561
0 0.453374 0.476316 0.00368098 0.0719298
