0 0.717945 0.341228 0.00337423 0.0578947
0 0.497393 0.242105 0.00276074 0.045614
0 0.486196 0.298246 0.00306748 0.045614
0 0.611656 0.323684 0.00368098 0.0578947
0 0.547393 0.417544 0.00398773 0.0631579
0 0.456135 0.174561 0.00245399 0.0403509
0 0.42684 0.479825 0.00398773 0.0719298
0 0.539877 0.2 0.00245399 0.0421053
0 0.443712 0.253509 0.00276074 0.0473684
0 0.467791 0.455263 0.00429448 0.0684211
0 0.52362 0.355263 0.00368098 0.0578947
0 0.494172 0.371053 0.00368098 0.054386
0 0.263344 0.345614 0.00398773 0.0631579
0 0.447546 0.335965 0.00368098 0.0578947
0 0.490184 0.450877 0.00429448 0.0701754
0 0.586503 0.517544 0.00490798 0.0701754
0 0.630368 0.469298 0.00429448 0.0684211
0 0.426074 0.580702 0.00490798 0.077193
0 0.393865 0.695614 0.00613497 0.0894737
0 0.519632 0.551754 0.00490798 0.0754386
0 0.415951 0.544737 0.00490798 0.0789474
0 0.444939 0.628947 0.00644172 0.0824561
