0 0.462117 0.260526 0.00276074 0.0438596
0 0.745245 0.358772 0.00337423 0.0578947
0 0.429141 0.717544 0.00490798 0.077193
0 0.486503 0.37807 0.00368098 0.0614035
0 0.559049 0.69386 0.00644172 0.0894737
0 0.609202 0.289474 0.00306748 0.0526316
0 0.547086 0.345614 0.00337423 0.0561404
0 0.492331 0.299123 0.00306748 0.0473684
0 0.513957 0.178947 0.00276074 0.0350877
0 0.46089 0.192105 0.00276074 0.0368421
0 0.431902 0.49386 0.00306748 0.0614035
0 0.539724 0.503509 0.00460123 0.0666667
0 0.565184 0.510526 0.00460123 0.0701754
0 0.479448 0.387719 0.00368098 0.0631579
0 0.540337 0.260526 0.00276074 0.0438596
0 0.429141 0.759649 0.00613497 0.0807018
0 0.557822 0.753509 0.00766871 0.0789474
0 0.264264 0.367544 0.00398773 0.0508772
0 0.680521 0.57193 0.00521472 0.0807018
0 0.631442 0.514912 0.00460123 0.0754386
0 0.445092 0.371053 0.00368098 0.0614035
0 0.436656 0.463158 0.00460123 0.0596491
0 0.486656 0.474561 0.00398773 0.0649123
