0 0.490951 0.170175 0.00337423 0.0421053
0 0.453834 0.185088 0.00214724 0.0333333
0 0.488804 0.158772 0.00276074 0.0368421
0 0.536196 0.242105 0.00306748 0.045614
0 0.492178 0.174561 0.00337423 0.0403509
0 0.455828 0.296491 0.00306748 0.0526316
0 0.570245 0.214035 0.00245399 0.045614
0 0.409202 0.222807 0.00245399 0.045614
0 0.494325 0.258772 0.00276074 0.0473684
0 0.532669 0.247368 0.00398773 0.0491228
0 0.732975 0.321053 0.00337423 0.0561404
0 0.593098 0.320175 0.00337423 0.054386
0 0.553221 0.30614 0.00337423 0.054386
0 0.405675 0.395614 0.00398773 0.054386
0 0.560276 0.276316 0.00337423 0.0508772
0 0.264877 0.301754 0.00398773 0.0666667
0 0.614264 0.42807 0.00398773 0.0631579
0 0.460276 0.312281 0.00337423 0.0561404
0 0.477147 0.244737 0.00276074 0.0438596
0 0.571319 0.307018 0.00398773 0.0561404
0 0.585583 0.267544 0.00306748 0.0508772
0 0.592331 0.464912 0.00429448 0.0701754
0 0.535276 0.453509 0.00429448 0.0684211
0 0.463497 0.640351 0.00552147 0.0807018
