0 0.360583 0.307018 0.00337423 0.0526316
0 0.698926 0.365789 0.00398773 0.0614035
0 0.184509 0.608772 0.00582822 0.0842105
0 0.484509 0.665789 0.00460123 0.0754386
0 0.505215 0.289474 0.00306748 0.0491228
0 0.402454 0.462281 0.00429448 0.0649123
0 0.487883 0.692105 0.00582822 0.0894737
0 0.198926 0.402632 0.00398773 0.0578947
0 0.409049 0.624561 0.00582822 0.0842105
0 0.429141 0.474561 0.00429448 0.0684211
0 0.553068 0.382456 0.00368098 0.0596491
0 0.327454 0.388597 0.00337423 0.0649123
0 0.508896 0.368421 0.00368098 0.0596491
0 0.365491 0.298246 0.00337423 0.0526316
0 0.273006 0.572807 0.00552147 0.0719298
0 0.372699 0.419298 0.00368098 0.0596491
0 0.279294 0.736842 0.00644172 0.0947368
0 0.517791 0.257895 0.00429448 0.0385965
0 0.419632 0.611404 0.00552147 0.0824561
0 0.200307 0.785088 0.00674847 0.1
0 0.576994 0.610526 0.00552147 0.0842105
0 0.558129 0.57193 0.00521472 0.0807018
0 0.415491 0.464912 0.00398773 0.0807018
