0 0.490644 0.499123 0.00460123 0.0614035
0 0.472086 0.221053 0.00245399 0.045614
0 0.519478 0.216667 0.00276074 0.0438596
0 0.505215 0.234211 0.00306748 0.0403509
0 0.603988 0.272807 0.00306748 0.0508772
0 0.483282 0.42193 0.00398773 0.0649123
0 0.46365 0.407018 0.00398773 0.0631579
0 0.482055 0.294737 0.00337423 0.0526316
0 0.723466 0.328947 0.00337423 0.054386
0 0.626534 0.416667 0.00398773 0.0684211
0 0.55184 0.349123 0.00368098 0.0596491
0 0.452761 0.409649 0.00368098 0.0614035
0 0.520399 0.165789 0.00276074 0.0473684
0 0.554755 0.392105 0.00398773 0.0578947
0 0.508896 0.273684 0.00306748 0.0421053
0 0.465031 0.295614 0.00306748 0.0508772
0 0.544018 0.315789 0.00337423 0.0561404
0 0.493098 0.367544 0.00337423 0.0578947
0 0.568252 0.732456 0.00644172 0.0929825
0 0.272393 0.348246 0.00368098 0.0508772
0 0.472393 0.171053 0.00306748 0.0403509
0 0.448466 0.655263 0.00552147 0.0859649
0 0.444018 0.535088 0.00398773 0.0631579
