0 0.468865 0.435965 0.00337423 0.0578947
0 0.494479 0.225439 0.00245399 0.0438596
0 0.56411 0.176316 0.00306748 0.0438596
0 0.557822 0.428947 0.00398773 0.0508772
0 0.647393 0.307895 0.00337423 0.0508772
0 0.756135 0.363158 0.00368098 0.0561404
0 0.621319 0.331579 0.00337423 0.0561404
0 0.495706 0.179825 0.00306748 0.0438596
0 0.573466 0.230702 0.00276074 0.0438596
0 0.676074 0.238596 0.00306748 0.045614
0 0.481748 0.624561 0.00582822 0.0842105
0 0.471779 0.421053 0.00429448 0.0561404
0 0.756135 0.539474 0.00490798 0.0754386
0 0.654448 0.42193 0.00398773 0.0578947
0 0.483589 0.336842 0.00337423 0.0561404
0 0.610736 0.566667 0.00490798 0.0666667
0 0.533896 0.320175 0.00337423 0.0473684
0 0.535429 0.425439 0.00337423 0.054386
0 0.505675 0.335965 0.00337423 0.054386
0 0.285123 0.363158 0.00398773 0.0526316
0 0.603681 0.466667 0.00429448 0.0701754
0 0.676994 0.754386 0.00613497 0.0947368
0 0.482669 0.699123 0.00644172 0.0964912
