0 0.551534 0.430702 0.00490798 0.0684211
0 0.719785 0.342105 0.00337423 0.0561404
0 0.549233 0.432456 0.00460123 0.0649123
0 0.454448 0.177193 0.00214724 0.0385965
0 0.423466 0.492982 0.00398773 0.077193
0 0.494785 0.251754 0.00306748 0.0473684
0 0.61365 0.323684 0.00337423 0.054386
0 0.541104 0.207018 0.00245399 0.0421053
0 0.481595 0.309649 0.00306748 0.0508772
0 0.260429 0.347368 0.00368098 0.0596491
0 0.524233 0.368421 0.00368098 0.0596491
0 0.417791 0.547368 0.00490798 0.077193
0 0.442791 0.263158 0.00276074 0.0491228
0 0.42638 0.589474 0.00490798 0.0807018
0 0.491411 0.392105 0.00368098 0.054386
0 0.443098 0.350877 0.00337423 0.0561404
0 0.492945 0.468421 0.00429448 0.0666667
0 0.629601 0.478947 0.00460123 0.0701754
0 0.592025 0.534211 0.00490798 0.0754386
0 0.465951 0.462281 0.00429448 0.0684211
0 0.52592 0.568421 0.00521472 0.0736842
0 0.384049 0.7 0.00613497 0.0912281
0 0.45 0.65 0.00674847 0.0824561
