0 0.471779 0.219298 0.00245399 0.0421053
0 0.627147 0.414912 0.00398773 0.0649123
0 0.506902 0.229825 0.00276074 0.0421053
0 0.484816 0.417544 0.00398773 0.0631579
0 0.482822 0.29386 0.00306748 0.0508772
0 0.520092 0.212281 0.00276074 0.0421053
0 0.603988 0.272807 0.00306748 0.0508772
0 0.722853 0.32807 0.00337423 0.0561404
0 0.554601 0.389474 0.00368098 0.0596491
0 0.521626 0.164912 0.00276074 0.045614
0 0.465951 0.292982 0.00306748 0.0526316
0 0.552914 0.346491 0.00337423 0.0578947
0 0.509969 0.271053 0.00337423 0.0438596
0 0.273466 0.347368 0.00337423 0.0491228
0 0.453681 0.410526 0.00368098 0.0631579
0 0.543865 0.314035 0.00368098 0.0561404
0 0.488344 0.49386 0.00429448 0.0614035
0 0.464264 0.401754 0.00398773 0.0631579
0 0.493865 0.362281 0.00368098 0.0578947
0 0.472699 0.171053 0.00306748 0.0403509
0 0.448926 0.65 0.00521472 0.0859649
0 0.444325 0.530702 0.00398773 0.0649123
0 0.565184 0.724561 0.00644172 0.0947368
