0 0.491718 0.285965 0.00306748 0.0385965
0 0.499847 0.235965 0.00276074 0.0438596
0 0.715798 0.335088 0.00337423 0.0561404
0 0.546012 0.405263 0.00368098 0.0631579
0 0.470552 0.45 0.00429448 0.0684211
0 0.457055 0.17193 0.00306748 0.045614
0 0.538037 0.192982 0.00245399 0.0385965
0 0.444018 0.248246 0.00276074 0.0473684
0 0.608436 0.322807 0.00337423 0.0526316
0 0.496472 0.352632 0.00337423 0.0491228
0 0.45138 0.326316 0.00337423 0.0561404
0 0.630368 0.461404 0.00429448 0.0666667
0 0.429908 0.464912 0.00398773 0.0701754
0 0.541718 0.394737 0.00429448 0.0666667
0 0.581748 0.500877 0.00460123 0.0649123
0 0.424847 0.573684 0.00490798 0.077193
0 0.48865 0.433333 0.00429448 0.0666667
0 0.266258 0.344737 0.00429448 0.0684211
0 0.523006 0.34386 0.00368098 0.0561404
0 0.514417 0.541228 0.00490798 0.0754386
0 0.415951 0.541228 0.00490798 0.0754386
0 0.403528 0.692982 0.00582822 0.0877193
0 0.440337 0.614035 0.00705521 0.0877193
