0 0.715644 0.335088 0.00368098 0.0561404
0 0.500153 0.235088 0.00276074 0.0421053
0 0.493252 0.285088 0.00306748 0.0438596
0 0.470706 0.449123 0.00398773 0.0666667
0 0.545859 0.40614 0.00398773 0.0649123
0 0.443712 0.246491 0.00276074 0.0473684
0 0.457055 0.17193 0.00306748 0.045614
0 0.53773 0.192982 0.00245399 0.0385965
0 0.607822 0.322807 0.00337423 0.0526316
0 0.496779 0.350877 0.00337423 0.0491228
0 0.630368 0.461404 0.00429448 0.0666667
0 0.430061 0.464912 0.00429448 0.0701754
0 0.451687 0.326316 0.00337423 0.0561404
0 0.581442 0.499123 0.00460123 0.0649123
0 0.266564 0.344737 0.00429448 0.0684211
0 0.541104 0.392982 0.00429448 0.0666667
0 0.424847 0.572807 0.00490798 0.0754386
0 0.523006 0.344737 0.00368098 0.0578947
0 0.48865 0.432456 0.00429448 0.0649123
0 0.514264 0.537719 0.00521472 0.0754386
0 0.415644 0.542105 0.00490798 0.077193
0 0.404294 0.691228 0.00613497 0.0912281
0 0.440031 0.613158 0.00705521 0.0859649
