0 0.465951 0.418421 0.00490798 0.054386
0 0.384509 0.513158 0.00460123 0.0508772
0 0.447853 0.286842 0.00306748 0.0508772
0 0.519939 0.188596 0.00245399 0.0368421
0 0.246779 0.373684 0.00337423 0.0526316
0 0.323006 0.686842 0.00490798 0.0754386
0 0.548313 0.34386 0.00337423 0.0561404
0 0.472853 0.32193 0.00337423 0.0473684
0 0.538957 0.270175 0.00306748 0.045614
0 0.497546 0.642105 0.00429448 0.0842105
0 0.735583 0.353509 0.00368098 0.0578947
0 0.46411 0.409649 0.00245399 0.054386
0 0.60138 0.295614 0.00337423 0.0508772
0 0.468098 0.428947 0.00429448 0.054386
0 0.530675 0.550877 0.00490798 0.077193
0 0.44816 0.203509 0.00306748 0.0385965
0 0.559509 0.705263 0.00613497 0.0736842
0 0.631442 0.551754 0.00521472 0.0754386
0 0.559356 0.503509 0.00460123 0.0701754
0 0.414571 0.390351 0.00398773 0.054386
0 0.313957 0.711403 0.00582822 0.1
0 0.404601 0.495614 0.00490798 0.0684211
0 0.654141 0.608772 0.00521472 0.0842105
0 0.459509 0.473684 0.00368098 0.0701754
