0 0.468405 0.435088 0.00306748 0.0596491
0 0.494479 0.225439 0.00245399 0.0438596
0 0.56411 0.177193 0.00306748 0.0421053
0 0.559049 0.432456 0.00398773 0.0508772
0 0.647086 0.310526 0.00337423 0.0491228
0 0.756442 0.364035 0.00368098 0.0578947
0 0.621319 0.332456 0.00337423 0.054386
0 0.495706 0.179825 0.00306748 0.0438596
0 0.573466 0.231579 0.00276074 0.045614
0 0.676074 0.238596 0.00306748 0.045614
0 0.481135 0.624561 0.00582822 0.0842105
0 0.755828 0.538597 0.00490798 0.0701754
0 0.471626 0.42193 0.00398773 0.0578947
0 0.483436 0.338596 0.00306748 0.0561404
0 0.654755 0.425439 0.00398773 0.0578947
0 0.535429 0.427193 0.00337423 0.054386
0 0.533896 0.322807 0.00337423 0.0491228
0 0.603988 0.466667 0.00429448 0.0701754
0 0.284969 0.364035 0.00368098 0.054386
0 0.505675 0.335965 0.00337423 0.054386
0 0.611656 0.568421 0.00490798 0.0631579
0 0.676994 0.75614 0.00613497 0.0947368
0 0.482055 0.700877 0.00644172 0.0964912
