0 0.749847 0.611404 0.00521472 0.0578947
0 0.530521 0.422807 0.00398773 0.0526316
0 0.754601 0.364912 0.00368098 0.0596491
0 0.657362 0.601754 0.00552147 0.0736842
0 0.505215 0.588596 0.00613497 0.0859649
0 0.481595 0.266667 0.00306748 0.0491228
0 0.661656 0.283333 0.00306748 0.0508772
0 0.599693 0.442105 0.00429448 0.0631579
0 0.573926 0.197368 0.00245399 0.0403509
0 0.48635 0.204386 0.00276074 0.0438596
0 0.490798 0.610526 0.00552147 0.0736842
0 0.467485 0.625439 0.00552147 0.0649123
0 0.512883 0.362281 0.00368098 0.054386
0 0.715644 0.595614 0.00552147 0.0789474
0 0.477301 0.625439 0.00490798 0.0789474
0 0.464571 0.390351 0.00398773 0.0578947
0 0.566871 0.267544 0.00306748 0.0473684
0 0.609202 0.623684 0.00552147 0.0789474
0 0.611043 0.421053 0.00429448 0.0666667
0 0.269325 0.371053 0.00368098 0.054386
0 0.530828 0.455263 0.00398773 0.0649123
0 0.56089 0.684211 0.00521472 0.0912281
0 0.586196 0.69386 0.00613497 0.0894737
