0 0.421779 0.300877 0.00306748 0.0508772
0 0.618712 0.533333 0.00490798 0.0736842
0 0.47546 0.723684 0.00674847 0.0859649
0 0.48681 0.267544 0.00306748 0.0473684
0 0.535736 0.221053 0.00276074 0.0421053
0 0.53681 0.472807 0.00429448 0.0614035
0 0.452607 0.473684 0.00337423 0.0596491
0 0.718865 0.361403 0.00398773 0.0596491
0 0.407209 0.425439 0.00398773 0.0649123
0 0.456595 0.503509 0.00460123 0.0666667
0 0.504141 0.666667 0.00582822 0.077193
0 0.468098 0.346491 0.00368098 0.0508772
0 0.616411 0.323684 0.00337423 0.054386
0 0.408896 0.591228 0.00490798 0.0807018
0 0.620245 0.595614 0.00552147 0.0789474
0 0.522699 0.432456 0.00429448 0.0649123
0 0.540951 0.575439 0.00521472 0.077193
0 0.494939 0.567544 0.00521472 0.0754386
0 0.396933 0.6 0.00552147 0.0842105
0 0.252301 0.368421 0.00337423 0.0526316
0 0.338957 0.662281 0.00613497 0.0894737
0 0.425153 0.538597 0.00490798 0.0736842
0 0.445706 0.2 0.00429448 0.0561404
