0 0.490798 0.264912 0.00306748 0.045614
0 0.420706 0.303509 0.00337423 0.0526316
0 0.53727 0.457895 0.00460123 0.0666667
0 0.405675 0.576316 0.00521472 0.0719298
0 0.48865 0.578947 0.00552147 0.0701754
0 0.465337 0.349123 0.00368098 0.0526316
0 0.536503 0.222807 0.00245399 0.0421053
0 0.452607 0.509649 0.00460123 0.0684211
0 0.496933 0.679825 0.00552147 0.0859649
0 0.718252 0.363158 0.00398773 0.0596491
0 0.616411 0.324561 0.00337423 0.0561404
0 0.336503 0.657018 0.00490798 0.0894737
0 0.390337 0.612281 0.00582822 0.0842105
0 0.621166 0.542982 0.00490798 0.0789474
0 0.452607 0.475439 0.00398773 0.0596491
0 0.523313 0.441228 0.00429448 0.0684211
0 0.252301 0.371053 0.00337423 0.0508772
0 0.625767 0.591228 0.00552147 0.0807018
0 0.405675 0.429825 0.00398773 0.0666667
0 0.427454 0.540351 0.00460123 0.0736842
0 0.542638 0.592982 0.00552147 0.077193
0 0.445706 0.204386 0.00429448 0.054386
0 0.477454 0.728947 0.00705521 0.0859649
