0 0.50184 0.290351 0.00306748 0.0403509
0 0.470706 0.229825 0.00276074 0.0421053
0 0.514264 0.162281 0.00337423 0.0508772
0 0.456595 0.426316 0.00398773 0.0631579
0 0.497086 0.250877 0.00276074 0.0421053
0 0.441104 0.574561 0.00429448 0.0614035
0 0.47592 0.312281 0.00337423 0.0561404
0 0.478834 0.434211 0.00429448 0.0649123
0 0.727454 0.338596 0.00337423 0.0561404
0 0.565184 0.416667 0.00398773 0.0508772
0 0.603067 0.277193 0.00306748 0.0491228
0 0.516564 0.22193 0.00245399 0.0438596
0 0.543405 0.325439 0.00337423 0.0578947
0 0.622393 0.441228 0.00429448 0.0684211
0 0.265798 0.350877 0.00337423 0.0526316
0 0.488957 0.394737 0.00368098 0.0596491
0 0.459049 0.308772 0.00337423 0.0526316
0 0.51411 0.552632 0.00490798 0.0631579
0 0.447239 0.414035 0.00368098 0.0631579
0 0.543252 0.359649 0.00429448 0.0596491
0 0.588804 0.740351 0.00644172 0.0912281
0 0.468865 0.175439 0.00276074 0.0350877
0 0.440184 0.69386 0.00613497 0.0894737
