0 0.525613 0.172807 0.00337423 0.0473684
0 0.602454 0.272807 0.00306748 0.0508772
0 0.721933 0.325439 0.00337423 0.054386
0 0.556442 0.34386 0.00368098 0.0561404
0 0.472086 0.212281 0.00245399 0.0421053
0 0.485276 0.283333 0.00306748 0.0508772
0 0.540644 0.308772 0.00337423 0.0526316
0 0.471472 0.170175 0.00306748 0.0350877
0 0.51273 0.225439 0.00337423 0.0438596
0 0.457362 0.407895 0.00368098 0.0649123
0 0.52638 0.164912 0.00306748 0.0421053
0 0.553528 0.381579 0.00337423 0.0508772
0 0.490951 0.408772 0.00398773 0.0631579
0 0.495245 0.347368 0.00337423 0.0561404
0 0.479141 0.467544 0.00429448 0.0614035
0 0.466104 0.392982 0.00398773 0.0631579
0 0.467791 0.285088 0.00306748 0.0508772
0 0.521472 0.20614 0.00368098 0.0438596
0 0.554141 0.723684 0.00644172 0.0929825
0 0.632055 0.407018 0.00398773 0.0631579
0 0.275613 0.344737 0.00398773 0.054386
0 0.445245 0.514912 0.00398773 0.0649123
0 0.514417 0.258772 0.00368098 0.0438596
0 0.44862 0.629825 0.00521472 0.0842105
