0 0.415951 0.560526 0.00552147 0.0649123
0 0.567178 0.217544 0.00245399 0.0385965
0 0.531442 0.622807 0.00582822 0.0736842
0 0.736503 0.359649 0.00368098 0.0561404
0 0.442331 0.29386 0.00306748 0.0473684
0 0.420859 0.697368 0.00613497 0.0824561
0 0.537577 0.265789 0.00276074 0.0438596
0 0.635736 0.311404 0.00337423 0.054386
0 0.490031 0.721053 0.00582822 0.0877193
0 0.559509 0.462281 0.00429448 0.0649123
0 0.576227 0.426316 0.00398773 0.0631579
0 0.47592 0.47807 0.00460123 0.054386
0 0.43681 0.526316 0.00490798 0.0631579
0 0.469479 0.362281 0.00337423 0.054386
0 0.466411 0.211404 0.00276074 0.0438596
0 0.253374 0.378947 0.00306748 0.0491228
0 0.595859 0.567544 0.00521472 0.0789474
0 0.467025 0.689474 0.00705521 0.0982456
0 0.692025 0.611404 0.00552147 0.0789474
0 0.471472 0.763158 0.00552147 0.0807018
0 0.495399 0.451754 0.00368098 0.0614035
0 0.414877 0.420175 0.00398773 0.0614035
0 0.680215 0.55614 0.00460123 0.077193
