0 0.360429 0.314035 0.00306748 0.0526316
0 0.394172 0.631579 0.00552147 0.0842105
0 0.696319 0.370175 0.00368098 0.0596491
0 0.419785 0.485088 0.00460123 0.0684211
0 0.391104 0.638596 0.00552147 0.0842105
0 0.192485 0.416667 0.00337423 0.0508772
0 0.54862 0.395614 0.00398773 0.0614035
0 0.5 0.296491 0.00306748 0.0526316
0 0.322239 0.399123 0.00337423 0.0649123
0 0.394479 0.477193 0.00429448 0.0666667
0 0.503067 0.377193 0.00368098 0.0596491
0 0.365337 0.309649 0.00306748 0.0508772
0 0.358589 0.435088 0.00429448 0.0596491
0 0.513037 0.280702 0.00337423 0.045614
0 0.421472 0.462281 0.00429448 0.0754386
0 0.159816 0.62807 0.00552147 0.077193
0 0.493405 0.668421 0.00460123 0.077193
0 0.207209 0.783333 0.00644172 0.103509
0 0.497546 0.688596 0.00552147 0.0894737
0 0.3 0.714912 0.00613497 0.0894737
0 0.254448 0.580702 0.00582822 0.0736842
0 0.569325 0.633333 0.00552147 0.0842105
0 0.54862 0.573684 0.00521472 0.0807018
