0 0.360583 0.308772 0.00337423 0.0526316
0 0.704601 0.359649 0.00368098 0.0596491
0 0.238344 0.571053 0.00490798 0.0789474
0 0.178834 0.829825 0.00674847 0.0842105
0 0.43727 0.600877 0.00521472 0.0754386
0 0.366871 0.279825 0.00306748 0.0473684
0 0.215798 0.774561 0.00705521 0.0894737
0 0.473926 0.649123 0.00429448 0.077193
0 0.573773 0.573684 0.00582822 0.0912281
0 0.506748 0.277193 0.00306748 0.0491228
0 0.476687 0.554386 0.00490798 0.0701754
0 0.336503 0.385965 0.00306748 0.0596491
0 0.517791 0.360526 0.00368098 0.0578947
0 0.42592 0.457895 0.00460123 0.0666667
0 0.561043 0.351754 0.00368098 0.0578947
0 0.207669 0.384211 0.00368098 0.0561404
0 0.592331 0.587719 0.00552147 0.0807018
0 0.389571 0.375439 0.00368098 0.0561404
0 0.411196 0.439474 0.00398773 0.0719298
0 0.404755 0.47807 0.00398773 0.0789474
0 0.296012 0.546491 0.00490798 0.0684211
0 0.520399 0.227193 0.00398773 0.0368421
0 0.478681 0.692105 0.00582822 0.0894737
