0 0.546779 0.325439 0.00337423 0.0508772
0 0.456442 0.324561 0.00306748 0.0526316
0 0.258436 0.321053 0.00398773 0.0596491
0 0.492331 0.167544 0.00306748 0.0473684
0 0.459356 0.2 0.00276074 0.0421053
0 0.521933 0.251754 0.00276074 0.0473684
0 0.552761 0.340351 0.00368098 0.0561404
0 0.538037 0.274561 0.00306748 0.0508772
0 0.447699 0.32193 0.00337423 0.054386
0 0.729908 0.322807 0.00337423 0.0526316
0 0.419018 0.236842 0.00245399 0.045614
0 0.531902 0.270175 0.00368098 0.0526316
0 0.572699 0.232456 0.00245399 0.0473684
0 0.473006 0.273684 0.00306748 0.045614
0 0.60184 0.349123 0.00368098 0.0596491
0 0.589571 0.281579 0.00306748 0.0508772
0 0.497393 0.30614 0.00337423 0.054386
0 0.401074 0.417544 0.00398773 0.0631579
0 0.536043 0.491228 0.00460123 0.0736842
0 0.466411 0.700877 0.00582822 0.0929825
0 0.564571 0.488596 0.00460123 0.0684211
0 0.613344 0.470175 0.00460123 0.0701754
0 0.518712 0.19386 0.00368098 0.0473684
