0 0.156902 0.639474 0.00582822 0.0754386
0 0.497086 0.301754 0.00337423 0.0491228
0 0.359049 0.317544 0.00337423 0.0526316
0 0.695706 0.37193 0.00368098 0.0631579
0 0.383129 0.64386 0.00552147 0.0842105
0 0.318865 0.407895 0.00337423 0.0649123
0 0.545552 0.407895 0.00398773 0.0614035
0 0.190337 0.419298 0.00337423 0.0526316
0 0.49908 0.385088 0.00368098 0.0614035
0 0.389724 0.488596 0.00460123 0.0649123
0 0.365184 0.314912 0.00337423 0.0508772
0 0.502761 0.685088 0.00490798 0.0964912
0 0.497393 0.663158 0.00460123 0.0807018
0 0.351534 0.442105 0.00429448 0.0596491
0 0.38819 0.639474 0.00521472 0.0859649
0 0.307975 0.715789 0.00613497 0.0912281
0 0.565184 0.648246 0.00582822 0.0859649
0 0.508742 0.292105 0.00337423 0.0473684
0 0.209509 0.786842 0.00674847 0.1
0 0.544325 0.577193 0.00521472 0.0807018
0 0.246472 0.586842 0.00582822 0.0719298
0 0.423006 0.468421 0.00429448 0.077193
0 0.411503 0.496491 0.00460123 0.0736842
