0 0.513037 0.265789 0.00276074 0.0438596
0 0.519172 0.311404 0.00398773 0.054386
0 0.583282 0.307018 0.00337423 0.0491228
0 0.529908 0.177193 0.00214724 0.0350877
0 0.503988 0.3 0.00306748 0.045614
0 0.428681 0.562281 0.00521472 0.0789474
0 0.474387 0.424561 0.00398773 0.0666667
0 0.521472 0.372807 0.00368098 0.0578947
0 0.710276 0.323684 0.00337423 0.054386
0 0.440491 0.231579 0.00245399 0.045614
0 0.497393 0.507018 0.00460123 0.0701754
0 0.424693 0.544737 0.00521472 0.0789474
0 0.567178 0.461404 0.00429448 0.0701754
0 0.43727 0.42193 0.00398773 0.0649123
0 0.454294 0.299123 0.00306748 0.054386
0 0.62362 0.42807 0.00429448 0.0666667
0 0.457669 0.166667 0.00368098 0.0491228
0 0.539571 0.367544 0.00368098 0.0578947
0 0.506135 0.223684 0.00368098 0.0473684
0 0.272239 0.339474 0.00398773 0.0684211
0 0.484509 0.390351 0.00398773 0.0614035
0 0.415031 0.540351 0.00490798 0.077193
0 0.433129 0.679825 0.00613497 0.0894737
