0 0.451994 0.201754 0.00276074 0.0421053
0 0.486043 0.330702 0.00337423 0.0508772
0 0.529448 0.242105 0.00368098 0.0421053
0 0.531442 0.164035 0.00276074 0.0368421
0 0.494172 0.265789 0.00306748 0.0473684
0 0.479294 0.395614 0.00398773 0.0614035
0 0.436656 0.489474 0.00337423 0.0736842
0 0.455215 0.167544 0.00306748 0.0438596
0 0.510123 0.2 0.00245399 0.0421053
0 0.71181 0.308772 0.00337423 0.0526316
0 0.450307 0.382456 0.00368098 0.0596491
0 0.460583 0.275439 0.00276074 0.0491228
0 0.550307 0.417544 0.00429448 0.0631579
0 0.617638 0.398246 0.00398773 0.0631579
0 0.599693 0.263158 0.00306748 0.0491228
0 0.527147 0.32193 0.00337423 0.054386
0 0.267945 0.339474 0.00460123 0.0754386
0 0.496933 0.67807 0.00613497 0.0859649
0 0.416564 0.565789 0.00490798 0.0789474
0 0.51135 0.329825 0.00429448 0.0561404
0 0.475153 0.459649 0.00429448 0.0631579
0 0.427607 0.465789 0.00552147 0.0824561
