0 0.38727 0.560526 0.00460123 0.0473684
0 0.516718 0.260526 0.00276074 0.0403509
0 0.424847 0.311404 0.00306748 0.0473684
0 0.554448 0.222807 0.00276074 0.0421053
0 0.397239 0.440351 0.00429448 0.0666667
0 0.384049 0.692982 0.00613497 0.0912281
0 0.392945 0.657895 0.00674847 0.0877193
0 0.471319 0.746491 0.00521472 0.0859649
0 0.726687 0.360526 0.00368098 0.0578947
0 0.486503 0.622807 0.00552147 0.0807018
0 0.562117 0.557895 0.00521472 0.0701754
0 0.457822 0.735088 0.00644172 0.0807018
0 0.620706 0.322807 0.00337423 0.0526316
0 0.444172 0.544737 0.00490798 0.0614035
0 0.557209 0.424561 0.00398773 0.0631579
0 0.460123 0.35614 0.00368098 0.0561404
0 0.435276 0.539474 0.00490798 0.0719298
0 0.246626 0.383333 0.00306748 0.0473684
0 0.45184 0.213158 0.00306748 0.0473684
0 0.538957 0.467544 0.00429448 0.0684211
0 0.672699 0.617544 0.00552147 0.0736842
0 0.467178 0.461404 0.00429448 0.0631579
0 0.648466 0.54386 0.00429448 0.0736842
