0 0.447853 0.20614 0.00245399 0.0403509
0 0.529601 0.240351 0.00276074 0.045614
0 0.532209 0.251754 0.00306748 0.0438596
0 0.528374 0.162281 0.00276074 0.0403509
0 0.709049 0.309649 0.00337423 0.054386
0 0.482515 0.335965 0.00368098 0.054386
0 0.508282 0.201754 0.00245399 0.0421053
0 0.495092 0.269298 0.00306748 0.0438596
0 0.613957 0.396491 0.00398773 0.0631579
0 0.477147 0.400877 0.00398773 0.0614035
0 0.503834 0.334211 0.00398773 0.0508772
0 0.594172 0.263158 0.00306748 0.0491228
0 0.446779 0.386842 0.00398773 0.0614035
0 0.526841 0.325439 0.00337423 0.054386
0 0.457362 0.27807 0.00306748 0.0508772
0 0.430982 0.491228 0.00368098 0.077193
0 0.454755 0.164035 0.00337423 0.0438596
0 0.552147 0.423684 0.00429448 0.0649123
0 0.266104 0.337719 0.00460123 0.0719298
0 0.477914 0.464035 0.00429448 0.0649123
0 0.423926 0.485088 0.00552147 0.0824561
0 0.415951 0.554386 0.00490798 0.077193
0 0.485123 0.67193 0.00582822 0.0842105
