0 0.417945 0.560526 0.00521472 0.0614035
0 0.568098 0.217544 0.00245399 0.0421053
0 0.444479 0.290351 0.00306748 0.0403509
0 0.536043 0.620175 0.00521472 0.0578947
0 0.600153 0.565789 0.00521472 0.0649123
0 0.737423 0.361403 0.00368098 0.0561404
0 0.538497 0.264912 0.00276074 0.0421053
0 0.636656 0.311404 0.00337423 0.054386
0 0.577607 0.423684 0.00429448 0.0614035
0 0.56181 0.459649 0.00398773 0.0631579
0 0.422393 0.699123 0.00613497 0.0859649
0 0.470399 0.362281 0.00337423 0.054386
0 0.478221 0.474561 0.00429448 0.0508772
0 0.493865 0.721053 0.00552147 0.0842105
0 0.472853 0.764912 0.00582822 0.0842105
0 0.497239 0.45 0.00368098 0.0614035
0 0.43773 0.525439 0.00490798 0.0649123
0 0.692945 0.610526 0.00552147 0.0807018
0 0.467331 0.208772 0.00276074 0.0421053
0 0.253988 0.378947 0.00306748 0.0491228
0 0.471472 0.691228 0.00674847 0.0947368
0 0.416564 0.419298 0.00429448 0.0631579
0 0.682209 0.559649 0.00429448 0.077193
