0 0.454294 0.5 0.00736196 0.0631579
0 0.488497 0.727193 0.00644172 0.0894737
0 0.564417 0.185088 0.00245399 0.0403509
0 0.452301 0.504386 0.00337423 0.0684211
0 0.490184 0.191228 0.00306748 0.045614
0 0.493252 0.757018 0.00674847 0.103509
0 0.628988 0.374561 0.00337423 0.0578947
0 0.758589 0.37193 0.00368098 0.0596491
0 0.617485 0.573684 0.00552147 0.077193
0 0.491258 0.241228 0.00276074 0.0438596
0 0.659663 0.762281 0.00644172 0.0824561
0 0.568712 0.252632 0.00306748 0.0491228
0 0.705828 0.529825 0.00490798 0.0701754
0 0.673466 0.251754 0.00276074 0.0473684
0 0.618405 0.388597 0.00368098 0.0614035
0 0.534969 0.391228 0.00368098 0.0596491
0 0.671933 0.792982 0.00705521 0.0842105
0 0.47638 0.365789 0.00368098 0.0578947
0 0.515031 0.35614 0.00368098 0.0526316
0 0.641564 0.575439 0.00521472 0.0736842
0 0.273006 0.365789 0.00368098 0.0508772
0 0.77592 0.588596 0.00521472 0.0824561
0 0.457669 0.495614 0.00429448 0.0614035
0 0.53635 0.463158 0.00460123 0.0701754
