0 0.492945 0.331579 0.00306748 0.0491228
0 0.509356 0.165789 0.00276074 0.0438596
0 0.434356 0.469298 0.00368098 0.0684211
0 0.256595 0.358772 0.00337423 0.0473684
0 0.514877 0.235965 0.00276074 0.0438596
0 0.485123 0.447368 0.00398773 0.0596491
0 0.73589 0.355263 0.00368098 0.054386
0 0.464571 0.245614 0.00276074 0.045614
0 0.487423 0.277193 0.00306748 0.0491228
0 0.478374 0.457895 0.00398773 0.0666667
0 0.469939 0.342982 0.00368098 0.0578947
0 0.604294 0.285088 0.00306748 0.0508772
0 0.575153 0.755263 0.00674847 0.0789474
0 0.462423 0.188596 0.00276074 0.0368421
0 0.538957 0.407018 0.00306748 0.0561404
0 0.540337 0.339474 0.00337423 0.054386
0 0.445859 0.339474 0.00337423 0.054386
0 0.591104 0.464912 0.00429448 0.0666667
0 0.436963 0.434211 0.00460123 0.0649123
0 0.437423 0.682456 0.00674847 0.0807018
0 0.441564 0.75614 0.00644172 0.0947368
0 0.641718 0.465789 0.00429448 0.0684211
0 0.537577 0.708772 0.00582822 0.0842105
