0 0.472086 0.221053 0.00245399 0.045614
0 0.519785 0.215789 0.00276074 0.0421053
0 0.603988 0.272807 0.00306748 0.0508772
0 0.483589 0.421053 0.00398773 0.0666667
0 0.520706 0.164912 0.00276074 0.0491228
0 0.489724 0.498246 0.00460123 0.0596491
0 0.505675 0.234211 0.00276074 0.0403509
0 0.482209 0.294737 0.00306748 0.0526316
0 0.463804 0.407018 0.00368098 0.0631579
0 0.723313 0.32807 0.00368098 0.0561404
0 0.62684 0.415789 0.00398773 0.0666667
0 0.452761 0.409649 0.00368098 0.0614035
0 0.552147 0.348246 0.00368098 0.0578947
0 0.465184 0.295614 0.00337423 0.0508772
0 0.554601 0.391228 0.00368098 0.0596491
0 0.509049 0.272807 0.00337423 0.0438596
0 0.493252 0.365789 0.00368098 0.0578947
0 0.544018 0.314912 0.00337423 0.054386
0 0.272546 0.347368 0.00337423 0.0491228
0 0.472393 0.170175 0.00306748 0.0385965
0 0.567638 0.731579 0.00644172 0.0912281
0 0.44862 0.654386 0.00582822 0.0877193
0 0.444018 0.535088 0.00398773 0.0666667
