0 0.499233 0.367544 0.00337423 0.0473684
0 0.726534 0.59386 0.00521472 0.054386
0 0.562577 0.272807 0.00306748 0.0403509
0 0.471472 0.276316 0.00306748 0.0473684
0 0.574847 0.203509 0.00245399 0.0421053
0 0.467945 0.567544 0.00521472 0.0578947
0 0.60046 0.420175 0.00398773 0.0614035
0 0.653528 0.294737 0.00337423 0.0526316
0 0.582055 0.614035 0.00521472 0.0807018
0 0.585276 0.449123 0.00429448 0.0631579
0 0.640337 0.583333 0.00521472 0.0649123
0 0.446779 0.648246 0.00582822 0.0824561
0 0.450153 0.400877 0.00398773 0.0614035
0 0.747546 0.362281 0.00368098 0.0578947
0 0.517025 0.441228 0.00460123 0.0614035
0 0.481748 0.20614 0.00276074 0.0403509
0 0.523466 0.44386 0.00398773 0.0631579
0 0.708896 0.602632 0.00552147 0.0789474
0 0.481288 0.681579 0.00490798 0.0824561
0 0.265031 0.372807 0.00368098 0.0578947
0 0.481135 0.550877 0.00521472 0.0631579
0 0.534049 0.692105 0.00490798 0.0894737
0 0.562577 0.701754 0.00613497 0.0807018
