0 0.516411 0.67193 0.00582822 0.0666667
0 0.537423 0.410526 0.00368098 0.0526316
0 0.462577 0.558772 0.00306748 0.0649123
0 0.488804 0.253509 0.00276074 0.0438596
0 0.615031 0.434211 0.00429448 0.0649123
0 0.571166 0.189474 0.00245399 0.0385965
0 0.62316 0.412281 0.00398773 0.0631579
0 0.635123 0.632456 0.00582822 0.0824561
0 0.774693 0.627193 0.00582822 0.0824561
0 0.759509 0.368421 0.00368098 0.0596491
0 0.669325 0.269298 0.00306748 0.0473684
0 0.569939 0.263158 0.00306748 0.0491228
0 0.615337 0.712281 0.00613497 0.0912281
0 0.598466 0.729825 0.00490798 0.0912281
0 0.470092 0.560526 0.00398773 0.0578947
0 0.48865 0.2 0.00245399 0.0421053
0 0.47546 0.37807 0.00368098 0.0614035
0 0.521166 0.35614 0.00368098 0.0526316
0 0.526227 0.678947 0.00644172 0.0947368
0 0.661503 0.621053 0.00582822 0.0842105
0 0.27316 0.369298 0.00398773 0.054386
0 0.534663 0.466667 0.00490798 0.0701754
0 0.721626 0.583333 0.00521472 0.0789474
