0 0.359969 0.308772 0.00337423 0.0491228
0 0.228988 0.767544 0.00705521 0.0684211
0 0.408896 0.44386 0.00429448 0.0736842
0 0.226227 0.573684 0.00521472 0.0736842
0 0.181595 0.815789 0.00736196 0.0947368
0 0.702761 0.359649 0.00368098 0.0561404
0 0.569172 0.572807 0.00582822 0.0894737
0 0.515644 0.361403 0.00368098 0.0561404
0 0.366564 0.284211 0.00306748 0.0491228
0 0.506748 0.280702 0.00306748 0.0491228
0 0.385429 0.385965 0.00398773 0.0561404
0 0.206442 0.386842 0.00368098 0.0578947
0 0.558589 0.358772 0.00368098 0.0578947
0 0.588344 0.59386 0.00552147 0.0824561
0 0.476074 0.650877 0.00429448 0.0736842
0 0.334509 0.384211 0.00337423 0.0596491
0 0.407515 0.473684 0.00398773 0.0807018
0 0.464571 0.572807 0.00521472 0.0719298
0 0.430368 0.610526 0.00552147 0.0807018
0 0.427914 0.459649 0.00429448 0.0666667
0 0.519785 0.233333 0.00398773 0.0385965
0 0.290644 0.550877 0.00460123 0.0701754
0 0.479908 0.692105 0.00582822 0.0894737
