0 0.526687 0.176316 0.00184049 0.0298246
0 0.579755 0.297368 0.00306748 0.0473684
0 0.510429 0.294737 0.00368098 0.0526316
0 0.425307 0.540351 0.00460123 0.077193
0 0.506135 0.22193 0.00245399 0.0438596
0 0.475307 0.416667 0.00398773 0.0649123
0 0.440184 0.226316 0.00245399 0.045614
0 0.518865 0.262281 0.00276074 0.0473684
0 0.708896 0.317544 0.00368098 0.0561404
0 0.511963 0.368421 0.00368098 0.0596491
0 0.43911 0.411404 0.00398773 0.0649123
0 0.617945 0.412281 0.00398773 0.0631579
0 0.535736 0.357018 0.00337423 0.0578947
0 0.456288 0.166667 0.00337423 0.0491228
0 0.414724 0.541228 0.00490798 0.0754386
0 0.271012 0.339474 0.00460123 0.0719298
0 0.561043 0.448246 0.00429448 0.0649123
0 0.483436 0.373684 0.00368098 0.0596491
0 0.453374 0.294737 0.00306748 0.0526316
0 0.491871 0.491228 0.00460123 0.0666667
0 0.445552 0.678947 0.00582822 0.0877193
