0 0.443252 0.288596 0.00306748 0.0508772
0 0.373313 0.517544 0.00490798 0.0561404
0 0.306595 0.692982 0.00582822 0.077193
0 0.468252 0.323684 0.00337423 0.0438596
0 0.520245 0.190351 0.00245399 0.0403509
0 0.53681 0.269298 0.00306748 0.0473684
0 0.546933 0.344737 0.00368098 0.0578947
0 0.59862 0.295614 0.00337423 0.0508772
0 0.732822 0.355263 0.00368098 0.0578947
0 0.459202 0.410526 0.00245399 0.0561404
0 0.242638 0.374561 0.00368098 0.0578947
0 0.46365 0.430702 0.00398773 0.054386
0 0.297546 0.713158 0.00552147 0.0964912
0 0.443252 0.208772 0.00306748 0.0421053
0 0.525307 0.55614 0.00521472 0.077193
0 0.407669 0.390351 0.00368098 0.054386
0 0.649387 0.600877 0.00552147 0.0754386
0 0.630061 0.555263 0.00490798 0.0754386
0 0.552147 0.699123 0.00613497 0.0789474
0 0.494018 0.642982 0.00398773 0.0929825
0 0.554755 0.496491 0.00460123 0.0701754
0 0.396319 0.500877 0.00490798 0.0649123
0 0.452454 0.474561 0.00368098 0.0719298
