0 0.490491 0.263158 0.00306748 0.0491228
0 0.461503 0.2 0.00276074 0.0421053
0 0.528681 0.307895 0.00337423 0.0508772
0 0.529294 0.218421 0.00337423 0.0403509
0 0.421626 0.587719 0.00521472 0.0807018
0 0.535123 0.162281 0.00276074 0.0368421
0 0.515337 0.199123 0.00245399 0.0438596
0 0.716718 0.313158 0.00337423 0.054386
0 0.271319 0.337719 0.00460123 0.0684211
0 0.455828 0.376316 0.00368098 0.0578947
0 0.624847 0.4 0.00429448 0.0631579
0 0.526841 0.333333 0.00398773 0.0561404
0 0.605522 0.267544 0.00306748 0.0508772
0 0.446779 0.489474 0.00398773 0.0666667
0 0.525153 0.242105 0.00368098 0.045614
0 0.485736 0.392982 0.00398773 0.0631579
0 0.458282 0.168421 0.00306748 0.045614
0 0.54954 0.403509 0.00398773 0.0631579
0 0.464724 0.271053 0.00306748 0.0473684
0 0.472699 0.454386 0.00429448 0.0666667
0 0.494018 0.333333 0.00337423 0.0561404
0 0.515031 0.69386 0.00613497 0.0894737
0 0.43773 0.444737 0.00552147 0.0824561
