0 0.393252 0.3 0.00306748 0.0491228
0 0.717485 0.357895 0.00368098 0.0596491
0 0.575613 0.318421 0.00337423 0.054386
0 0.217945 0.368421 0.00398773 0.0631579
0 0.531902 0.350877 0.00368098 0.0596491
0 0.51319 0.264912 0.00306748 0.0491228
0 0.512117 0.485965 0.00460123 0.0666667
0 0.496319 0.686842 0.00613497 0.0894737
0 0.61089 0.565789 0.00521472 0.0789474
0 0.473466 0.62807 0.00398773 0.0807018
0 0.421319 0.338596 0.00337423 0.0526316
0 0.478681 0.573684 0.00521472 0.0701754
0 0.195092 0.768421 0.00613497 0.0807018
0 0.293865 0.52807 0.00429448 0.0631579
0 0.386043 0.251754 0.00337423 0.0473684
0 0.428374 0.442105 0.00337423 0.0561404
0 0.355061 0.391228 0.00337423 0.0561404
0 0.42454 0.431579 0.00429448 0.0596491
0 0.185123 0.784211 0.00644172 0.0912281
0 0.327301 0.535088 0.00490798 0.0701754
0 0.40046 0.490351 0.00398773 0.0754386
0 0.522086 0.203509 0.00429448 0.0385965
0 0.602301 0.579825 0.00521472 0.0964912
