0 0.421626 0.753509 0.00828221 0.0894737
0 0.462117 0.263158 0.00276074 0.045614
0 0.481442 0.392982 0.00398773 0.0596491
0 0.486656 0.382456 0.00337423 0.0596491
0 0.514571 0.179825 0.00276074 0.0368421
0 0.609816 0.288596 0.00306748 0.0508772
0 0.745399 0.357895 0.00368098 0.0561404
0 0.42316 0.707018 0.00521472 0.0807018
0 0.548006 0.345614 0.00337423 0.0561404
0 0.492945 0.300877 0.00306748 0.0438596
0 0.461196 0.190351 0.00276074 0.0368421
0 0.541871 0.263158 0.00276074 0.045614
0 0.633436 0.524561 0.00490798 0.0736842
0 0.552147 0.684211 0.00674847 0.0842105
0 0.544632 0.510526 0.00460123 0.0561404
0 0.431442 0.495614 0.00337423 0.0614035
0 0.265184 0.369298 0.00398773 0.0508772
0 0.682975 0.57807 0.00521472 0.0789474
0 0.445399 0.373684 0.00368098 0.0596491
0 0.560583 0.742982 0.00828221 0.0859649
0 0.566564 0.52193 0.00490798 0.0719298
0 0.43727 0.464912 0.00460123 0.0596491
0 0.48773 0.474561 0.00368098 0.0649123
