0 0.489877 0.162281 0.00245399 0.0368421
0 0.547546 0.275439 0.00306748 0.0491228
0 0.538497 0.262281 0.00337423 0.0508772
0 0.552914 0.32807 0.00337423 0.0526316
0 0.452147 0.311404 0.00368098 0.054386
0 0.462423 0.196491 0.00214724 0.0421053
0 0.527454 0.252632 0.00337423 0.045614
0 0.417638 0.22807 0.00276074 0.045614
0 0.459049 0.321053 0.00337423 0.0526316
0 0.730368 0.321053 0.00306748 0.0526316
0 0.557822 0.312281 0.00337423 0.0491228
0 0.47592 0.260526 0.00276074 0.0438596
0 0.571932 0.226316 0.00276074 0.045614
0 0.498159 0.286842 0.00306748 0.0508772
0 0.261196 0.314912 0.00460123 0.0719298
0 0.507669 0.187719 0.00368098 0.045614
0 0.59954 0.335088 0.00337423 0.0561404
0 0.58773 0.277193 0.00306748 0.0491228
0 0.464264 0.675439 0.00582822 0.0912281
0 0.614724 0.455263 0.00429448 0.0684211
0 0.404755 0.409649 0.00398773 0.0649123
0 0.53635 0.474561 0.00460123 0.0719298
0 0.577454 0.484211 0.00460123 0.0666667
