0 0.479908 0.402632 0.00276074 0.0508772
0 0.610123 0.291228 0.00306748 0.045614
0 0.461043 0.27807 0.00306748 0.0473684
0 0.742945 0.35614 0.00368098 0.0561404
0 0.550153 0.342105 0.00337423 0.0491228
0 0.481902 0.417544 0.00429448 0.0561404
0 0.518405 0.183333 0.00245399 0.0368421
0 0.544632 0.535088 0.00521472 0.0701754
0 0.43727 0.392105 0.00398773 0.0614035
0 0.544325 0.267544 0.00276074 0.0473684
0 0.67592 0.605263 0.00521472 0.0807018
0 0.482209 0.472807 0.00368098 0.0578947
0 0.48911 0.314912 0.00337423 0.0473684
0 0.380368 0.680702 0.00429448 0.077193
0 0.460276 0.192982 0.00276074 0.0385965
0 0.261656 0.373684 0.00368098 0.0526316
0 0.565798 0.514035 0.00460123 0.0736842
0 0.428681 0.484211 0.00460123 0.0596491
0 0.635583 0.541228 0.00490798 0.0719298
0 0.415644 0.507895 0.00613497 0.0754386
0 0.519939 0.651754 0.00674847 0.0964912
0 0.572239 0.731579 0.00644172 0.0912281
0 0.370706 0.711403 0.00582822 0.1
