0 0.510276 0.717544 0.00460123 0.0842105
0 0.53819 0.400877 0.00398773 0.0508772
0 0.568405 0.186842 0.00245399 0.0403509
0 0.490337 0.247368 0.00276074 0.045614
0 0.458282 0.528947 0.00306748 0.0649123
0 0.760123 0.370175 0.00368098 0.0596491
0 0.672393 0.262281 0.00245399 0.0473684
0 0.517178 0.726316 0.00552147 0.0912281
0 0.720706 0.558772 0.00521472 0.054386
0 0.639571 0.615789 0.00552147 0.0736842
0 0.781748 0.615789 0.00582822 0.0842105
0 0.570092 0.257018 0.00276074 0.0438596
0 0.62638 0.401754 0.00368098 0.0631579
0 0.489264 0.196491 0.00245399 0.0421053
0 0.46411 0.527193 0.00368098 0.0578947
0 0.630368 0.757018 0.00490798 0.0929825
0 0.476994 0.374561 0.00368098 0.0614035
0 0.653681 0.610526 0.00552147 0.0842105
0 0.619018 0.416667 0.00368098 0.0649123
0 0.521012 0.355263 0.00337423 0.054386
0 0.274233 0.367544 0.00368098 0.054386
0 0.53681 0.467544 0.00490798 0.0719298
0 0.636503 0.728947 0.00674847 0.0929825
