0 0.719632 0.313158 0.00368098 0.054386
0 0.471319 0.201754 0.00276074 0.0421053
0 0.532822 0.299123 0.00306748 0.0473684
0 0.524233 0.221053 0.00306748 0.045614
0 0.519018 0.200877 0.00306748 0.0438596
0 0.534202 0.161404 0.00276074 0.0385965
0 0.604601 0.270175 0.00306748 0.0491228
0 0.521319 0.24386 0.00337423 0.0421053
0 0.544172 0.335088 0.00306748 0.0631579
0 0.54908 0.392982 0.00368098 0.0596491
0 0.631135 0.407895 0.00398773 0.0649123
0 0.491871 0.39386 0.00398773 0.0614035
0 0.463344 0.168421 0.00337423 0.045614
0 0.487423 0.264912 0.00306748 0.0491228
0 0.47454 0.455263 0.00429448 0.0684211
0 0.467331 0.272807 0.00276074 0.0508772
0 0.460429 0.377193 0.00368098 0.0596491
0 0.274693 0.338596 0.00398773 0.0526316
0 0.448926 0.431579 0.00460123 0.077193
0 0.493712 0.329825 0.00337423 0.0561404
0 0.435583 0.611404 0.00552147 0.0824561
0 0.45092 0.495614 0.00429448 0.0719298
0 0.532515 0.714035 0.00613497 0.0912281
