0 0.45 0.329825 0.00368098 0.0526316
0 0.426074 0.289474 0.00306748 0.0385965
0 0.542025 0.346491 0.00368098 0.0578947
0 0.521012 0.19386 0.00276074 0.0403509
0 0.624233 0.557895 0.00490798 0.0807018
0 0.384969 0.390351 0.00306748 0.054386
0 0.529448 0.269298 0.00306748 0.0403509
0 0.259356 0.712281 0.00644172 0.0631579
0 0.728528 0.355263 0.00368098 0.0578947
0 0.337577 0.523684 0.00460123 0.0719298
0 0.588804 0.304386 0.00337423 0.054386
0 0.42362 0.224561 0.00306748 0.0421053
0 0.541258 0.483333 0.00460123 0.0649123
0 0.62638 0.588596 0.00490798 0.0859649
0 0.509969 0.562281 0.00521472 0.0614035
0 0.232209 0.371053 0.00429448 0.0614035
0 0.448466 0.438596 0.00368098 0.0526316
0 0.524847 0.692105 0.00613497 0.0894737
0 0.244479 0.732456 0.00674847 0.1
0 0.442791 0.415789 0.00460123 0.0561404
0 0.428221 0.476316 0.00368098 0.0719298
0 0.368405 0.519298 0.00552147 0.0701754
0 0.484202 0.635965 0.00398773 0.0929825
