0 0.595552 0.422807 0.00398773 0.0561404
0 0.57454 0.20614 0.00245399 0.0438596
0 0.453374 0.562281 0.00490798 0.0578947
0 0.464417 0.278947 0.00306748 0.0491228
0 0.557055 0.27193 0.00306748 0.045614
0 0.649387 0.301754 0.00306748 0.0526316
0 0.746012 0.362281 0.00368098 0.0578947
0 0.579755 0.451754 0.00429448 0.0614035
0 0.492025 0.365789 0.00368098 0.0508772
0 0.569939 0.610526 0.00552147 0.0807018
0 0.630215 0.577193 0.00521472 0.0666667
0 0.550153 0.7 0.00644172 0.0736842
0 0.262423 0.374561 0.00337423 0.054386
0 0.705061 0.605263 0.00521472 0.077193
0 0.478834 0.207018 0.00245399 0.0421053
0 0.43819 0.664035 0.00582822 0.0824561
0 0.712423 0.577193 0.00582822 0.0842105
0 0.521933 0.690351 0.00521472 0.0964912
0 0.508742 0.442982 0.00521472 0.0614035
0 0.468098 0.535965 0.00490798 0.0684211
0 0.518712 0.44386 0.00368098 0.0596491
0 0.442025 0.405263 0.00429448 0.0631579
0 0.484356 0.723684 0.00613497 0.0859649
