0 0.23865 0.59386 0.00674847 0.0754386
0 0.694785 0.37193 0.00368098 0.0596491
0 0.357822 0.325439 0.00337423 0.054386
0 0.189571 0.418421 0.00368098 0.054386
0 0.316411 0.416667 0.00337423 0.0649123
0 0.493405 0.307018 0.00337423 0.0561404
0 0.37454 0.648246 0.00429448 0.0824561
0 0.496472 0.391228 0.00398773 0.0631579
0 0.384509 0.498246 0.00460123 0.0666667
0 0.159969 0.651754 0.00582822 0.0894737
0 0.504755 0.299123 0.00337423 0.0438596
0 0.364877 0.32193 0.00337423 0.0473684
0 0.346472 0.450877 0.00398773 0.0631579
0 0.559049 0.657895 0.00582822 0.0877193
0 0.381595 0.64386 0.00552147 0.0842105
0 0.499386 0.662281 0.00490798 0.0824561
0 0.541258 0.418421 0.00398773 0.0649123
0 0.507209 0.680702 0.00521472 0.0982456
0 0.540798 0.586842 0.00552147 0.0789474
0 0.315951 0.718421 0.00613497 0.0929825
0 0.21273 0.785965 0.00705521 0.0982456
0 0.403834 0.505263 0.00460123 0.0736842
0 0.42362 0.477193 0.00429448 0.077193
