0 0.486656 0.270175 0.00337423 0.0421053
0 0.422393 0.299123 0.00306748 0.0508772
0 0.536043 0.221053 0.00276074 0.0421053
0 0.618405 0.521053 0.00490798 0.0736842
0 0.719325 0.361403 0.00368098 0.0596491
0 0.408436 0.425439 0.00398773 0.0649123
0 0.53635 0.476316 0.00460123 0.0614035
0 0.468405 0.346491 0.00368098 0.0508772
0 0.507822 0.664035 0.00582822 0.0754386
0 0.452454 0.473684 0.00368098 0.0596491
0 0.616718 0.325439 0.00337423 0.054386
0 0.4 0.595614 0.00552147 0.0789474
0 0.522546 0.429825 0.00398773 0.0631579
0 0.409816 0.594737 0.00490798 0.077193
0 0.541104 0.562281 0.00490798 0.0754386
0 0.457822 0.5 0.00460123 0.0631579
0 0.496779 0.565789 0.00521472 0.0789474
0 0.339417 0.673684 0.00582822 0.0877193
0 0.617945 0.596491 0.00521472 0.0807018
0 0.252301 0.368421 0.00337423 0.0526316
0 0.445706 0.2 0.00429448 0.0561404
0 0.424847 0.537719 0.00490798 0.0754386
0 0.474847 0.721053 0.00674847 0.0877193
