0 0.485429 0.396491 0.00460123 0.0596491
0 0.486656 0.385088 0.00398773 0.054386
0 0.483896 0.399123 0.00398773 0.0578947
0 0.493712 0.305263 0.00337423 0.0421053
0 0.430215 0.5 0.00337423 0.0596491
0 0.548926 0.345614 0.00337423 0.0526316
0 0.46181 0.267544 0.00276074 0.0473684
0 0.515644 0.180702 0.00245399 0.0350877
0 0.413497 0.692105 0.00490798 0.0824561
0 0.744785 0.35614 0.00368098 0.0596491
0 0.544172 0.264035 0.00306748 0.0473684
0 0.461196 0.190351 0.00276074 0.0368421
0 0.546933 0.515789 0.00490798 0.0666667
0 0.265951 0.370175 0.00368098 0.0526316
0 0.610736 0.288596 0.00306748 0.0508772
0 0.565798 0.752632 0.00766871 0.0912281
0 0.684356 0.590351 0.00552147 0.0789474
0 0.63589 0.52807 0.00490798 0.0736842
0 0.445399 0.380702 0.00368098 0.0596491
0 0.410276 0.735965 0.00828221 0.0929825
0 0.542025 0.670175 0.00674847 0.0982456
0 0.566564 0.521053 0.00490798 0.0736842
0 0.437117 0.469298 0.00429448 0.0578947
0 0.488344 0.474561 0.00368098 0.0649123
