0 0.51273 0.714912 0.00460123 0.0824561
0 0.53819 0.400877 0.00398773 0.0508772
0 0.569325 0.186842 0.00245399 0.0403509
0 0.490337 0.248246 0.00276074 0.0473684
0 0.671933 0.261404 0.00276074 0.045614
0 0.760123 0.370175 0.00368098 0.0596491
0 0.459202 0.532456 0.00306748 0.0684211
0 0.639417 0.621053 0.00582822 0.0807018
0 0.570245 0.260526 0.00306748 0.0473684
0 0.626074 0.405263 0.00368098 0.0631579
0 0.520706 0.721053 0.00582822 0.0947368
0 0.489264 0.196491 0.00245399 0.0421053
0 0.721779 0.563158 0.00490798 0.0596491
0 0.618712 0.417544 0.00368098 0.0631579
0 0.780982 0.615789 0.00552147 0.0842105
0 0.465491 0.532456 0.00398773 0.0578947
0 0.624693 0.757895 0.00521472 0.0982456
0 0.632669 0.726316 0.00644172 0.0877193
0 0.476994 0.374561 0.00368098 0.0614035
0 0.521319 0.355263 0.00337423 0.054386
0 0.655521 0.614912 0.00552147 0.0824561
0 0.274233 0.368421 0.00429448 0.0561404
0 0.536503 0.467544 0.00490798 0.0719298
