0 0.432515 0.289474 0.00306748 0.0385965
0 0.457209 0.326316 0.00337423 0.0421053
0 0.531748 0.270175 0.00337423 0.045614
0 0.520859 0.19386 0.00245399 0.0403509
0 0.543558 0.347368 0.00368098 0.0596491
0 0.592178 0.301754 0.00337423 0.0526316
0 0.271319 0.715789 0.00644172 0.0807018
0 0.235123 0.371053 0.00398773 0.0614035
0 0.632975 0.592982 0.00521472 0.0877193
0 0.729141 0.355263 0.00368098 0.0578947
0 0.447546 0.412281 0.00490798 0.0561404
0 0.392178 0.391228 0.00337423 0.0561404
0 0.453528 0.438596 0.00398773 0.0561404
0 0.545859 0.488596 0.00460123 0.0684211
0 0.347853 0.52193 0.00490798 0.0754386
0 0.430215 0.216667 0.00337423 0.0438596
0 0.625614 0.557018 0.00521472 0.0789474
0 0.435736 0.476316 0.00337423 0.0684211
0 0.514264 0.563158 0.00521472 0.077193
0 0.377454 0.513158 0.00521472 0.0719298
0 0.532669 0.694737 0.00644172 0.0912281
0 0.261043 0.72193 0.00674847 0.0964912
0 0.487117 0.637719 0.00429448 0.0929825
