0 0.540644 0.226316 0.00276074 0.0421053
0 0.446626 0.208772 0.00368098 0.0526316
0 0.497239 0.267544 0.00306748 0.0473684
0 0.251074 0.374561 0.00276074 0.0473684
0 0.476074 0.59386 0.00552147 0.0649123
0 0.420092 0.310526 0.00337423 0.0561404
0 0.626994 0.539474 0.00490798 0.0754386
0 0.539724 0.444737 0.00460123 0.0684211
0 0.400307 0.566667 0.00490798 0.0666667
0 0.719785 0.364912 0.00398773 0.0596491
0 0.46319 0.351754 0.00368098 0.054386
0 0.615491 0.32807 0.00337423 0.0561404
0 0.486043 0.695614 0.00521472 0.0789474
0 0.431902 0.541228 0.00490798 0.0789474
0 0.40092 0.436842 0.00429448 0.0666667
0 0.482055 0.729825 0.00582822 0.0807018
0 0.340644 0.650877 0.00460123 0.0807018
0 0.447239 0.535088 0.00490798 0.0701754
0 0.52546 0.449123 0.00429448 0.0666667
0 0.639877 0.607895 0.00552147 0.0824561
0 0.452761 0.47193 0.00368098 0.0631579
0 0.380982 0.633333 0.00552147 0.0807018
0 0.547699 0.620175 0.00582822 0.0719298
