0 0.501534 0.289474 0.00306748 0.0385965
0 0.496779 0.248246 0.00276074 0.0368421
0 0.456135 0.42807 0.00429448 0.0631579
0 0.51411 0.162281 0.00306748 0.0508772
0 0.565798 0.420175 0.00398773 0.054386
0 0.470552 0.232456 0.00245399 0.0438596
0 0.727607 0.338596 0.00368098 0.0561404
0 0.475767 0.314035 0.00306748 0.0561404
0 0.441104 0.576316 0.00429448 0.0614035
0 0.515031 0.555263 0.00490798 0.0578947
0 0.478988 0.433333 0.00398773 0.0631579
0 0.516411 0.22193 0.00276074 0.0438596
0 0.603067 0.27807 0.00306748 0.0508772
0 0.622393 0.442105 0.00429448 0.0666667
0 0.543405 0.325439 0.00337423 0.0578947
0 0.488804 0.395614 0.00398773 0.0614035
0 0.265337 0.351754 0.00368098 0.054386
0 0.458896 0.308772 0.00306748 0.0526316
0 0.447086 0.414035 0.00398773 0.0631579
0 0.542945 0.359649 0.00429448 0.0596491
0 0.468865 0.175439 0.00276074 0.0385965
0 0.589571 0.741228 0.00613497 0.0894737
0 0.439877 0.696491 0.00613497 0.0912281
