0 0.694632 0.368421 0.00337423 0.0596491
0 0.356595 0.334211 0.00337423 0.054386
0 0.220859 0.780702 0.00674847 0.101754
0 0.316411 0.429825 0.00398773 0.0666667
0 0.170092 0.647368 0.00582822 0.0807018
0 0.190798 0.420175 0.00429448 0.0578947
0 0.356288 0.658772 0.00398773 0.0859649
0 0.493252 0.647368 0.00613497 0.0912281
0 0.491564 0.313158 0.00337423 0.054386
0 0.36411 0.331579 0.00306748 0.0491228
0 0.503067 0.681579 0.00552147 0.1
0 0.398773 0.520175 0.00490798 0.0719298
0 0.368558 0.648246 0.00460123 0.0824561
0 0.537577 0.42807 0.00398773 0.0631579
0 0.493405 0.4 0.00398773 0.0631579
0 0.378374 0.511404 0.00460123 0.0684211
0 0.503221 0.307018 0.00337423 0.045614
0 0.344172 0.457895 0.00429448 0.0666667
0 0.552914 0.670175 0.00582822 0.0877193
0 0.536963 0.585965 0.00521472 0.0807018
0 0.32638 0.714912 0.00613497 0.0929825
0 0.423313 0.485088 0.00429448 0.0754386
0 0.235583 0.598246 0.00674847 0.0807018
