0 0.496472 0.281579 0.00276074 0.0438596
0 0.714877 0.332456 0.00337423 0.054386
0 0.501687 0.233333 0.00276074 0.0421053
0 0.497853 0.342105 0.00368098 0.0526316
0 0.606595 0.322807 0.00337423 0.0491228
0 0.545245 0.400877 0.00398773 0.0649123
0 0.471472 0.442982 0.00429448 0.0684211
0 0.53681 0.189474 0.00245399 0.0421053
0 0.443098 0.24386 0.00276074 0.0491228
0 0.457362 0.171053 0.00306748 0.0473684
0 0.487577 0.427193 0.00398773 0.0649123
0 0.579295 0.492105 0.00460123 0.0684211
0 0.452914 0.321053 0.00337423 0.0561404
0 0.630061 0.452632 0.00429448 0.0666667
0 0.42454 0.570175 0.00490798 0.077193
0 0.53773 0.391228 0.00429448 0.0631579
0 0.267791 0.34386 0.00429448 0.0666667
0 0.431595 0.454386 0.00429448 0.0701754
0 0.523006 0.338596 0.00368098 0.0561404
0 0.415644 0.542105 0.00490798 0.077193
0 0.51089 0.531579 0.00460123 0.0666667
0 0.408589 0.690351 0.00613497 0.0894737
0 0.438344 0.610526 0.00736196 0.0877193
