0 0.602761 0.276316 0.00306748 0.0508772
0 0.498313 0.245614 0.00276074 0.0421053
0 0.458436 0.422807 0.00398773 0.0631579
0 0.515798 0.164912 0.00337423 0.0526316
0 0.56181 0.413158 0.00398773 0.0508772
0 0.478988 0.429825 0.00398773 0.0631579
0 0.477761 0.309649 0.00337423 0.054386
0 0.72638 0.337719 0.00368098 0.054386
0 0.470706 0.229825 0.00276074 0.045614
0 0.503221 0.286842 0.00276074 0.0438596
0 0.517025 0.221053 0.00276074 0.045614
0 0.460429 0.307018 0.00306748 0.0526316
0 0.489571 0.387719 0.00368098 0.0596491
0 0.545245 0.357018 0.00398773 0.0578947
0 0.508436 0.538597 0.00460123 0.0631579
0 0.623006 0.439474 0.00429448 0.0684211
0 0.469632 0.173684 0.00306748 0.0385965
0 0.448466 0.414035 0.00368098 0.0631579
0 0.441718 0.562281 0.00368098 0.0614035
0 0.543865 0.32193 0.00368098 0.054386
0 0.267485 0.35 0.00368098 0.054386
0 0.442791 0.689474 0.00644172 0.0912281
0 0.584356 0.729825 0.00613497 0.0947368
