0 0.495859 0.315789 0.00337423 0.045614
0 0.43635 0.640351 0.00582822 0.0736842
0 0.509969 0.164912 0.00276074 0.045614
0 0.471012 0.332456 0.00337423 0.0578947
0 0.441718 0.454386 0.00368098 0.0631579
0 0.490337 0.265789 0.00276074 0.0438596
0 0.441871 0.425439 0.00398773 0.0614035
0 0.478988 0.448246 0.00398773 0.0684211
0 0.514877 0.231579 0.00276074 0.0421053
0 0.450767 0.329825 0.00337423 0.0561404
0 0.603681 0.282456 0.00306748 0.0526316
0 0.733436 0.35 0.00368098 0.0578947
0 0.53727 0.387719 0.00398773 0.0561404
0 0.486196 0.426316 0.00368098 0.0631579
0 0.258742 0.355263 0.00337423 0.0473684
0 0.467025 0.242105 0.00276074 0.045614
0 0.578528 0.749123 0.00674847 0.0912281
0 0.541258 0.335965 0.00337423 0.054386
0 0.583129 0.448246 0.00429448 0.0614035
0 0.532515 0.650877 0.00552147 0.0842105
0 0.464571 0.183333 0.00276074 0.0368421
0 0.633282 0.453509 0.00398773 0.0649123
0 0.432515 0.747368 0.00613497 0.0912281
