0 0.479601 0.404386 0.00337423 0.054386
0 0.460429 0.27807 0.00306748 0.0473684
0 0.610123 0.291228 0.00306748 0.045614
0 0.550153 0.342105 0.00337423 0.0491228
0 0.742638 0.357018 0.00368098 0.054386
0 0.481595 0.419298 0.00429448 0.0561404
0 0.518405 0.183333 0.00245399 0.0368421
0 0.436656 0.392105 0.00398773 0.0614035
0 0.544172 0.267544 0.00306748 0.0473684
0 0.544172 0.537719 0.00490798 0.0719298
0 0.675307 0.605263 0.00521472 0.0842105
0 0.481442 0.47193 0.00337423 0.0561404
0 0.488804 0.314035 0.00337423 0.0491228
0 0.460123 0.19386 0.00306748 0.0368421
0 0.378374 0.678947 0.00460123 0.077193
0 0.26135 0.373684 0.00368098 0.0526316
0 0.565644 0.514035 0.00490798 0.0736842
0 0.414877 0.508772 0.00644172 0.0736842
0 0.519018 0.652632 0.00674847 0.0947368
0 0.635583 0.542105 0.00490798 0.0736842
0 0.571932 0.728947 0.00644172 0.0929825
0 0.427914 0.485965 0.00429448 0.0596491
0 0.368712 0.713158 0.00613497 0.1
