0 0.520399 0.198246 0.00276074 0.0350877
0 0.534663 0.30614 0.00306748 0.0508772
0 0.520552 0.217544 0.00306748 0.0421053
0 0.472393 0.20614 0.00245399 0.0438596
0 0.532515 0.163158 0.00245399 0.0385965
0 0.519325 0.245614 0.00306748 0.0421053
0 0.548773 0.378947 0.00368098 0.0561404
0 0.721626 0.316667 0.00337423 0.054386
0 0.465798 0.169298 0.00337423 0.0403509
0 0.602454 0.274561 0.00306748 0.0508772
0 0.551074 0.335965 0.00276074 0.0578947
0 0.462883 0.37807 0.00368098 0.0578947
0 0.486503 0.267544 0.00306748 0.0508772
0 0.467638 0.276316 0.00276074 0.0508772
0 0.475307 0.455263 0.00398773 0.0684211
0 0.452914 0.424561 0.00460123 0.0736842
0 0.634816 0.403509 0.00398773 0.0631579
0 0.493712 0.4 0.00398773 0.0596491
0 0.493558 0.333333 0.00306748 0.0561404
0 0.275613 0.340351 0.00398773 0.0561404
0 0.448313 0.499123 0.00398773 0.0649123
0 0.538804 0.717544 0.00644172 0.0912281
0 0.441718 0.615789 0.00552147 0.0842105
