0 0.488344 0.159649 0.00245399 0.0385965
0 0.460123 0.188596 0.00245399 0.0368421
0 0.539571 0.255263 0.00306748 0.0438596
0 0.553374 0.275439 0.00306748 0.0491228
0 0.455061 0.30614 0.00337423 0.054386
0 0.732055 0.321053 0.00337423 0.0526316
0 0.56365 0.30614 0.00337423 0.0508772
0 0.501534 0.179825 0.00368098 0.0438596
0 0.415491 0.224561 0.00276074 0.045614
0 0.530368 0.25 0.00368098 0.0473684
0 0.552454 0.317544 0.00306748 0.0526316
0 0.498159 0.27807 0.00306748 0.0473684
0 0.571779 0.218421 0.00245399 0.0438596
0 0.597699 0.326316 0.00337423 0.0561404
0 0.262577 0.310526 0.00429448 0.0701754
0 0.586963 0.27193 0.00276074 0.0491228
0 0.460123 0.317544 0.00368098 0.0561404
0 0.47684 0.251754 0.00276074 0.0438596
0 0.405982 0.403509 0.00398773 0.0631579
0 0.463804 0.657895 0.00552147 0.0877193
0 0.614417 0.444737 0.00429448 0.0684211
0 0.536656 0.465789 0.00460123 0.0684211
0 0.584663 0.476316 0.00429448 0.0684211
