0 0.720245 0.364035 0.00368098 0.0578947
0 0.424233 0.294737 0.00306748 0.0526316
0 0.617791 0.519298 0.00490798 0.0736842
0 0.536656 0.220175 0.00276074 0.0403509
0 0.483742 0.265789 0.00306748 0.0473684
0 0.411503 0.597368 0.00521472 0.0824561
0 0.469785 0.344737 0.00337423 0.0508772
0 0.461503 0.490351 0.00460123 0.0614035
0 0.41135 0.419298 0.00429448 0.0631579
0 0.536503 0.485088 0.00429448 0.0578947
0 0.616718 0.326316 0.00337423 0.0561404
0 0.452454 0.47193 0.00368098 0.0631579
0 0.252301 0.365789 0.00337423 0.054386
0 0.522239 0.427193 0.00398773 0.0649123
0 0.404908 0.584211 0.00552147 0.0842105
0 0.541871 0.540351 0.00460123 0.0736842
0 0.422086 0.538597 0.00490798 0.0736842
0 0.499233 0.55614 0.00521472 0.077193
0 0.446012 0.198246 0.00429448 0.0561404
0 0.342791 0.678947 0.00582822 0.0842105
0 0.515491 0.65 0.00582822 0.0824561
0 0.615644 0.597368 0.00552147 0.0824561
0 0.47316 0.713158 0.00705521 0.0859649
