0 0.182515 0.784211 0.00674847 0.0912281
0 0.497546 0.507895 0.00490798 0.0719298
0 0.71319 0.357895 0.00368098 0.0596491
0 0.46319 0.580702 0.00552147 0.077193
0 0.509356 0.267544 0.00276074 0.0473684
0 0.570092 0.32807 0.00337423 0.0561404
0 0.211963 0.372807 0.00368098 0.0614035
0 0.527301 0.353509 0.00368098 0.0578947
0 0.379448 0.307018 0.00306748 0.0526316
0 0.276074 0.535965 0.00429448 0.0649123
0 0.470092 0.628947 0.00460123 0.0824561
0 0.408589 0.348246 0.00368098 0.054386
0 0.424387 0.442982 0.00337423 0.054386
0 0.347086 0.389474 0.00337423 0.0561404
0 0.604908 0.573684 0.00552147 0.0807018
0 0.489264 0.684211 0.00613497 0.0877193
0 0.313957 0.535965 0.00460123 0.0684211
0 0.37362 0.263158 0.00368098 0.045614
0 0.419325 0.435088 0.00429448 0.0701754
0 0.521933 0.210526 0.00398773 0.0385965
0 0.397699 0.489474 0.00398773 0.077193
0 0.592638 0.576316 0.00490798 0.0964912
