0 0.473926 0.433333 0.00429448 0.0666667
0 0.531902 0.178947 0.00245399 0.0350877
0 0.522086 0.326316 0.00368098 0.0561404
0 0.541871 0.377193 0.00398773 0.0596491
0 0.509202 0.269298 0.00306748 0.0473684
0 0.588957 0.309649 0.00306748 0.054386
0 0.502147 0.310526 0.00306748 0.0491228
0 0.71089 0.323684 0.00337423 0.054386
0 0.525153 0.378947 0.00368098 0.0596491
0 0.458129 0.168421 0.00337423 0.0491228
0 0.454294 0.304386 0.00306748 0.054386
0 0.626074 0.432456 0.00429448 0.0649123
0 0.430368 0.57193 0.00490798 0.077193
0 0.440644 0.233333 0.00276074 0.045614
0 0.569325 0.467544 0.00429448 0.0684211
0 0.436043 0.430702 0.00398773 0.0649123
0 0.271626 0.340351 0.00460123 0.0701754
0 0.505368 0.222807 0.00337423 0.045614
0 0.500767 0.511404 0.00460123 0.0719298
0 0.484816 0.4 0.00398773 0.0631579
0 0.42454 0.548246 0.00490798 0.0754386
0 0.414724 0.538597 0.00490798 0.077193
0 0.42684 0.685088 0.00582822 0.0859649
