0 0.471779 0.22193 0.00245399 0.0438596
0 0.503834 0.234211 0.00276074 0.0403509
0 0.519172 0.216667 0.00276074 0.0438596
0 0.494632 0.503509 0.00460123 0.0596491
0 0.462577 0.408772 0.00368098 0.0631579
0 0.72408 0.330702 0.00337423 0.054386
0 0.451534 0.410526 0.00368098 0.0631579
0 0.480982 0.299123 0.00306748 0.0508772
0 0.550614 0.351754 0.00368098 0.0614035
0 0.481902 0.422807 0.00429448 0.0666667
0 0.519325 0.166667 0.00306748 0.0491228
0 0.507515 0.277193 0.00337423 0.045614
0 0.603988 0.272807 0.00306748 0.0508772
0 0.46411 0.297368 0.00306748 0.0508772
0 0.492331 0.370175 0.00368098 0.0596491
0 0.555368 0.399123 0.00398773 0.0508772
0 0.544172 0.315789 0.00368098 0.0561404
0 0.271166 0.348246 0.00368098 0.0508772
0 0.626074 0.422807 0.00429448 0.0666667
0 0.472086 0.17193 0.00306748 0.0385965
0 0.443712 0.538597 0.00398773 0.0631579
0 0.572239 0.730702 0.00644172 0.0964912
0 0.44816 0.663158 0.00552147 0.0842105
