0 0.705828 0.364912 0.00368098 0.0596491
0 0.361503 0.310526 0.00337423 0.0491228
0 0.245245 0.559649 0.00521472 0.0666667
0 0.177147 0.835088 0.00644172 0.0736842
0 0.208436 0.786842 0.00705521 0.0859649
0 0.57592 0.572807 0.00582822 0.0929825
0 0.519632 0.357895 0.00368098 0.0561404
0 0.367025 0.27807 0.00337423 0.0473684
0 0.392638 0.371053 0.00368098 0.054386
0 0.208282 0.381579 0.00368098 0.0578947
0 0.507055 0.276316 0.00306748 0.0508772
0 0.562117 0.349123 0.00337423 0.0561404
0 0.439417 0.599123 0.00521472 0.0824561
0 0.473466 0.642982 0.00460123 0.0789474
0 0.425153 0.457895 0.00429448 0.0666667
0 0.33773 0.385088 0.00306748 0.0578947
0 0.593405 0.586842 0.00521472 0.0824561
0 0.479294 0.548246 0.00521472 0.0754386
0 0.520706 0.225439 0.00398773 0.0368421
0 0.403528 0.479825 0.00398773 0.0789474
0 0.41227 0.438596 0.00429448 0.0701754
0 0.298313 0.54386 0.00460123 0.0666667
0 0.478681 0.691228 0.00582822 0.0912281
