0 0.447393 0.207895 0.00337423 0.0473684
0 0.499386 0.265789 0.00306748 0.0473684
0 0.399847 0.563158 0.00460123 0.0666667
0 0.484356 0.695614 0.00552147 0.0789474
0 0.420092 0.312281 0.00337423 0.0561404
0 0.483282 0.72807 0.00582822 0.077193
0 0.250767 0.375439 0.00276074 0.045614
0 0.540951 0.227193 0.00276074 0.0438596
0 0.540184 0.442105 0.00429448 0.0631579
0 0.46227 0.351754 0.00368098 0.054386
0 0.720245 0.364035 0.00368098 0.0578947
0 0.615491 0.32807 0.00337423 0.0561404
0 0.446319 0.535965 0.00490798 0.0684211
0 0.476227 0.59386 0.00521472 0.0754386
0 0.432362 0.540351 0.00460123 0.077193
0 0.342178 0.65 0.00460123 0.0789474
0 0.643558 0.604386 0.00552147 0.0684211
0 0.378988 0.637719 0.00582822 0.0824561
0 0.526074 0.449123 0.00429448 0.0666667
0 0.628067 0.536842 0.00460123 0.077193
0 0.399386 0.435965 0.00429448 0.0649123
0 0.452914 0.47193 0.00398773 0.0631579
0 0.548006 0.619298 0.00582822 0.0736842
