0 0.501687 0.238596 0.00276074 0.0421053
0 0.518405 0.217544 0.00245399 0.0421053
0 0.471472 0.225439 0.00245399 0.0438596
0 0.54908 0.355263 0.00368098 0.0614035
0 0.499233 0.516667 0.00460123 0.0578947
0 0.480828 0.424561 0.00398773 0.0631579
0 0.461503 0.414912 0.00398773 0.0649123
0 0.517791 0.166667 0.00306748 0.0491228
0 0.479755 0.302632 0.00306748 0.054386
0 0.556902 0.403509 0.00398773 0.0526316
0 0.603374 0.272807 0.00306748 0.0508772
0 0.491411 0.376316 0.00368098 0.0578947
0 0.505982 0.280702 0.00337423 0.0421053
0 0.46319 0.300877 0.00306748 0.0508772
0 0.725 0.333333 0.00337423 0.0561404
0 0.624693 0.426316 0.00398773 0.0666667
0 0.45046 0.410526 0.00337423 0.0631579
0 0.471472 0.17193 0.00306748 0.0385965
0 0.544172 0.317544 0.00368098 0.0561404
0 0.270245 0.348246 0.00368098 0.054386
0 0.446779 0.673684 0.00582822 0.0877193
0 0.443098 0.546491 0.00398773 0.0649123
0 0.57638 0.728947 0.00613497 0.0964912
