0 0.617331 0.571053 0.00828221 0.0859649
0 0.410429 0.292105 0.00306748 0.0438596
0 0.494325 0.564035 0.00521472 0.0614035
0 0.227761 0.727193 0.00644172 0.0649123
0 0.538344 0.35 0.00368098 0.0578947
0 0.521779 0.265789 0.00306748 0.0473684
0 0.723926 0.355263 0.00368098 0.054386
0 0.521933 0.2 0.00398773 0.0385965
0 0.225 0.364912 0.00398773 0.0596491
0 0.43635 0.334211 0.00337423 0.0508772
0 0.582975 0.309649 0.00337423 0.054386
0 0.619172 0.560526 0.00521472 0.0789474
0 0.614571 0.580702 0.00521472 0.0877193
0 0.369785 0.389474 0.00337423 0.0561404
0 0.528374 0.483333 0.00460123 0.0684211
0 0.406288 0.233333 0.00337423 0.0421053
0 0.21089 0.762281 0.00644172 0.0859649
0 0.438344 0.438596 0.00368098 0.0596491
0 0.508896 0.688596 0.00613497 0.0894737
0 0.432975 0.424561 0.00460123 0.0631579
0 0.316104 0.521053 0.00460123 0.0701754
0 0.412883 0.480702 0.00368098 0.0736842
0 0.478988 0.629825 0.00398773 0.0912281
0 0.348466 0.526316 0.00552147 0.0701754
