0 0.506135 0.718421 0.00490798 0.0894737
0 0.537423 0.404386 0.00429448 0.0614035
0 0.567485 0.187719 0.00245399 0.0385965
0 0.490491 0.247368 0.00245399 0.045614
0 0.456595 0.52193 0.00337423 0.0719298
0 0.636043 0.598246 0.00521472 0.0631579
0 0.760123 0.370175 0.00368098 0.0596491
0 0.641564 0.774561 0.00705521 0.103509
0 0.643252 0.737719 0.00674847 0.0789474
0 0.511963 0.730702 0.00552147 0.0964912
0 0.780982 0.613158 0.00552147 0.0824561
0 0.672853 0.258772 0.00276074 0.0473684
0 0.569939 0.257895 0.00306748 0.045614
0 0.489571 0.195614 0.00245399 0.0438596
0 0.626994 0.397368 0.00368098 0.0614035
0 0.519632 0.357018 0.00368098 0.054386
0 0.619172 0.407018 0.00398773 0.0631579
0 0.718098 0.55614 0.00490798 0.0701754
0 0.477301 0.37193 0.00368098 0.0596491
0 0.65092 0.610526 0.00552147 0.0842105
0 0.27408 0.367544 0.00398773 0.0508772
0 0.537117 0.467544 0.00490798 0.0719298
0 0.462117 0.517544 0.00460123 0.0631579
