0 0.418405 0.584211 0.00552147 0.0807018
0 0.492485 0.264035 0.00337423 0.0508772
0 0.458436 0.199123 0.00276074 0.0403509
0 0.604601 0.268421 0.00306748 0.0491228
0 0.529908 0.223684 0.00337423 0.0403509
0 0.534816 0.162281 0.00276074 0.0368421
0 0.513497 0.198246 0.00245399 0.0385965
0 0.454294 0.374561 0.00368098 0.0578947
0 0.714877 0.309649 0.00337423 0.054386
0 0.483896 0.39386 0.00398773 0.0614035
0 0.528681 0.314035 0.00337423 0.0561404
0 0.270245 0.337719 0.00429448 0.0719298
0 0.526687 0.242105 0.00368098 0.045614
0 0.443712 0.488596 0.00337423 0.0684211
0 0.472699 0.45614 0.00429448 0.0666667
0 0.549233 0.408772 0.00398773 0.0631579
0 0.492791 0.331579 0.00337423 0.0561404
0 0.457055 0.168421 0.00306748 0.0421053
0 0.621626 0.4 0.00398773 0.0631579
0 0.463804 0.273684 0.00306748 0.0491228
0 0.434816 0.452632 0.00521472 0.077193
0 0.522086 0.330702 0.00429448 0.0578947
0 0.510123 0.689474 0.00613497 0.0912281
