0 0.446779 0.20614 0.00276074 0.0403509
0 0.50184 0.340351 0.00368098 0.0526316
0 0.481595 0.338596 0.00368098 0.0526316
0 0.531902 0.251754 0.00306748 0.0438596
0 0.529601 0.242105 0.00276074 0.045614
0 0.527761 0.163158 0.00276074 0.0421053
0 0.494785 0.271053 0.00306748 0.0438596
0 0.61273 0.396491 0.00398773 0.0631579
0 0.708436 0.307895 0.00337423 0.054386
0 0.507669 0.202632 0.00245399 0.0438596
0 0.476534 0.400877 0.00398773 0.0614035
0 0.457055 0.278947 0.00306748 0.0526316
0 0.592945 0.266667 0.00306748 0.0491228
0 0.429601 0.494737 0.00398773 0.0736842
0 0.445245 0.385965 0.00398773 0.0596491
0 0.552607 0.424561 0.00398773 0.0631579
0 0.454755 0.163158 0.00337423 0.045614
0 0.423926 0.488596 0.00552147 0.0859649
0 0.527147 0.32807 0.00337423 0.0561404
0 0.478834 0.468421 0.00429448 0.0666667
0 0.265798 0.338596 0.00460123 0.0701754
0 0.415951 0.553509 0.00490798 0.0754386
0 0.481748 0.670175 0.00582822 0.0842105
