0 0.602147 0.276316 0.00306748 0.0508772
0 0.721779 0.322807 0.00368098 0.0561404
0 0.472086 0.212281 0.00245399 0.0421053
0 0.485583 0.279825 0.00306748 0.0508772
0 0.557055 0.342105 0.00368098 0.0561404
0 0.527454 0.164912 0.00276074 0.0421053
0 0.540031 0.307895 0.00337423 0.054386
0 0.553068 0.377193 0.00368098 0.0561404
0 0.465951 0.389474 0.00368098 0.0631579
0 0.492178 0.405263 0.00398773 0.0631579
0 0.494939 0.345614 0.00337423 0.0561404
0 0.470399 0.169298 0.00276074 0.0368421
0 0.468098 0.281579 0.00306748 0.0508772
0 0.51411 0.22193 0.00306748 0.0438596
0 0.634202 0.407895 0.00398773 0.0649123
0 0.445552 0.512281 0.00398773 0.0631579
0 0.457515 0.408772 0.00398773 0.0631579
0 0.521319 0.204386 0.00337423 0.0438596
0 0.477607 0.465789 0.00429448 0.0614035
0 0.27592 0.344737 0.00398773 0.054386
0 0.515337 0.257895 0.00368098 0.045614
0 0.551074 0.723684 0.00644172 0.0929825
0 0.448313 0.622807 0.00521472 0.0842105
