0 0.423926 0.429825 0.00429448 0.0631579
0 0.392791 0.301754 0.00337423 0.0526316
0 0.495552 0.686842 0.00644172 0.0894737
0 0.217638 0.369298 0.00398773 0.0614035
0 0.575307 0.318421 0.00337423 0.054386
0 0.420706 0.338596 0.00337423 0.0491228
0 0.47316 0.62807 0.00398773 0.0807018
0 0.512883 0.264035 0.00306748 0.0473684
0 0.717025 0.357018 0.00398773 0.0578947
0 0.511503 0.486842 0.00460123 0.0649123
0 0.610736 0.566667 0.00552147 0.0807018
0 0.531442 0.351754 0.00337423 0.0578947
0 0.385123 0.251754 0.00337423 0.0473684
0 0.427914 0.44386 0.00368098 0.0596491
0 0.194018 0.77193 0.00644172 0.0877193
0 0.477301 0.574561 0.00552147 0.0719298
0 0.354448 0.392105 0.00337423 0.054386
0 0.292791 0.526316 0.00460123 0.0631579
0 0.184356 0.785965 0.00613497 0.0912281
0 0.326227 0.535965 0.00460123 0.0684211
0 0.400153 0.490351 0.00398773 0.0789474
0 0.522086 0.204386 0.00429448 0.0403509
0 0.601687 0.580702 0.00521472 0.0982456
