0 0.576227 0.747368 0.00705521 0.0807018
0 0.490798 0.337719 0.00306748 0.0473684
0 0.541564 0.420175 0.00337423 0.0578947
0 0.509356 0.167544 0.00276074 0.0438596
0 0.516258 0.238596 0.00245399 0.0385965
0 0.255675 0.362281 0.00337423 0.0473684
0 0.486196 0.457895 0.00429448 0.0491228
0 0.430521 0.479825 0.00398773 0.0719298
0 0.73727 0.357895 0.00337423 0.0561404
0 0.48589 0.279825 0.00306748 0.0473684
0 0.603988 0.287719 0.00306748 0.0526316
0 0.463344 0.248246 0.00276074 0.0438596
0 0.469325 0.350877 0.00368098 0.0596491
0 0.444018 0.34386 0.00337423 0.0526316
0 0.461503 0.190351 0.00276074 0.0368421
0 0.540031 0.342105 0.00337423 0.0561404
0 0.444632 0.75614 0.00644172 0.0982456
0 0.595706 0.475439 0.00429448 0.0631579
0 0.478067 0.459649 0.00398773 0.0666667
0 0.441564 0.703509 0.00644172 0.0877193
0 0.646166 0.478947 0.00460123 0.0701754
0 0.434202 0.437719 0.00460123 0.0649123
0 0.543712 0.717544 0.00644172 0.0807018
