0 0.468712 0.608772 0.00429448 0.0666667
0 0.517485 0.362281 0.00368098 0.0508772
0 0.484816 0.259649 0.00276074 0.0421053
0 0.533742 0.42193 0.00429448 0.054386
0 0.500153 0.634211 0.00644172 0.0754386
0 0.606135 0.442105 0.00429448 0.0631579
0 0.470399 0.390351 0.00398773 0.0614035
0 0.664724 0.279825 0.00306748 0.0473684
0 0.573313 0.194737 0.00245399 0.0421053
0 0.660429 0.612281 0.00552147 0.0807018
0 0.515031 0.611404 0.00674847 0.0894737
0 0.475614 0.600877 0.00460123 0.0719298
0 0.619018 0.62807 0.00552147 0.0736842
0 0.755828 0.368421 0.00368098 0.0596491
0 0.568712 0.264912 0.00306748 0.0491228
0 0.48727 0.202632 0.00276074 0.0438596
0 0.615798 0.421053 0.00398773 0.0631579
0 0.532822 0.459649 0.00429448 0.0666667
0 0.757975 0.619298 0.00552147 0.0842105
0 0.572853 0.694737 0.00460123 0.0877193
0 0.595552 0.697368 0.00644172 0.0859649
0 0.718098 0.592982 0.00552147 0.0807018
0 0.271012 0.370175 0.00398773 0.0561404
