0 0.214877 0.369298 0.00398773 0.0614035
0 0.469785 0.57807 0.00521472 0.0789474
0 0.188037 0.781579 0.00613497 0.0859649
0 0.511043 0.262281 0.00306748 0.0438596
0 0.530828 0.351754 0.00337423 0.054386
0 0.716258 0.35614 0.00368098 0.0561404
0 0.471012 0.627193 0.00398773 0.0824561
0 0.386196 0.302632 0.00306748 0.0508772
0 0.572546 0.323684 0.00337423 0.054386
0 0.505368 0.492105 0.00460123 0.0684211
0 0.421472 0.431579 0.00429448 0.0631579
0 0.42546 0.442982 0.00368098 0.0578947
0 0.350767 0.390351 0.00337423 0.0578947
0 0.181902 0.785088 0.00674847 0.0964912
0 0.414877 0.342105 0.00337423 0.0526316
0 0.491871 0.682456 0.00582822 0.0877193
0 0.608129 0.567544 0.00521472 0.0789474
0 0.320092 0.535965 0.00460123 0.0684211
0 0.378834 0.25614 0.00368098 0.045614
0 0.284969 0.530702 0.00429448 0.0649123
0 0.522086 0.207018 0.00429448 0.0385965
0 0.597393 0.576316 0.00521472 0.0964912
0 0.398006 0.490351 0.00398773 0.0789474
