0 0.456135 0.325439 0.00368098 0.0403509
0 0.430982 0.292982 0.00306748 0.0491228
0 0.347546 0.519298 0.00490798 0.0701754
0 0.520859 0.19386 0.00245399 0.0403509
0 0.530982 0.269298 0.00306748 0.0473684
0 0.543252 0.347368 0.00368098 0.0596491
0 0.592025 0.302632 0.00368098 0.054386
0 0.269325 0.717544 0.00613497 0.0877193
0 0.728834 0.355263 0.00368098 0.0578947
0 0.234816 0.371053 0.00398773 0.0614035
0 0.446779 0.412281 0.00521472 0.0596491
0 0.625307 0.557018 0.00521472 0.0789474
0 0.452914 0.438596 0.00398773 0.0561404
0 0.391104 0.390351 0.00368098 0.0578947
0 0.544632 0.487719 0.00460123 0.0701754
0 0.429601 0.216667 0.00337423 0.0438596
0 0.631748 0.589474 0.00521472 0.0912281
0 0.51273 0.562281 0.00521472 0.0754386
0 0.258742 0.721053 0.00705521 0.0982456
0 0.434816 0.476316 0.00398773 0.0719298
0 0.376074 0.511404 0.00552147 0.0719298
0 0.531902 0.692982 0.00613497 0.0912281
0 0.48681 0.637719 0.00429448 0.0929825
