0 0.460583 0.520175 0.00582822 0.0649123
0 0.507822 0.721053 0.00460123 0.0877193
0 0.537577 0.404386 0.00398773 0.0614035
0 0.490491 0.247368 0.00245399 0.045614
0 0.457209 0.526316 0.00337423 0.0701754
0 0.63681 0.602632 0.00552147 0.0649123
0 0.567791 0.187719 0.00245399 0.0385965
0 0.636963 0.765789 0.00521472 0.0964912
0 0.760123 0.37193 0.00368098 0.0596491
0 0.672699 0.260526 0.00306748 0.0473684
0 0.513957 0.728947 0.00521472 0.0929825
0 0.781595 0.616667 0.00552147 0.0824561
0 0.719325 0.555263 0.00490798 0.0649123
0 0.651841 0.610526 0.00552147 0.0842105
0 0.570092 0.257018 0.00276074 0.0438596
0 0.489571 0.196491 0.00245399 0.0421053
0 0.640491 0.733333 0.00613497 0.0842105
0 0.626687 0.398246 0.00368098 0.0631579
0 0.477301 0.37193 0.00368098 0.0596491
0 0.520245 0.357018 0.00368098 0.054386
0 0.619172 0.412281 0.00398773 0.0631579
0 0.46273 0.519298 0.00460123 0.0631579
0 0.274233 0.368421 0.00368098 0.0526316
0 0.537117 0.466667 0.00490798 0.0701754
