0 0.455828 0.199123 0.00245399 0.0403509
0 0.416718 0.576316 0.00521472 0.0789474
0 0.602761 0.264912 0.00306748 0.045614
0 0.527761 0.245614 0.00337423 0.0421053
0 0.493558 0.264912 0.00306748 0.0491228
0 0.529141 0.224561 0.00306748 0.0385965
0 0.490798 0.328947 0.00368098 0.054386
0 0.534202 0.162281 0.00276074 0.0368421
0 0.452761 0.377193 0.00368098 0.0596491
0 0.714264 0.309649 0.00337423 0.054386
0 0.456135 0.167544 0.00306748 0.0438596
0 0.482362 0.394737 0.00398773 0.0631579
0 0.512577 0.198246 0.00245399 0.0421053
0 0.528067 0.317544 0.00337423 0.0561404
0 0.473313 0.457018 0.00429448 0.0649123
0 0.441411 0.487719 0.00368098 0.0701754
0 0.549233 0.410526 0.00398773 0.0631579
0 0.620399 0.397368 0.00398773 0.0614035
0 0.431902 0.457018 0.00490798 0.0754386
0 0.269172 0.339474 0.00460123 0.0719298
0 0.462577 0.273684 0.00306748 0.0491228
0 0.505215 0.685088 0.00613497 0.0894737
0 0.518252 0.32807 0.00398773 0.0561404
