0 0.531442 0.423684 0.00398773 0.054386
0 0.657822 0.600877 0.00521472 0.0754386
0 0.493865 0.613158 0.00552147 0.0614035
0 0.468252 0.62193 0.00521472 0.0649123
0 0.482209 0.264912 0.00306748 0.0491228
0 0.466104 0.390351 0.00398773 0.0614035
0 0.66227 0.280702 0.00306748 0.0491228
0 0.753681 0.364035 0.00368098 0.0614035
0 0.752301 0.614035 0.00521472 0.0666667
0 0.573926 0.196491 0.00245399 0.0421053
0 0.486656 0.204386 0.00276074 0.0438596
0 0.47684 0.618421 0.00460123 0.0754386
0 0.601227 0.442105 0.00429448 0.0666667
0 0.531288 0.457018 0.00429448 0.0684211
0 0.51365 0.364035 0.00337423 0.054386
0 0.613344 0.622807 0.00582822 0.0666667
0 0.716104 0.594737 0.00521472 0.077193
0 0.611656 0.421053 0.00429448 0.0631579
0 0.587577 0.697368 0.00582822 0.0859649
0 0.567331 0.266667 0.00276074 0.0491228
0 0.269785 0.371053 0.00398773 0.054386
0 0.508436 0.59386 0.00644172 0.0894737
0 0.563804 0.687719 0.00490798 0.0912281
