0 0.500614 0.264912 0.00306748 0.0491228
0 0.484969 0.725439 0.00490798 0.0754386
0 0.448006 0.207895 0.00337423 0.0473684
0 0.541411 0.437719 0.00429448 0.0649123
0 0.721472 0.363158 0.00368098 0.0596491
0 0.480215 0.703509 0.00521472 0.0736842
0 0.397853 0.560526 0.00490798 0.0684211
0 0.542178 0.22807 0.00276074 0.045614
0 0.250153 0.375439 0.00276074 0.045614
0 0.420092 0.314035 0.00337423 0.0561404
0 0.461963 0.353509 0.00368098 0.054386
0 0.527607 0.45614 0.00429448 0.0666667
0 0.615184 0.329825 0.00337423 0.0561404
0 0.476074 0.6 0.00552147 0.0842105
0 0.39862 0.436842 0.00398773 0.0666667
0 0.377301 0.649123 0.00613497 0.0842105
0 0.345859 0.650877 0.00460123 0.0807018
0 0.646626 0.608772 0.00552147 0.0807018
0 0.433436 0.538597 0.00490798 0.077193
0 0.445092 0.542982 0.00490798 0.0684211
0 0.549387 0.603509 0.00552147 0.0807018
0 0.630368 0.542982 0.00429448 0.0754386
0 0.453221 0.473684 0.00398773 0.0631579
