0 0.466871 0.201754 0.00245399 0.0421053
0 0.530675 0.301754 0.00245399 0.045614
0 0.527147 0.218421 0.00337423 0.0438596
0 0.489264 0.264912 0.00306748 0.0491228
0 0.517331 0.2 0.00276074 0.0421053
0 0.535123 0.162281 0.00276074 0.0368421
0 0.717945 0.310526 0.00337423 0.0526316
0 0.458282 0.375439 0.00368098 0.0596491
0 0.605368 0.268421 0.00276074 0.0491228
0 0.488497 0.392982 0.00398773 0.0631579
0 0.465798 0.271053 0.00276074 0.0473684
0 0.272853 0.336842 0.00398773 0.0596491
0 0.460429 0.168421 0.00306748 0.0421053
0 0.52316 0.242982 0.00337423 0.0403509
0 0.473466 0.45614 0.00398773 0.0666667
0 0.549233 0.401754 0.00398773 0.0631579
0 0.42684 0.601754 0.00521472 0.0842105
0 0.628221 0.40614 0.00429448 0.0614035
0 0.494632 0.333333 0.00337423 0.0561404
0 0.443405 0.439474 0.00460123 0.0754386
0 0.449847 0.492105 0.00398773 0.0684211
0 0.534663 0.335965 0.00429448 0.0614035
0 0.523926 0.701754 0.00613497 0.0912281
