0 0.534509 0.420175 0.00398773 0.054386
0 0.76135 0.622807 0.00552147 0.0631579
0 0.485736 0.260526 0.00276074 0.0438596
0 0.467638 0.6 0.00398773 0.0631579
0 0.517791 0.361403 0.00368098 0.0491228
0 0.665337 0.276316 0.00306748 0.0473684
0 0.608129 0.439474 0.00398773 0.0578947
0 0.503067 0.642982 0.00613497 0.0859649
0 0.573313 0.19386 0.00245399 0.0403509
0 0.756748 0.366667 0.00368098 0.0596491
0 0.487423 0.202632 0.00245399 0.0438596
0 0.471319 0.389474 0.00398773 0.0596491
0 0.516871 0.617544 0.00613497 0.0912281
0 0.66089 0.613158 0.00521472 0.0789474
0 0.622699 0.62807 0.00552147 0.0631579
0 0.475307 0.594737 0.00398773 0.0701754
0 0.569018 0.264912 0.00306748 0.045614
0 0.616104 0.419298 0.00398773 0.0631579
0 0.57546 0.692982 0.00490798 0.0877193
0 0.271319 0.369298 0.00398773 0.0578947
0 0.532975 0.457895 0.00460123 0.0666667
0 0.718712 0.591228 0.00490798 0.0807018
0 0.597086 0.700877 0.00644172 0.0859649
