0 0.649233 0.744737 0.00582822 0.0824561
0 0.50184 0.717544 0.00552147 0.0912281
0 0.627301 0.388597 0.00368098 0.0614035
0 0.566564 0.186842 0.00245399 0.0403509
0 0.759816 0.37193 0.00368098 0.0596491
0 0.569325 0.257018 0.00306748 0.0473684
0 0.506442 0.739474 0.00613497 0.0964912
0 0.673159 0.257018 0.00276074 0.0473684
0 0.490491 0.24386 0.00245399 0.045614
0 0.53681 0.400877 0.00368098 0.0614035
0 0.455521 0.519298 0.00306748 0.0701754
0 0.489724 0.19386 0.00276074 0.0438596
0 0.779755 0.601754 0.00552147 0.0842105
0 0.633129 0.592982 0.00552147 0.0561404
0 0.477301 0.370175 0.00368098 0.0596491
0 0.460583 0.514035 0.00398773 0.0631579
0 0.618865 0.404386 0.00398773 0.0614035
0 0.273466 0.368421 0.00398773 0.0526316
0 0.518712 0.35614 0.00368098 0.0561404
0 0.649847 0.604386 0.00521472 0.0754386
0 0.715337 0.550877 0.00490798 0.0736842
0 0.650767 0.783333 0.00889571 0.0964912
0 0.53727 0.467544 0.00460123 0.0684211
