0 0.632209 0.357895 0.00368098 0.0561404
0 0.452914 0.490351 0.00337423 0.0684211
0 0.492485 0.238596 0.00276074 0.045614
0 0.599847 0.537719 0.00460123 0.0684211
0 0.757975 0.374561 0.00368098 0.0614035
0 0.67362 0.248246 0.00306748 0.0473684
0 0.563037 0.181579 0.00337423 0.0403509
0 0.567945 0.248246 0.00276074 0.0473684
0 0.618405 0.376316 0.00368098 0.0614035
0 0.456442 0.481579 0.00429448 0.0649123
0 0.693712 0.507895 0.00460123 0.0684211
0 0.476534 0.360526 0.00337423 0.0578947
0 0.769478 0.573684 0.00521472 0.077193
0 0.679601 0.783333 0.00705521 0.0964912
0 0.533896 0.377193 0.00398773 0.0561404
0 0.47592 0.707018 0.00582822 0.0842105
0 0.51227 0.351754 0.00368098 0.054386
0 0.481288 0.758772 0.00613497 0.0964912
0 0.491258 0.186842 0.00337423 0.0473684
0 0.655675 0.738596 0.00644172 0.0877193
0 0.535736 0.457018 0.00460123 0.0684211
0 0.274233 0.364035 0.00429448 0.0578947
0 0.632515 0.54386 0.00490798 0.0807018
