0 0.494785 0.723684 0.00613497 0.0894737
0 0.656595 0.75614 0.00644172 0.0877193
0 0.453221 0.512281 0.00337423 0.0666667
0 0.565644 0.185088 0.00245399 0.0403509
0 0.628067 0.37807 0.00337423 0.054386
0 0.49908 0.749123 0.00613497 0.0982456
0 0.759049 0.371053 0.00398773 0.0614035
0 0.490798 0.242982 0.00245399 0.0473684
0 0.569325 0.25614 0.00306748 0.0491228
0 0.536043 0.396491 0.00398773 0.0596491
0 0.673466 0.254386 0.00276074 0.045614
0 0.710583 0.535088 0.00521472 0.0596491
0 0.490031 0.192105 0.00276074 0.0438596
0 0.618558 0.394737 0.00398773 0.0596491
0 0.47684 0.367544 0.00337423 0.0578947
0 0.777914 0.600877 0.00552147 0.0824561
0 0.645245 0.587719 0.00521472 0.0701754
0 0.516564 0.355263 0.00368098 0.054386
0 0.626227 0.584211 0.00521472 0.0736842
0 0.273006 0.366667 0.00368098 0.0526316
0 0.663037 0.785965 0.00705521 0.0877193
0 0.458896 0.504386 0.00429448 0.0649123
0 0.536656 0.463158 0.00460123 0.0701754
