0 0.548006 0.420175 0.00398773 0.0649123
0 0.496779 0.244737 0.00276074 0.0438596
0 0.718098 0.341228 0.00368098 0.0578947
0 0.392331 0.695614 0.00613497 0.0894737
0 0.540491 0.201754 0.00245399 0.0421053
0 0.455828 0.174561 0.00245399 0.0403509
0 0.612117 0.322807 0.00337423 0.0561404
0 0.426227 0.482456 0.00398773 0.0736842
0 0.467485 0.455263 0.00429448 0.0684211
0 0.485583 0.299123 0.00306748 0.0473684
0 0.52362 0.357895 0.00368098 0.0596491
0 0.443712 0.255263 0.00276074 0.0473684
0 0.426227 0.584211 0.00521472 0.0807018
0 0.493865 0.377193 0.00368098 0.0561404
0 0.490798 0.453509 0.00429448 0.0684211
0 0.446779 0.338596 0.00337423 0.0561404
0 0.587423 0.518421 0.00490798 0.0719298
0 0.26273 0.344737 0.00398773 0.0614035
0 0.630521 0.469298 0.00460123 0.0684211
0 0.416258 0.545614 0.00490798 0.077193
0 0.520552 0.555263 0.00490798 0.0719298
0 0.445859 0.635088 0.00644172 0.0807018
