0 0.189264 0.419298 0.00368098 0.0561404
0 0.694172 0.370175 0.00368098 0.0596491
0 0.164571 0.647368 0.00582822 0.0807018
0 0.357055 0.329825 0.00368098 0.0561404
0 0.492485 0.309649 0.00337423 0.054386
0 0.364417 0.325439 0.00306748 0.0473684
0 0.497546 0.657895 0.00490798 0.0877193
0 0.316258 0.42193 0.00368098 0.0649123
0 0.368405 0.657018 0.00368098 0.0789474
0 0.376687 0.647368 0.00490798 0.0842105
0 0.556288 0.666667 0.00521472 0.0877193
0 0.494632 0.395614 0.00398773 0.0614035
0 0.344785 0.45614 0.00429448 0.0631579
0 0.381748 0.505263 0.00460123 0.0666667
0 0.503834 0.304386 0.00337423 0.0473684
0 0.216258 0.781579 0.00674847 0.0964912
0 0.320552 0.714912 0.00613497 0.0894737
0 0.539417 0.426316 0.00398773 0.0631579
0 0.538804 0.587719 0.00521472 0.0807018
0 0.40092 0.511404 0.00490798 0.0719298
0 0.236196 0.595614 0.00674847 0.0754386
0 0.506442 0.678947 0.00490798 0.0982456
0 0.423313 0.480702 0.00429448 0.077193
