0 0.482515 0.4 0.00368098 0.0526316
0 0.484509 0.412281 0.00398773 0.0596491
0 0.461656 0.275439 0.00306748 0.0491228
0 0.550153 0.342982 0.00337423 0.054386
0 0.610276 0.289474 0.00276074 0.0491228
0 0.440798 0.389474 0.00368098 0.0596491
0 0.491718 0.310526 0.00306748 0.045614
0 0.743558 0.357018 0.00368098 0.0578947
0 0.517791 0.183333 0.00245399 0.0368421
0 0.263957 0.375439 0.00337423 0.0526316
0 0.389571 0.682456 0.00429448 0.077193
0 0.544939 0.266667 0.00276074 0.045614
0 0.546319 0.535965 0.00490798 0.0719298
0 0.679448 0.609649 0.00552147 0.0824561
0 0.461043 0.192105 0.00245399 0.0368421
0 0.420399 0.505263 0.00582822 0.0736842
0 0.63589 0.537719 0.00490798 0.0754386
0 0.572086 0.742982 0.00674847 0.0964912
0 0.566564 0.516667 0.00490798 0.0754386
0 0.431595 0.475439 0.00429448 0.0631579
0 0.525153 0.657895 0.00674847 0.0982456
0 0.380982 0.718421 0.00552147 0.0929825
0 0.485123 0.473684 0.00398773 0.0631579
