0 0.740031 0.607895 0.00582822 0.054386
0 0.478834 0.270175 0.00306748 0.0421053
0 0.525307 0.429825 0.00398773 0.0561404
0 0.658282 0.289474 0.00306748 0.0526316
0 0.458589 0.626316 0.00552147 0.0596491
0 0.599387 0.617544 0.00552147 0.0701754
0 0.574386 0.200877 0.00276074 0.0438596
0 0.508282 0.366667 0.00368098 0.0491228
0 0.484816 0.205263 0.00276074 0.0421053
0 0.593865 0.44386 0.00429448 0.0631579
0 0.528374 0.449123 0.00398773 0.0631579
0 0.478221 0.647368 0.00429448 0.0701754
0 0.751227 0.363158 0.00368098 0.0596491
0 0.578221 0.69386 0.00613497 0.0754386
0 0.651994 0.59386 0.00521472 0.0649123
0 0.267485 0.373684 0.00368098 0.0561404
0 0.565184 0.269298 0.00276074 0.0473684
0 0.482822 0.590351 0.00552147 0.0684211
0 0.606288 0.422807 0.00398773 0.0666667
0 0.713804 0.599123 0.00552147 0.0789474
0 0.493865 0.57193 0.00490798 0.0736842
0 0.54908 0.686842 0.00490798 0.0894737
0 0.459049 0.392982 0.00398773 0.0631579
