0 0.450613 0.283333 0.00306748 0.0438596
0 0.429755 0.692105 0.00552147 0.0649123
0 0.571472 0.214035 0.00245399 0.0421053
0 0.739877 0.362281 0.00368098 0.0578947
0 0.545859 0.267544 0.00276074 0.0403509
0 0.641564 0.309649 0.00337423 0.054386
0 0.429908 0.558772 0.00521472 0.0649123
0 0.61181 0.570175 0.00521472 0.0561404
0 0.490184 0.460526 0.00429448 0.0473684
0 0.584509 0.424561 0.00398773 0.0596491
0 0.692791 0.564035 0.00398773 0.0754386
0 0.472086 0.207895 0.00245399 0.0438596
0 0.492331 0.695614 0.00613497 0.0824561
0 0.568405 0.455263 0.00429448 0.0649123
0 0.54954 0.625439 0.00582822 0.0789474
0 0.446012 0.521053 0.00490798 0.0631579
0 0.478221 0.362281 0.00368098 0.0508772
0 0.518712 0.714035 0.00613497 0.0807018
0 0.505828 0.445614 0.00368098 0.0596491
0 0.698466 0.607895 0.00552147 0.0789474
0 0.479294 0.764912 0.00521472 0.0807018
0 0.256902 0.37807 0.00337423 0.0508772
0 0.42592 0.414912 0.00398773 0.0614035
