0 0.49862 0.674561 0.00766871 0.0859649
0 0.360123 0.314035 0.00306748 0.045614
0 0.696012 0.372807 0.00368098 0.0614035
0 0.498006 0.300877 0.00337423 0.0508772
0 0.156902 0.636842 0.00582822 0.0807018
0 0.386043 0.642982 0.00582822 0.0859649
0 0.190951 0.419298 0.00337423 0.0526316
0 0.546779 0.401754 0.00398773 0.0631579
0 0.390184 0.636842 0.00552147 0.0842105
0 0.320245 0.403509 0.00306748 0.0666667
0 0.500767 0.381579 0.00398773 0.0614035
0 0.500767 0.685965 0.00460123 0.0912281
0 0.365184 0.311404 0.00337423 0.0508772
0 0.208589 0.784211 0.00613497 0.101754
0 0.496166 0.669298 0.00460123 0.0789474
0 0.305521 0.715789 0.00613497 0.0912281
0 0.510276 0.286842 0.00337423 0.0473684
0 0.352761 0.439474 0.00429448 0.0614035
0 0.566411 0.642105 0.00582822 0.0877193
0 0.391258 0.482456 0.00460123 0.0631579
0 0.248926 0.585088 0.00582822 0.0719298
0 0.422699 0.468421 0.00429448 0.077193
0 0.414264 0.492105 0.00460123 0.0719298
0 0.545245 0.576316 0.00521472 0.0789474
