0 0.43911 0.227193 0.00276074 0.0438596
0 0.456135 0.196491 0.00245399 0.045614
0 0.418252 0.408772 0.00398773 0.0666667
0 0.539877 0.199123 0.00245399 0.0403509
0 0.43819 0.312281 0.00337423 0.0596491
0 0.513037 0.24386 0.00276074 0.045614
0 0.482515 0.257895 0.00306748 0.0421053
0 0.710583 0.329825 0.00337423 0.0561404
0 0.52362 0.325439 0.00368098 0.054386
0 0.267331 0.342105 0.00337423 0.0561404
0 0.55 0.42193 0.00368098 0.0614035
0 0.404755 0.539474 0.00460123 0.0754386
0 0.591564 0.330702 0.00337423 0.054386
0 0.468865 0.435965 0.00337423 0.0649123
0 0.413497 0.405263 0.00490798 0.0701754
0 0.477761 0.501754 0.00460123 0.0701754
0 0.483436 0.435088 0.00368098 0.0631579
0 0.463497 0.579825 0.00490798 0.0754386
0 0.47546 0.294737 0.00429448 0.0596491
0 0.610276 0.494737 0.00460123 0.0701754
0 0.455675 0.424561 0.00398773 0.0666667
0 0.393098 0.668421 0.00582822 0.0877193
0 0.505982 0.696491 0.00582822 0.0912281
