0 0.420399 0.746491 0.00398773 0.0824561
0 0.703834 0.384211 0.00398773 0.0596491
0 0.388957 0.370175 0.00368098 0.0526316
0 0.235276 0.385965 0.00306748 0.0666667
0 0.298313 0.604386 0.00521472 0.0789474
0 0.424693 0.724561 0.00398773 0.0842105
0 0.477147 0.435965 0.00398773 0.0684211
0 0.512423 0.37193 0.00337423 0.0526316
0 0.374693 0.707895 0.00582822 0.103509
0 0.43681 0.632456 0.00552147 0.0824561
0 0.298926 0.739474 0.00644172 0.0929825
0 0.494172 0.35614 0.00368098 0.0561404
0 0.302761 0.612281 0.00490798 0.0736842
0 0.537117 0.629825 0.00552147 0.0807018
0 0.530828 0.492105 0.00460123 0.0719298
0 0.415644 0.39386 0.00429448 0.0614035
0 0.405215 0.727193 0.00613497 0.0929825
0 0.384049 0.495614 0.00429448 0.0649123
0 0.353221 0.630702 0.00460123 0.0859649
0 0.440491 0.455263 0.00429448 0.0719298
0 0.403221 0.574561 0.00521472 0.0754386
0 0.377914 0.638596 0.00490798 0.0877193
0 0.365798 0.462281 0.00460123 0.0684211
