0 0.71089 0.334211 0.00337423 0.054386
0 0.541411 0.204386 0.00245399 0.0403509
0 0.591258 0.336842 0.00337423 0.0526316
0 0.43911 0.22807 0.00276074 0.045614
0 0.416411 0.412281 0.00398773 0.0666667
0 0.522853 0.325439 0.00337423 0.054386
0 0.456135 0.2 0.00245399 0.045614
0 0.454448 0.423684 0.00398773 0.0649123
0 0.547853 0.419298 0.00368098 0.0631579
0 0.267485 0.342105 0.00368098 0.0596491
0 0.461656 0.588596 0.00490798 0.0789474
0 0.513037 0.250877 0.00276074 0.045614
0 0.403221 0.542982 0.00460123 0.0719298
0 0.440491 0.313158 0.00368098 0.0614035
0 0.476074 0.510526 0.00490798 0.0701754
0 0.478374 0.297368 0.00398773 0.054386
0 0.41089 0.416667 0.00460123 0.0719298
0 0.483896 0.433333 0.00398773 0.0631579
0 0.481442 0.261404 0.00337423 0.045614
0 0.611503 0.497368 0.00460123 0.0719298
0 0.393252 0.664035 0.00613497 0.0894737
0 0.507975 0.692105 0.00613497 0.0894737
0 0.467331 0.435965 0.00337423 0.0684211
