0 0.420399 0.746491 0.00398773 0.0824561
0 0.703988 0.383333 0.00368098 0.0578947
0 0.38865 0.370175 0.00368098 0.0526316
0 0.234509 0.386842 0.00337423 0.0684211
0 0.424233 0.723684 0.00429448 0.0859649
0 0.511963 0.37193 0.00368098 0.0561404
0 0.477147 0.434211 0.00398773 0.0649123
0 0.297699 0.605263 0.00521472 0.077193
0 0.297699 0.740351 0.00644172 0.0912281
0 0.494172 0.355263 0.00368098 0.0578947
0 0.301687 0.613158 0.00521472 0.0754386
0 0.414877 0.394737 0.00398773 0.0631579
0 0.530368 0.490351 0.00490798 0.0719298
0 0.373159 0.707895 0.00582822 0.1
0 0.53727 0.627193 0.00582822 0.0859649
0 0.383589 0.495614 0.00460123 0.0649123
0 0.403374 0.728947 0.00613497 0.0929825
0 0.402147 0.577193 0.00552147 0.0736842
0 0.440337 0.455263 0.00460123 0.0719298
0 0.365031 0.462281 0.00429448 0.0684211
0 0.376074 0.641228 0.00490798 0.0859649
0 0.35184 0.630702 0.00490798 0.0859649
0 0.43589 0.632456 0.00552147 0.0824561
