0 0.421012 0.37807 0.00398773 0.0614035
0 0.43727 0.22807 0.00276074 0.0421053
0 0.544632 0.426316 0.00398773 0.0596491
0 0.485736 0.255263 0.00276074 0.0403509
0 0.263344 0.342105 0.00276074 0.0561404
0 0.452761 0.185088 0.00245399 0.0403509
0 0.421319 0.399123 0.00460123 0.0649123
0 0.485123 0.471053 0.00460123 0.0649123
0 0.531288 0.186842 0.00245399 0.0403509
0 0.520706 0.328947 0.00337423 0.054386
0 0.428528 0.318421 0.00368098 0.0578947
0 0.49954 0.713158 0.00644172 0.0894737
0 0.71135 0.330702 0.00368098 0.0578947
0 0.507515 0.235088 0.00276074 0.045614
0 0.476994 0.442982 0.00368098 0.0684211
0 0.470399 0.292105 0.00521472 0.0684211
0 0.467791 0.435965 0.00368098 0.0684211
0 0.591258 0.308772 0.00337423 0.0526316
0 0.404448 0.52193 0.00460123 0.0719298
0 0.391718 0.694737 0.00613497 0.0877193
0 0.469325 0.574561 0.00429448 0.0789474
0 0.457362 0.425439 0.00429448 0.0649123
0 0.604448 0.478947 0.00460123 0.0736842
