0 0.448313 0.183333 0.00214724 0.0368421
0 0.259969 0.331579 0.00337423 0.0561404
0 0.466104 0.160526 0.00337423 0.0403509
0 0.510429 0.158772 0.00245399 0.0368421
0 0.501687 0.228947 0.00276074 0.0403509
0 0.467791 0.374561 0.00368098 0.054386
0 0.528528 0.242105 0.00245399 0.0421053
0 0.516258 0.290351 0.00306748 0.0508772
0 0.511196 0.32193 0.00337423 0.0508772
0 0.471319 0.394737 0.00337423 0.0596491
0 0.479601 0.249123 0.00276074 0.0421053
0 0.559356 0.237719 0.00276074 0.0438596
0 0.487423 0.202632 0.00245399 0.0368421
0 0.433436 0.288596 0.00306748 0.0508772
0 0.696779 0.307018 0.00337423 0.0526316
0 0.604755 0.414035 0.00398773 0.0631579
0 0.485736 0.47193 0.00398773 0.0631579
0 0.407055 0.490351 0.00429448 0.0684211
0 0.42546 0.27807 0.00306748 0.054386
0 0.487577 0.403509 0.00398773 0.0631579
0 0.392485 0.62807 0.00521472 0.0842105
0 0.429908 0.350877 0.00337423 0.0561404
0 0.505675 0.712281 0.00644172 0.0947368
