0 0.260583 0.349123 0.00398773 0.0701754
0 0.467331 0.334211 0.00337423 0.054386
0 0.477914 0.416667 0.00490798 0.0719298
0 0.457669 0.503509 0.00429448 0.0736842
0 0.717485 0.361403 0.00368098 0.0596491
0 0.442791 0.25 0.00276074 0.0473684
0 0.473466 0.454386 0.00337423 0.0561404
0 0.540184 0.267544 0.00306748 0.0508772
0 0.428681 0.283333 0.00337423 0.0508772
0 0.607362 0.377193 0.00368098 0.0596491
0 0.46135 0.620175 0.00552147 0.0859649
0 0.507669 0.291228 0.00306748 0.0491228
0 0.511963 0.389474 0.00368098 0.0596491
0 0.378067 0.501754 0.00521472 0.0807018
0 0.598006 0.569298 0.00521472 0.0789474
0 0.388344 0.47193 0.00429448 0.0701754
0 0.514264 0.480702 0.00460123 0.0701754
0 0.433896 0.35614 0.00337423 0.0561404
0 0.369785 0.617544 0.00521472 0.0807018
0 0.429601 0.488596 0.00460123 0.0719298
0 0.498926 0.713158 0.00644172 0.0929825
0 0.391718 0.685965 0.00613497 0.0912281
0 0.443098 0.655263 0.00521472 0.0964912
