0 0.410123 0.307895 0.00306748 0.0368421
0 0.416871 0.528947 0.00490798 0.0789474
0 0.410429 0.394737 0.00368098 0.0596491
0 0.437423 0.283333 0.00306748 0.0473684
0 0.502914 0.312281 0.00337423 0.0491228
0 0.454294 0.378947 0.00368098 0.0596491
0 0.505368 0.419298 0.00398773 0.0631579
0 0.533436 0.298246 0.00306748 0.0491228
0 0.469785 0.476316 0.00460123 0.0684211
0 0.59862 0.419298 0.00398773 0.0631579
0 0.49908 0.519298 0.00490798 0.0736842
0 0.717178 0.373684 0.00368098 0.0596491
0 0.450767 0.667544 0.00582822 0.0894737
0 0.257669 0.35614 0.00490798 0.0701754
0 0.57546 0.581579 0.00552147 0.0754386
0 0.356135 0.65614 0.00552147 0.0807018
0 0.465491 0.464035 0.00398773 0.0649123
0 0.37592 0.510526 0.00460123 0.0736842
0 0.445399 0.555263 0.00490798 0.0859649
0 0.487577 0.726316 0.00644172 0.0947368
0 0.432362 0.67807 0.00521472 0.0964912
0 0.365491 0.545614 0.00644172 0.0912281
0 0.395706 0.705263 0.00613497 0.0912281
