0 0.319325 0.595614 0.00490798 0.0719298
0 0.706902 0.381579 0.00398773 0.0578947
0 0.39816 0.364912 0.00368098 0.0526316
0 0.430828 0.749123 0.00521472 0.0877193
0 0.498159 0.35614 0.00306748 0.0526316
0 0.241871 0.380702 0.00337423 0.0701754
0 0.395399 0.47807 0.00429448 0.0578947
0 0.42592 0.385965 0.00398773 0.0596491
0 0.542178 0.649123 0.00582822 0.0842105
0 0.482669 0.440351 0.00398773 0.0666667
0 0.317025 0.60614 0.00582822 0.0754386
0 0.542791 0.469298 0.00460123 0.0684211
0 0.519939 0.364912 0.00306748 0.0526316
0 0.443098 0.72193 0.00582822 0.0894737
0 0.393558 0.707895 0.00429448 0.0824561
0 0.31365 0.734211 0.00644172 0.0929825
0 0.457669 0.611404 0.00552147 0.0824561
0 0.421012 0.565789 0.00521472 0.0719298
0 0.368712 0.623684 0.00490798 0.0894737
0 0.446166 0.458772 0.00398773 0.0719298
0 0.375153 0.464035 0.00429448 0.0649123
0 0.398006 0.636842 0.00521472 0.0877193
0 0.410123 0.721053 0.00613497 0.0947368
