0 0.439571 0.179825 0.00245399 0.0403509
0 0.505828 0.160526 0.00245399 0.0368421
0 0.518558 0.236842 0.00276074 0.0421053
0 0.453834 0.351754 0.00337423 0.054386
0 0.552301 0.231579 0.00276074 0.045614
0 0.424693 0.27193 0.00337423 0.0491228
0 0.42362 0.349123 0.00368098 0.0561404
0 0.48773 0.19386 0.00245399 0.0403509
0 0.469479 0.159649 0.00337423 0.045614
0 0.694785 0.301754 0.00306748 0.0526316
0 0.47316 0.24386 0.00276074 0.0421053
0 0.497239 0.22193 0.00245399 0.0403509
0 0.465951 0.385088 0.00368098 0.0578947
0 0.437577 0.287719 0.00337423 0.0526316
0 0.404141 0.469298 0.00460123 0.0684211
0 0.505828 0.327193 0.00368098 0.054386
0 0.600767 0.412281 0.00398773 0.0631579
0 0.522546 0.302632 0.00337423 0.0508772
0 0.259049 0.333333 0.00337423 0.0561404
0 0.473313 0.463158 0.00429448 0.0631579
0 0.475307 0.377193 0.00337423 0.0631579
0 0.393098 0.598246 0.00521472 0.0807018
0 0.496166 0.67807 0.00582822 0.0894737
