0 0.441104 0.164912 0.00245399 0.0385965
0 0.48727 0.224561 0.00276074 0.0421053
0 0.507209 0.250877 0.00276074 0.0421053
0 0.707822 0.325439 0.00337423 0.054386
0 0.516104 0.17807 0.00214724 0.0333333
0 0.424387 0.231579 0.00276074 0.0421053
0 0.576074 0.267544 0.00306748 0.0473684
0 0.462117 0.308772 0.00337423 0.0491228
0 0.525767 0.399123 0.00429448 0.0649123
0 0.453834 0.336842 0.00337423 0.0561404
0 0.594479 0.464912 0.00429448 0.0701754
0 0.513037 0.317544 0.00337423 0.0561404
0 0.438497 0.458772 0.00337423 0.0684211
0 0.506595 0.394737 0.00398773 0.0596491
0 0.424847 0.369298 0.00368098 0.0578947
0 0.260429 0.339474 0.00368098 0.0614035
0 0.470552 0.442982 0.00368098 0.0684211
0 0.398313 0.537719 0.00521472 0.0719298
0 0.478221 0.707018 0.00613497 0.0947368
0 0.45046 0.404386 0.00398773 0.0614035
0 0.426534 0.320175 0.00337423 0.054386
0 0.465031 0.561404 0.00490798 0.0736842
0 0.370859 0.691228 0.00613497 0.0912281
