0 0.399386 0.410526 0.00429448 0.045614
0 0.43681 0.292105 0.00306748 0.0508772
0 0.502301 0.427193 0.00398773 0.0649123
0 0.501994 0.325439 0.00337423 0.054386
0 0.44816 0.391228 0.00368098 0.0596491
0 0.408436 0.314035 0.00337423 0.0526316
0 0.592485 0.427193 0.00398773 0.0649123
0 0.256135 0.357018 0.00429448 0.0684211
0 0.565951 0.592105 0.00552147 0.0684211
0 0.532055 0.307895 0.00337423 0.0508772
0 0.716258 0.375439 0.00368098 0.0596491
0 0.411043 0.54386 0.00490798 0.0842105
0 0.465031 0.495614 0.00429448 0.0649123
0 0.494325 0.534211 0.00521472 0.0754386
0 0.462423 0.466667 0.00398773 0.0596491
0 0.371166 0.524561 0.00490798 0.077193
0 0.35092 0.668421 0.00552147 0.0842105
0 0.483129 0.726316 0.00613497 0.0947368
0 0.447239 0.685088 0.00613497 0.0859649
0 0.428067 0.683333 0.00521472 0.0929825
0 0.39816 0.708772 0.00613497 0.0912281
0 0.439877 0.567544 0.00490798 0.0894737
0 0.36089 0.55614 0.00582822 0.0842105
