0 0.497546 0.234211 0.00245399 0.0403509
0 0.528067 0.437719 0.00398773 0.0578947
0 0.46227 0.294737 0.00306748 0.045614
0 0.445399 0.17807 0.00245399 0.0403509
0 0.255368 0.346491 0.00276074 0.0508772
0 0.433282 0.241228 0.00276074 0.0473684
0 0.492638 0.455263 0.00429448 0.0649123
0 0.388344 0.545614 0.00490798 0.0631579
0 0.522086 0.183333 0.00245399 0.0403509
0 0.712423 0.335088 0.00337423 0.0561404
0 0.514264 0.332456 0.00337423 0.054386
0 0.43589 0.357018 0.00368098 0.0578947
0 0.588957 0.292982 0.00306748 0.0526316
0 0.453834 0.431579 0.00460123 0.0666667
0 0.418098 0.331579 0.00368098 0.0596491
0 0.46089 0.446491 0.00337423 0.0684211
0 0.487577 0.723684 0.00644172 0.0929825
0 0.594018 0.476316 0.00460123 0.0719298
0 0.417638 0.390351 0.00398773 0.0614035
0 0.467638 0.586842 0.00521472 0.0789474
0 0.483436 0.266667 0.00429448 0.0421053
0 0.466718 0.465789 0.00398773 0.0719298
0 0.373313 0.717544 0.00613497 0.0947368
