0 0.422853 0.233333 0.00276074 0.0385965
0 0.709049 0.331579 0.00337423 0.0561404
0 0.440951 0.166667 0.00214724 0.0385965
0 0.486963 0.226316 0.00276074 0.0421053
0 0.504755 0.252632 0.00276074 0.045614
0 0.453681 0.340351 0.00368098 0.0596491
0 0.578834 0.272807 0.00306748 0.0473684
0 0.461503 0.309649 0.00337423 0.0508772
0 0.367331 0.695614 0.00644172 0.0894737
0 0.516258 0.180702 0.00245399 0.0350877
0 0.512117 0.320175 0.00337423 0.054386
0 0.525613 0.40614 0.00398773 0.0614035
0 0.259509 0.340351 0.00368098 0.0596491
0 0.593558 0.471053 0.00429448 0.0684211
0 0.441104 0.457018 0.00306748 0.0719298
0 0.505675 0.402632 0.00398773 0.0614035
0 0.42454 0.371053 0.00368098 0.0578947
0 0.450613 0.408772 0.00368098 0.0631579
0 0.395552 0.544737 0.00460123 0.0719298
0 0.465031 0.567544 0.00490798 0.0789474
0 0.425307 0.32193 0.00337423 0.054386
0 0.468865 0.448246 0.00398773 0.0719298
0 0.476687 0.707018 0.00613497 0.0912281
