0 0.472699 0.458772 0.00429448 0.0684211
0 0.414877 0.299123 0.00337423 0.0368421
0 0.43865 0.270175 0.00306748 0.0491228
0 0.53589 0.290351 0.00306748 0.0508772
0 0.507822 0.410526 0.00398773 0.0631579
0 0.459202 0.364035 0.00368098 0.054386
0 0.504601 0.30614 0.00306748 0.0508772
0 0.602607 0.407018 0.00398773 0.0631579
0 0.503374 0.50614 0.00490798 0.0719298
0 0.259049 0.352632 0.00460123 0.0666667
0 0.436043 0.669298 0.00521472 0.0964912
0 0.717178 0.37193 0.00368098 0.0596491
0 0.582822 0.576316 0.00552147 0.0789474
0 0.418405 0.382456 0.00368098 0.0596491
0 0.453834 0.655263 0.00582822 0.0894737
0 0.467791 0.462281 0.00368098 0.0649123
0 0.379908 0.498246 0.00460123 0.0736842
0 0.421012 0.516667 0.00460123 0.0754386
0 0.360429 0.641228 0.00552147 0.0789474
0 0.491258 0.724561 0.00644172 0.0947368
0 0.369172 0.529825 0.00644172 0.0912281
0 0.393405 0.700877 0.00582822 0.0894737
0 0.45 0.540351 0.00490798 0.0877193
