0 0.43911 0.227193 0.00276074 0.0438596
0 0.456135 0.195614 0.00245399 0.0438596
0 0.539264 0.198246 0.00245399 0.0385965
0 0.418712 0.407895 0.00429448 0.0649123
0 0.550307 0.419298 0.00368098 0.0596491
0 0.43727 0.313158 0.00337423 0.0578947
0 0.52362 0.325439 0.00368098 0.054386
0 0.513037 0.24386 0.00276074 0.045614
0 0.267178 0.342105 0.00306748 0.0561404
0 0.414724 0.404386 0.00490798 0.0684211
0 0.710276 0.32807 0.00337423 0.0561404
0 0.483129 0.25614 0.00306748 0.0421053
0 0.591564 0.325439 0.00337423 0.054386
0 0.469172 0.437719 0.00337423 0.0649123
0 0.405061 0.538597 0.00460123 0.0736842
0 0.482975 0.436842 0.00398773 0.0631579
0 0.609663 0.489474 0.00460123 0.0701754
0 0.456135 0.424561 0.00429448 0.0631579
0 0.478988 0.500877 0.00460123 0.0719298
0 0.46411 0.578947 0.00490798 0.077193
0 0.393405 0.671053 0.00582822 0.0894737
0 0.475 0.292982 0.00460123 0.0596491
0 0.505368 0.699123 0.00582822 0.0894737
