0 0.444632 0.162281 0.00276074 0.0368421
0 0.45 0.320175 0.00368098 0.0578947
0 0.705061 0.32193 0.00337423 0.054386
0 0.565798 0.252632 0.00276074 0.045614
0 0.511196 0.170175 0.00276074 0.0315789
0 0.505675 0.235965 0.00276074 0.0403509
0 0.430675 0.216667 0.00245399 0.0438596
0 0.46411 0.294737 0.00306748 0.0491228
0 0.596012 0.457018 0.00429448 0.0684211
0 0.490491 0.217544 0.00245399 0.0421053
0 0.52592 0.37807 0.00398773 0.0614035
0 0.507975 0.379825 0.00368098 0.0578947
0 0.434509 0.442982 0.00337423 0.0684211
0 0.425 0.359649 0.00337423 0.0526316
0 0.515031 0.297368 0.00306748 0.0508772
0 0.426534 0.30614 0.00337423 0.0578947
0 0.406595 0.513158 0.00460123 0.0719298
0 0.45 0.385965 0.00368098 0.0596491
0 0.263037 0.336842 0.00398773 0.0666667
0 0.465951 0.533333 0.00429448 0.0736842
0 0.47684 0.419298 0.00398773 0.0631579
0 0.481595 0.707895 0.00613497 0.0929825
0 0.383282 0.67193 0.00582822 0.0877193
