0 0.427607 0.715789 0.00429448 0.0842105
0 0.425613 0.724561 0.00398773 0.0877193
0 0.701534 0.384211 0.00368098 0.0596491
0 0.376687 0.369298 0.00368098 0.054386
0 0.273926 0.614912 0.00552147 0.0754386
0 0.434969 0.469298 0.00552147 0.0894737
0 0.472699 0.429825 0.00429448 0.0631579
0 0.271626 0.77193 0.00644172 0.0877193
0 0.357209 0.714912 0.00582822 0.0859649
0 0.348773 0.711403 0.00490798 0.0894737
0 0.52454 0.62807 0.00552147 0.0842105
0 0.503834 0.352632 0.00337423 0.0596491
0 0.22454 0.392982 0.00429448 0.0666667
0 0.493712 0.35614 0.00337423 0.0596491
0 0.413037 0.587719 0.00521472 0.0701754
0 0.398773 0.39386 0.00368098 0.0614035
0 0.521779 0.494737 0.00490798 0.0736842
0 0.330368 0.62193 0.00429448 0.0789474
0 0.350767 0.465789 0.00460123 0.0684211
0 0.383282 0.563158 0.00521472 0.0736842
0 0.374847 0.481579 0.00429448 0.0649123
0 0.281288 0.62193 0.00552147 0.0754386
0 0.340031 0.634211 0.00521472 0.0894737
