0 0.455828 0.191228 0.00245399 0.0421053
0 0.438497 0.227193 0.00276074 0.0438596
0 0.419325 0.407018 0.00429448 0.0631579
0 0.53865 0.196491 0.00245399 0.0421053
0 0.55046 0.418421 0.00398773 0.0614035
0 0.51273 0.24386 0.00276074 0.045614
0 0.266871 0.342105 0.00306748 0.0561404
0 0.436196 0.315789 0.00368098 0.0561404
0 0.483742 0.252632 0.00306748 0.0421053
0 0.710276 0.32807 0.00337423 0.0561404
0 0.522853 0.323684 0.00337423 0.054386
0 0.415798 0.397368 0.00460123 0.0684211
0 0.591564 0.32193 0.00337423 0.054386
0 0.405521 0.534211 0.00429448 0.0754386
0 0.469632 0.437719 0.00368098 0.0684211
0 0.47408 0.292105 0.00460123 0.0614035
0 0.482209 0.435088 0.00368098 0.0631579
0 0.609356 0.487719 0.00460123 0.0701754
0 0.480215 0.492982 0.00460123 0.0736842
0 0.393712 0.673684 0.00582822 0.0912281
0 0.456595 0.425439 0.00398773 0.0649123
0 0.465031 0.577193 0.00490798 0.077193
0 0.504448 0.705263 0.00582822 0.0912281
