0 0.475307 0.304386 0.00337423 0.0473684
0 0.434509 0.225439 0.00276074 0.0403509
0 0.423006 0.311404 0.00368098 0.054386
0 0.475 0.434211 0.00398773 0.0649123
0 0.424233 0.327193 0.00368098 0.0578947
0 0.533742 0.274561 0.00306748 0.0438596
0 0.440184 0.191228 0.00245399 0.0385965
0 0.482515 0.235965 0.00245399 0.0403509
0 0.407055 0.482456 0.00429448 0.0631579
0 0.578528 0.422807 0.00429448 0.0631579
0 0.494479 0.265789 0.00306748 0.0473684
0 0.257209 0.342982 0.00337423 0.0578947
0 0.526994 0.389474 0.00368098 0.0561404
0 0.583589 0.272807 0.00337423 0.0508772
0 0.472239 0.366667 0.00337423 0.0561404
0 0.510123 0.171053 0.00245399 0.0368421
0 0.421626 0.390351 0.00337423 0.0614035
0 0.706288 0.32807 0.00337423 0.0561404
0 0.403681 0.546491 0.00490798 0.0789474
0 0.481902 0.481579 0.00429448 0.0684211
0 0.468865 0.442982 0.00398773 0.0684211
0 0.484049 0.522807 0.00490798 0.0701754
0 0.562423 0.724561 0.00644172 0.0947368
