0 0.245399 0.373684 0.00368098 0.0666667
0 0.709202 0.379825 0.00368098 0.0578947
0 0.431288 0.367544 0.00368098 0.0578947
0 0.402914 0.700877 0.00460123 0.0824561
0 0.499386 0.351754 0.00306748 0.054386
0 0.433436 0.747368 0.00552147 0.0912281
0 0.551534 0.457895 0.00429448 0.0666667
0 0.407362 0.462281 0.00429448 0.0578947
0 0.334202 0.583333 0.00460123 0.0789474
0 0.486963 0.439474 0.00398773 0.0684211
0 0.322699 0.724561 0.00613497 0.0947368
0 0.431135 0.557895 0.00521472 0.0701754
0 0.467791 0.594737 0.00552147 0.0807018
0 0.403988 0.363158 0.00368098 0.0561404
0 0.523926 0.352632 0.00306748 0.0526316
0 0.548466 0.660526 0.00613497 0.0894737
0 0.379294 0.451754 0.00460123 0.0684211
0 0.409816 0.623684 0.00490798 0.0859649
0 0.408282 0.720175 0.00613497 0.0929825
0 0.455215 0.722807 0.00613497 0.0912281
0 0.327147 0.59386 0.00582822 0.0789474
0 0.379601 0.604386 0.00521472 0.0894737
0 0.45 0.461404 0.00429448 0.0701754
