0 0.527454 0.164912 0.00276074 0.0350877
0 0.639724 0.198246 0.00276074 0.0421053
0 0.28727 0.355263 0.00337423 0.054386
0 0.711656 0.407895 0.00368098 0.0508772
0 0.73819 0.325439 0.00337423 0.054386
0 0.484969 0.345614 0.00368098 0.0561404
0 0.489724 0.315789 0.00337423 0.0526316
0 0.500767 0.226316 0.00398773 0.0421053
0 0.615644 0.367544 0.00368098 0.0578947
0 0.615491 0.259649 0.00276074 0.0491228
0 0.542945 0.315789 0.00306748 0.0491228
0 0.551227 0.22807 0.00245399 0.045614
0 0.523006 0.277193 0.00306748 0.0491228
0 0.486656 0.385088 0.00337423 0.054386
0 0.501994 0.19386 0.00398773 0.0438596
0 0.63773 0.348246 0.00368098 0.0578947
0 0.488497 0.522807 0.00460123 0.0701754
0 0.629601 0.459649 0.00398773 0.0666667
0 0.616104 0.562281 0.00521472 0.0754386
0 0.49954 0.602632 0.00521472 0.0824561
0 0.722546 0.523684 0.00521472 0.0754386
0 0.633129 0.716667 0.00613497 0.0894737
0 0.538497 0.408772 0.00460123 0.0631579
