0 0.695552 0.304386 0.00337423 0.054386
0 0.465337 0.161404 0.00306748 0.0385965
0 0.436196 0.190351 0.00245399 0.0438596
0 0.491104 0.196491 0.00245399 0.0385965
0 0.502301 0.159649 0.00276074 0.0350877
0 0.495245 0.226316 0.00276074 0.0421053
0 0.45 0.34386 0.00368098 0.0561404
0 0.468405 0.253509 0.00306748 0.0438596
0 0.509049 0.249123 0.00276074 0.045614
0 0.438497 0.289474 0.00398773 0.0561404
0 0.551074 0.231579 0.00276074 0.045614
0 0.419632 0.350877 0.00368098 0.0561404
0 0.526534 0.335965 0.00337423 0.054386
0 0.505368 0.34386 0.00337423 0.0561404
0 0.449233 0.399123 0.00398773 0.0614035
0 0.408129 0.467544 0.00460123 0.0684211
0 0.421779 0.277193 0.00368098 0.0526316
0 0.59862 0.423684 0.00398773 0.0649123
0 0.259049 0.333333 0.00337423 0.0561404
0 0.389571 0.602632 0.00552147 0.0824561
0 0.467945 0.478947 0.00460123 0.0701754
0 0.492791 0.677193 0.00582822 0.0877193
0 0.477301 0.380702 0.00368098 0.0596491
