0 0.706442 0.381579 0.00368098 0.0578947
0 0.394325 0.481579 0.00460123 0.0614035
0 0.397239 0.368421 0.00368098 0.0596491
0 0.241258 0.381579 0.00337423 0.0684211
0 0.482055 0.437719 0.00398773 0.0649123
0 0.430061 0.75 0.00490798 0.0824561
0 0.425 0.391228 0.00398773 0.0596491
0 0.441104 0.720175 0.00552147 0.0894737
0 0.497546 0.357018 0.00306748 0.054386
0 0.417638 0.567544 0.00521472 0.0649123
0 0.391871 0.707018 0.00460123 0.0807018
0 0.312117 0.734211 0.00644172 0.0929825
0 0.519325 0.365789 0.00306748 0.0508772
0 0.315644 0.605263 0.00552147 0.0807018
0 0.541718 0.472807 0.00429448 0.0684211
0 0.454908 0.609649 0.00552147 0.0824561
0 0.542178 0.646491 0.00582822 0.0859649
0 0.367331 0.622807 0.00521472 0.0912281
0 0.396319 0.634211 0.00490798 0.0894737
0 0.445552 0.458772 0.00398773 0.0719298
0 0.37454 0.462281 0.00429448 0.0684211
0 0.410123 0.720175 0.00613497 0.0929825
