0 0.474233 0.379825 0.00368098 0.0578947
0 0.442791 0.17807 0.00214724 0.0368421
0 0.472546 0.395614 0.00398773 0.0614035
0 0.507822 0.157895 0.00276074 0.0385965
0 0.695706 0.301754 0.00306748 0.0526316
0 0.48773 0.194737 0.00245399 0.0421053
0 0.404908 0.47193 0.00429448 0.0631579
0 0.457669 0.357018 0.00368098 0.054386
0 0.49954 0.223684 0.00276074 0.0403509
0 0.552914 0.233333 0.00276074 0.0421053
0 0.469785 0.158772 0.00337423 0.0438596
0 0.435276 0.284211 0.00306748 0.0526316
0 0.42684 0.346491 0.00337423 0.054386
0 0.52316 0.239474 0.00276074 0.0438596
0 0.522393 0.29386 0.00306748 0.0473684
0 0.475307 0.244737 0.00276074 0.0438596
0 0.602301 0.415789 0.00398773 0.0631579
0 0.425307 0.273684 0.00337423 0.0561404
0 0.259049 0.335088 0.00337423 0.0561404
0 0.509049 0.317544 0.00337423 0.0491228
0 0.477914 0.463158 0.00429448 0.0631579
0 0.498006 0.686842 0.00582822 0.0894737
0 0.393252 0.608772 0.00552147 0.0842105
