0 0.715951 0.355263 0.00368098 0.0578947
0 0.544018 0.240351 0.00276074 0.045614
0 0.477454 0.299123 0.00337423 0.0508772
0 0.606902 0.347368 0.00337423 0.0491228
0 0.260736 0.348246 0.00368098 0.0649123
0 0.503988 0.696491 0.00613497 0.0912281
0 0.448926 0.224561 0.00276074 0.045614
0 0.511043 0.270175 0.00306748 0.0491228
0 0.515951 0.360526 0.00368098 0.0578947
0 0.4 0.440351 0.00429448 0.0666667
0 0.527301 0.451754 0.00429448 0.0649123
0 0.479601 0.44386 0.00337423 0.0561404
0 0.446166 0.324561 0.00337423 0.0526316
0 0.434816 0.257895 0.00276074 0.0491228
0 0.38911 0.469298 0.00460123 0.0754386
0 0.467945 0.575439 0.00521472 0.0807018
0 0.381135 0.579825 0.00521472 0.0789474
0 0.461043 0.474561 0.00429448 0.0719298
0 0.438957 0.45614 0.00429448 0.0666667
0 0.606902 0.536842 0.00521472 0.077193
0 0.390031 0.670175 0.00582822 0.0877193
0 0.480828 0.351754 0.00398773 0.054386
0 0.450613 0.631579 0.00552147 0.0982456
