0 0.441718 0.178947 0.00245399 0.0350877
0 0.507362 0.158772 0.00245399 0.0368421
0 0.470092 0.389474 0.00398773 0.0596491
0 0.498313 0.223684 0.00276074 0.0403509
0 0.695399 0.301754 0.00306748 0.0526316
0 0.456442 0.353509 0.00368098 0.054386
0 0.43589 0.284211 0.00306748 0.0526316
0 0.522239 0.239474 0.00276074 0.0438596
0 0.47454 0.376316 0.00368098 0.0614035
0 0.404601 0.471053 0.00429448 0.0649123
0 0.48773 0.195614 0.00245399 0.0403509
0 0.42592 0.346491 0.00337423 0.054386
0 0.469632 0.159649 0.00306748 0.0421053
0 0.475 0.24386 0.00276074 0.045614
0 0.522699 0.295614 0.00306748 0.0473684
0 0.552607 0.232456 0.00276074 0.0438596
0 0.425307 0.273684 0.00337423 0.0561404
0 0.602301 0.415789 0.00398773 0.0631579
0 0.508436 0.319298 0.00337423 0.0491228
0 0.259049 0.334211 0.00337423 0.0578947
0 0.47546 0.463158 0.00429448 0.0631579
0 0.497393 0.686842 0.00582822 0.0859649
0 0.393252 0.605263 0.00552147 0.0842105
