0 0.716718 0.362281 0.00398773 0.0614035
0 0.260429 0.346491 0.00368098 0.0649123
0 0.509816 0.276316 0.00306748 0.0473684
0 0.543252 0.251754 0.00306748 0.0473684
0 0.47408 0.314035 0.00337423 0.0526316
0 0.606902 0.358772 0.00337423 0.0578947
0 0.446472 0.233333 0.00276074 0.045614
0 0.433436 0.266667 0.00306748 0.0491228
0 0.466104 0.595614 0.00521472 0.0824561
0 0.514264 0.370175 0.00337423 0.0561404
0 0.395399 0.45 0.00429448 0.0649123
0 0.604448 0.55 0.00521472 0.0754386
0 0.442485 0.332456 0.00337423 0.054386
0 0.385583 0.479825 0.00429448 0.0719298
0 0.477301 0.448246 0.00306748 0.054386
0 0.522699 0.462281 0.00429448 0.0649123
0 0.460429 0.485965 0.00429448 0.0701754
0 0.502454 0.702632 0.00613497 0.0929825
0 0.390184 0.67807 0.00613497 0.0894737
0 0.376841 0.592982 0.00521472 0.0807018
0 0.435736 0.468421 0.00460123 0.0666667
0 0.479908 0.371053 0.00398773 0.054386
0 0.44816 0.639474 0.00552147 0.1
