0 0.425613 0.72807 0.00398773 0.0877193
0 0.427454 0.717544 0.00398773 0.0877193
0 0.701534 0.384211 0.00368098 0.0596491
0 0.37638 0.369298 0.00368098 0.054386
0 0.273466 0.615789 0.00521472 0.077193
0 0.348466 0.712281 0.00490798 0.0877193
0 0.472699 0.429825 0.00429448 0.0631579
0 0.270859 0.775439 0.00674847 0.0912281
0 0.434969 0.469298 0.00552147 0.0929825
0 0.357209 0.713158 0.00582822 0.0894737
0 0.503834 0.352632 0.00337423 0.0596491
0 0.224233 0.392105 0.00429448 0.0649123
0 0.52454 0.62807 0.00552147 0.0842105
0 0.412423 0.586842 0.00521472 0.0719298
0 0.398466 0.392982 0.00368098 0.0596491
0 0.493865 0.35614 0.00368098 0.0596491
0 0.329908 0.62193 0.00460123 0.0789474
0 0.521779 0.494737 0.00490798 0.0736842
0 0.382975 0.563158 0.00521472 0.0736842
0 0.350307 0.464912 0.00429448 0.0701754
0 0.339417 0.633333 0.00521472 0.0912281
0 0.374386 0.481579 0.00460123 0.0649123
0 0.280675 0.62193 0.00552147 0.0754386
