0 0.448926 0.182456 0.00214724 0.0350877
0 0.474233 0.383333 0.00368098 0.054386
0 0.511656 0.161404 0.00245399 0.0385965
0 0.462423 0.164912 0.00337423 0.0421053
0 0.50138 0.234211 0.00276074 0.0438596
0 0.511043 0.32807 0.00306748 0.0491228
0 0.513344 0.295614 0.00337423 0.054386
0 0.471319 0.403509 0.00337423 0.0596491
0 0.406135 0.497368 0.00429448 0.0578947
0 0.480215 0.25 0.00276074 0.0368421
0 0.603528 0.413158 0.00398773 0.0649123
0 0.56319 0.241228 0.00306748 0.0473684
0 0.529141 0.245614 0.00245399 0.045614
0 0.486656 0.207895 0.00276074 0.0403509
0 0.697239 0.312281 0.00306748 0.0526316
0 0.259663 0.334211 0.00337423 0.0578947
0 0.432515 0.292105 0.00306748 0.054386
0 0.42592 0.281579 0.00337423 0.054386
0 0.48819 0.476316 0.00460123 0.0684211
0 0.494018 0.411404 0.00398773 0.0649123
0 0.430061 0.355263 0.00368098 0.0578947
0 0.392331 0.634211 0.00552147 0.0859649
0 0.513804 0.713158 0.00613497 0.0929825
