0 0.435429 0.742105 0.00582822 0.0982456
0 0.493558 0.435965 0.00429448 0.0614035
0 0.434816 0.328947 0.00337423 0.054386
0 0.71319 0.379825 0.00368098 0.0578947
0 0.355215 0.562281 0.00429448 0.0789474
0 0.500767 0.340351 0.00337423 0.0561404
0 0.528988 0.329825 0.00276074 0.0491228
0 0.250767 0.368421 0.00398773 0.0666667
0 0.555215 0.627193 0.00552147 0.0824561
0 0.428528 0.436842 0.00429448 0.0631579
0 0.33589 0.702632 0.00613497 0.0964912
0 0.569325 0.44386 0.00429448 0.0666667
0 0.45046 0.538597 0.00460123 0.0701754
0 0.455368 0.466667 0.00398773 0.0631579
0 0.469785 0.727193 0.00644172 0.0964912
0 0.38589 0.42807 0.00429448 0.0666667
0 0.414724 0.697368 0.00490798 0.0824561
0 0.482055 0.566667 0.00521472 0.077193
0 0.405675 0.342105 0.00337423 0.0561404
0 0.395092 0.57807 0.00490798 0.0929825
0 0.343865 0.57807 0.00613497 0.0859649
0 0.404755 0.717544 0.00582822 0.0912281
0 0.424387 0.602632 0.00521472 0.0894737
