0 0.426534 0.246491 0.00276074 0.0438596
0 0.442025 0.173684 0.00245399 0.0385965
0 0.711503 0.334211 0.00337423 0.0578947
0 0.381288 0.563158 0.00490798 0.0596491
0 0.527761 0.422807 0.00398773 0.0631579
0 0.511196 0.334211 0.00337423 0.054386
0 0.517178 0.183333 0.00245399 0.0403509
0 0.453221 0.450877 0.00337423 0.0666667
0 0.45184 0.425439 0.00368098 0.0649123
0 0.490798 0.267544 0.00429448 0.0438596
0 0.255521 0.34386 0.00306748 0.0561404
0 0.586656 0.287719 0.00337423 0.0526316
0 0.50092 0.421053 0.00368098 0.0596491
0 0.488957 0.226316 0.00368098 0.045614
0 0.590951 0.482456 0.00460123 0.0701754
0 0.460583 0.314035 0.00337423 0.0526316
0 0.420859 0.381579 0.00368098 0.0578947
0 0.420552 0.329825 0.00368098 0.0561404
0 0.448926 0.353509 0.00398773 0.0614035
0 0.463804 0.468421 0.00429448 0.0736842
0 0.478374 0.711403 0.00582822 0.0929825
0 0.364264 0.707895 0.00582822 0.0894737
0 0.465184 0.587719 0.00521472 0.077193
