0 0.509969 0.245614 0.00276074 0.0421053
0 0.503221 0.159649 0.00276074 0.0385965
0 0.489877 0.194737 0.00245399 0.0385965
0 0.437117 0.185965 0.00245399 0.0421053
0 0.43819 0.287719 0.00337423 0.0491228
0 0.450307 0.347368 0.00368098 0.0561404
0 0.451227 0.392105 0.00368098 0.0578947
0 0.467485 0.159649 0.00306748 0.0385965
0 0.494325 0.222807 0.00276074 0.0421053
0 0.694785 0.30614 0.00306748 0.054386
0 0.469785 0.249123 0.00276074 0.0421053
0 0.55138 0.230702 0.00276074 0.0473684
0 0.59908 0.42193 0.00429448 0.0649123
0 0.419785 0.349123 0.00337423 0.0561404
0 0.504755 0.339474 0.00337423 0.054386
0 0.406748 0.462281 0.00429448 0.0649123
0 0.52592 0.326316 0.00337423 0.0526316
0 0.421933 0.273684 0.00337423 0.0526316
0 0.259356 0.331579 0.00337423 0.0596491
0 0.476534 0.375439 0.00337423 0.0631579
0 0.390031 0.596491 0.00521472 0.0807018
0 0.494018 0.672807 0.00582822 0.0894737
0 0.468865 0.472807 0.00460123 0.0684211
