0 0.426227 0.726316 0.00398773 0.0877193
0 0.702147 0.383333 0.00368098 0.0614035
0 0.269325 0.781579 0.00674847 0.0929825
0 0.37454 0.37193 0.00368098 0.0596491
0 0.434049 0.470175 0.00552147 0.0842105
0 0.348926 0.714035 0.00460123 0.0842105
0 0.429908 0.714035 0.00460123 0.0877193
0 0.268712 0.615789 0.00552147 0.077193
0 0.503681 0.35 0.00368098 0.0578947
0 0.472699 0.431579 0.00429448 0.0631579
0 0.357209 0.715789 0.00521472 0.0877193
0 0.494325 0.354386 0.00337423 0.0596491
0 0.395859 0.39386 0.00398773 0.0614035
0 0.523313 0.632456 0.00552147 0.0859649
0 0.325767 0.621053 0.00429448 0.0807018
0 0.223466 0.39386 0.00460123 0.0649123
0 0.521626 0.495614 0.00460123 0.0719298
0 0.348466 0.463158 0.00429448 0.0666667
0 0.372393 0.481579 0.00429448 0.0649123
0 0.380982 0.563158 0.00490798 0.0736842
0 0.409356 0.583333 0.00521472 0.0789474
0 0.334049 0.634211 0.00490798 0.0894737
0 0.277914 0.620175 0.00552147 0.0789474
