0 0.504755 0.159649 0.00276074 0.0315789
0 0.448466 0.187719 0.00245399 0.0385965
0 0.523926 0.245614 0.00245399 0.045614
0 0.382209 0.411404 0.00429448 0.0649123
0 0.519785 0.238596 0.00337423 0.045614
0 0.544785 0.299123 0.00306748 0.0508772
0 0.729908 0.320175 0.00337423 0.054386
0 0.57592 0.337719 0.00337423 0.054386
0 0.582975 0.329825 0.00337423 0.0526316
0 0.483282 0.242982 0.00276074 0.0438596
0 0.561963 0.207018 0.00245399 0.0421053
0 0.477761 0.235088 0.00276074 0.0421053
0 0.397699 0.22807 0.00276074 0.0491228
0 0.580061 0.268421 0.00306748 0.0491228
0 0.59908 0.423684 0.00429448 0.0649123
0 0.459663 0.316667 0.00337423 0.054386
0 0.567485 0.279825 0.00306748 0.0508772
0 0.521472 0.439474 0.00429448 0.0649123
0 0.47408 0.183333 0.00398773 0.0473684
0 0.26411 0.298246 0.00429448 0.0666667
0 0.447239 0.296491 0.00368098 0.0526316
0 0.464417 0.669298 0.00552147 0.0894737
0 0.592025 0.446491 0.00429448 0.0649123
