0 0.442485 0.716667 0.00460123 0.0964912
0 0.368712 0.364035 0.00368098 0.054386
0 0.704601 0.378947 0.00368098 0.0596491
0 0.307515 0.632456 0.00521472 0.0789474
0 0.382822 0.722807 0.00613497 0.0912281
0 0.384969 0.69386 0.00552147 0.0859649
0 0.259969 0.769298 0.00582822 0.1
0 0.253221 0.614912 0.00582822 0.0824561
0 0.448313 0.705263 0.00460123 0.0912281
0 0.223926 0.391228 0.00429448 0.0666667
0 0.496472 0.348246 0.00337423 0.0578947
0 0.47362 0.429825 0.00429448 0.0631579
0 0.385276 0.385088 0.00368098 0.0614035
0 0.503988 0.34386 0.00306748 0.0526316
0 0.51365 0.648246 0.00582822 0.0894737
0 0.363957 0.478947 0.00460123 0.0666667
0 0.524387 0.491228 0.00460123 0.0736842
0 0.432669 0.478947 0.00521472 0.0807018
0 0.342638 0.463158 0.00429448 0.0701754
0 0.376687 0.553509 0.00490798 0.0754386
0 0.320092 0.645614 0.00521472 0.0982456
0 0.405368 0.578947 0.00521472 0.0807018
0 0.268405 0.616667 0.00552147 0.0754386
