0 0.472086 0.422807 0.00429448 0.0631579
0 0.548159 0.27193 0.00306748 0.0350877
0 0.480521 0.498246 0.00398773 0.0701754
0 0.541411 0.383333 0.00368098 0.054386
0 0.433742 0.231579 0.00245399 0.045614
0 0.469172 0.442105 0.00337423 0.0701754
0 0.486656 0.239474 0.00276074 0.0438596
0 0.421472 0.389474 0.00306748 0.0561404
0 0.421319 0.336842 0.00337423 0.0561404
0 0.256748 0.34386 0.00306748 0.0561404
0 0.510276 0.170175 0.00276074 0.0350877
0 0.424233 0.313158 0.00368098 0.054386
0 0.440337 0.192105 0.00276074 0.0403509
0 0.591104 0.271053 0.00306748 0.0508772
0 0.409049 0.460526 0.00398773 0.0578947
0 0.583896 0.416667 0.00398773 0.0614035
0 0.484509 0.519298 0.00460123 0.0701754
0 0.478067 0.308772 0.00337423 0.0526316
0 0.496626 0.276316 0.00306748 0.0473684
0 0.465337 0.369298 0.00368098 0.054386
0 0.709969 0.327193 0.00337423 0.054386
0 0.403374 0.524561 0.00490798 0.0736842
0 0.56365 0.707018 0.00582822 0.0912281
