0 0.699693 0.302632 0.00306748 0.0508772
0 0.49908 0.210526 0.00306748 0.0385965
0 0.498159 0.189474 0.00306748 0.0385965
0 0.67684 0.342982 0.00337423 0.0473684
0 0.629448 0.207018 0.00245399 0.0421053
0 0.54908 0.208772 0.00245399 0.0421053
0 0.526994 0.276316 0.00306748 0.0473684
0 0.482822 0.458772 0.00429448 0.0684211
0 0.552607 0.340351 0.00398773 0.0596491
0 0.606902 0.249123 0.00276074 0.045614
0 0.523313 0.164912 0.00306748 0.0315789
0 0.481902 0.35614 0.00368098 0.0561404
0 0.508129 0.261404 0.00276074 0.045614
0 0.489571 0.288596 0.00306748 0.0508772
0 0.560123 0.514912 0.00429448 0.0719298
0 0.482822 0.541228 0.00490798 0.0754386
0 0.555982 0.428947 0.00460123 0.0649123
0 0.279601 0.340351 0.00398773 0.0561404
0 0.482055 0.318421 0.00337423 0.0578947
0 0.684509 0.438596 0.00460123 0.0701754
0 0.606902 0.69386 0.00582822 0.0894737
0 0.514264 0.400877 0.00398773 0.0684211
0 0.561196 0.313158 0.00460123 0.0614035
