0 0.470552 0.37807 0.00368098 0.0578947
0 0.44862 0.181579 0.00214724 0.0368421
0 0.471166 0.394737 0.00306748 0.0596491
0 0.511043 0.159649 0.00245399 0.0385965
0 0.464724 0.161404 0.00306748 0.0421053
0 0.259663 0.332456 0.00337423 0.054386
0 0.50184 0.231579 0.00245399 0.0421053
0 0.514417 0.290351 0.00306748 0.0508772
0 0.511043 0.324561 0.00306748 0.0491228
0 0.561196 0.239474 0.00276074 0.0473684
0 0.406595 0.489474 0.00460123 0.0596491
0 0.528988 0.245614 0.00276074 0.045614
0 0.479908 0.248246 0.00276074 0.0368421
0 0.433129 0.290351 0.00306748 0.054386
0 0.487117 0.203509 0.00245399 0.0385965
0 0.697086 0.307895 0.00337423 0.054386
0 0.604448 0.414035 0.00398773 0.0631579
0 0.487117 0.475439 0.00429448 0.0666667
0 0.425613 0.279825 0.00337423 0.054386
0 0.392331 0.634211 0.00552147 0.0859649
0 0.490798 0.409649 0.00429448 0.0649123
0 0.430061 0.352632 0.00368098 0.0561404
0 0.508896 0.717544 0.00613497 0.0912281
