0 0.590337 0.37193 0.00398773 0.0596491
0 0.493098 0.49386 0.00398773 0.0649123
0 0.442331 0.227193 0.00245399 0.0368421
0 0.480061 0.420175 0.00368098 0.0754386
0 0.492178 0.511404 0.00521472 0.0684211
0 0.50092 0.27807 0.00306748 0.0473684
0 0.504755 0.224561 0.00276074 0.0421053
0 0.47684 0.432456 0.00337423 0.0754386
0 0.571166 0.278947 0.00306748 0.0491228
0 0.448466 0.187719 0.00245399 0.0385965
0 0.420245 0.459649 0.00429448 0.0631579
0 0.258896 0.341228 0.00306748 0.054386
0 0.494018 0.294737 0.00337423 0.0491228
0 0.514877 0.168421 0.00276074 0.0350877
0 0.445399 0.308772 0.00306748 0.0526316
0 0.60092 0.258772 0.00306748 0.0473684
0 0.571779 0.359649 0.00368098 0.0526316
0 0.712423 0.322807 0.00337423 0.0561404
0 0.41273 0.523684 0.00460123 0.0754386
0 0.468098 0.354386 0.00429448 0.0561404
0 0.435583 0.377193 0.00306748 0.0561404
0 0.425767 0.335965 0.00368098 0.054386
0 0.56089 0.687719 0.00582822 0.0912281
