0 0.441104 0.192982 0.00245399 0.0385965
0 0.43681 0.217544 0.00245399 0.0421053
0 0.477761 0.352632 0.00337423 0.0561404
0 0.475153 0.297368 0.00306748 0.0438596
0 0.42408 0.308772 0.00337423 0.0526316
0 0.532209 0.268421 0.00306748 0.0491228
0 0.426227 0.322807 0.00337423 0.0561404
0 0.482669 0.235088 0.00276074 0.045614
0 0.519325 0.385965 0.00368098 0.045614
0 0.511043 0.170175 0.00245399 0.0350877
0 0.257209 0.342982 0.00337423 0.0578947
0 0.42316 0.387719 0.00337423 0.0596491
0 0.495706 0.260526 0.00306748 0.0438596
0 0.486503 0.473684 0.00429448 0.0701754
0 0.578988 0.424561 0.00398773 0.0666667
0 0.406748 0.489474 0.00429448 0.0666667
0 0.705215 0.328947 0.00306748 0.054386
0 0.579448 0.270175 0.00306748 0.0491228
0 0.479448 0.431579 0.00429448 0.0666667
0 0.471012 0.44386 0.00398773 0.0666667
0 0.404141 0.564035 0.00521472 0.0789474
0 0.484816 0.52193 0.00460123 0.0754386
0 0.559509 0.734211 0.00613497 0.0929825
