0 0.496933 0.213158 0.00245399 0.0438596
0 0.480368 0.461404 0.00429448 0.0666667
0 0.53727 0.433333 0.00398773 0.0561404
0 0.623006 0.218421 0.00245399 0.0438596
0 0.479755 0.368421 0.00368098 0.0561404
0 0.705982 0.311404 0.00337423 0.0508772
0 0.504294 0.264035 0.00306748 0.0473684
0 0.523313 0.166667 0.00306748 0.0315789
0 0.668558 0.348246 0.00337423 0.054386
0 0.548006 0.209649 0.00276074 0.0438596
0 0.602914 0.255263 0.00276074 0.0473684
0 0.490644 0.188596 0.00337423 0.0438596
0 0.534969 0.35614 0.00368098 0.0631579
0 0.539417 0.317544 0.00398773 0.0561404
0 0.522086 0.275439 0.00306748 0.0491228
0 0.473313 0.541228 0.00490798 0.0754386
0 0.547546 0.518421 0.00429448 0.0719298
0 0.487117 0.295614 0.00306748 0.0508772
0 0.508282 0.405263 0.00368098 0.0666667
0 0.276994 0.335965 0.00429448 0.0578947
0 0.477147 0.319298 0.00337423 0.0561404
0 0.597546 0.714035 0.00613497 0.0947368
0 0.667178 0.418421 0.00429448 0.0719298
