0 0.699847 0.304386 0.00337423 0.0508772
0 0.49908 0.210526 0.00306748 0.0385965
0 0.498006 0.189474 0.00337423 0.0385965
0 0.676074 0.342982 0.00368098 0.0473684
0 0.628988 0.208772 0.00276074 0.0421053
0 0.54908 0.208772 0.00245399 0.0421053
0 0.526534 0.277193 0.00276074 0.045614
0 0.551534 0.342982 0.00368098 0.0614035
0 0.482822 0.458772 0.00429448 0.0684211
0 0.523313 0.164912 0.00306748 0.0315789
0 0.507822 0.261404 0.00276074 0.045614
0 0.481902 0.357018 0.00368098 0.0578947
0 0.606595 0.25 0.00276074 0.0473684
0 0.489417 0.288596 0.00276074 0.0508772
0 0.559509 0.516667 0.00429448 0.0719298
0 0.482209 0.541228 0.00490798 0.0719298
0 0.279448 0.340351 0.00429448 0.0561404
0 0.554908 0.42807 0.00429448 0.0666667
0 0.481902 0.318421 0.00368098 0.0578947
0 0.559969 0.314912 0.00460123 0.0614035
0 0.683589 0.437719 0.00460123 0.0719298
0 0.606748 0.69386 0.00613497 0.0894737
0 0.513957 0.401754 0.00398773 0.0701754
