0 0.544018 0.221053 0.00276074 0.0421053
0 0.713804 0.342982 0.00368098 0.0578947
0 0.453988 0.209649 0.00245399 0.0438596
0 0.264724 0.341228 0.00306748 0.0614035
0 0.597086 0.337719 0.00337423 0.054386
0 0.40046 0.437719 0.00460123 0.0719298
0 0.456135 0.608772 0.00552147 0.0912281
0 0.437577 0.239474 0.00276074 0.0473684
0 0.512577 0.258772 0.00306748 0.0473684
0 0.482055 0.317544 0.00337423 0.0491228
0 0.393405 0.555263 0.00521472 0.0684211
0 0.463037 0.448246 0.00460123 0.0754386
0 0.471933 0.540351 0.00521472 0.077193
0 0.481288 0.274561 0.00306748 0.0438596
0 0.446472 0.309649 0.00337423 0.0578947
0 0.518558 0.338596 0.00337423 0.0561404
0 0.448773 0.434211 0.00429448 0.0684211
0 0.410583 0.418421 0.00398773 0.0614035
0 0.540184 0.434211 0.00429448 0.0649123
0 0.391871 0.657895 0.00582822 0.0877193
0 0.611043 0.513158 0.00490798 0.0719298
0 0.508742 0.682456 0.00582822 0.0877193
0 0.483282 0.436842 0.00398773 0.0596491
