0 0.471933 0.382456 0.00398773 0.0561404
0 0.44862 0.183333 0.00214724 0.0368421
0 0.51135 0.161404 0.00245399 0.0385965
0 0.463344 0.164035 0.00337423 0.0403509
0 0.471319 0.397368 0.00337423 0.0614035
0 0.501687 0.230702 0.00276074 0.0403509
0 0.513957 0.292105 0.00337423 0.0508772
0 0.511043 0.32807 0.00306748 0.0491228
0 0.479908 0.250877 0.00276074 0.0350877
0 0.406288 0.49386 0.00460123 0.0614035
0 0.562423 0.241228 0.00276074 0.0473684
0 0.48681 0.20614 0.00245399 0.0368421
0 0.603988 0.413158 0.00429448 0.0649123
0 0.528988 0.245614 0.00276074 0.045614
0 0.432822 0.292105 0.00306748 0.054386
0 0.259663 0.333333 0.00337423 0.0561404
0 0.697086 0.309649 0.00337423 0.054386
0 0.48773 0.476316 0.00429448 0.0684211
0 0.429908 0.354386 0.00337423 0.0561404
0 0.425613 0.282456 0.00337423 0.0561404
0 0.392485 0.632456 0.00521472 0.0859649
0 0.492178 0.410526 0.00398773 0.0631579
0 0.51135 0.716667 0.00613497 0.0929825
