0 0.715337 0.35 0.00368098 0.0578947
0 0.605982 0.341228 0.00337423 0.0473684
0 0.544325 0.233333 0.00276074 0.045614
0 0.45138 0.220175 0.00276074 0.0438596
0 0.435429 0.251754 0.00276074 0.0473684
0 0.479448 0.291228 0.00306748 0.0491228
0 0.511656 0.265789 0.00306748 0.0508772
0 0.261963 0.346491 0.00368098 0.0684211
0 0.392331 0.463158 0.00490798 0.0807018
0 0.447546 0.319298 0.00306748 0.0526316
0 0.531902 0.444737 0.00429448 0.0649123
0 0.516871 0.352632 0.00368098 0.0596491
0 0.441718 0.447368 0.00429448 0.0666667
0 0.468712 0.561404 0.00490798 0.0736842
0 0.609202 0.527193 0.00490798 0.0754386
0 0.480982 0.440351 0.00368098 0.0561404
0 0.384816 0.576316 0.00521472 0.0789474
0 0.46181 0.463158 0.00460123 0.0736842
0 0.403681 0.434211 0.00429448 0.0649123
0 0.506442 0.690351 0.00613497 0.0894737
0 0.481442 0.338596 0.00398773 0.0526316
0 0.390337 0.663158 0.00582822 0.0877193
0 0.452147 0.624561 0.00552147 0.101754
