0 0.499233 0.235965 0.00276074 0.0438596
0 0.490184 0.455263 0.00429448 0.0614035
0 0.447853 0.179825 0.00245399 0.0368421
0 0.434509 0.237719 0.00276074 0.0473684
0 0.712117 0.331579 0.00337423 0.0561404
0 0.524847 0.185965 0.00245399 0.0385965
0 0.257055 0.344737 0.00306748 0.054386
0 0.46411 0.286842 0.00306748 0.0438596
0 0.392331 0.533333 0.00490798 0.0561404
0 0.529755 0.434211 0.00429448 0.0649123
0 0.516104 0.329825 0.00337423 0.0561404
0 0.589571 0.294737 0.00306748 0.0526316
0 0.454601 0.428947 0.00429448 0.0649123
0 0.430982 0.357895 0.00368098 0.0596491
0 0.462117 0.440351 0.00337423 0.0701754
0 0.468405 0.584211 0.00490798 0.077193
0 0.469325 0.464912 0.00368098 0.0701754
0 0.419939 0.327193 0.00368098 0.0614035
0 0.378221 0.708772 0.00613497 0.0912281
0 0.484202 0.262281 0.00460123 0.0438596
0 0.418252 0.392105 0.00398773 0.0614035
0 0.594939 0.476316 0.00460123 0.0719298
0 0.489264 0.724561 0.00613497 0.0947368
