0 0.44862 0.184211 0.00214724 0.0385965
0 0.527147 0.245614 0.00276074 0.045614
0 0.550767 0.297368 0.00337423 0.0473684
0 0.49954 0.162281 0.00276074 0.0368421
0 0.523773 0.236842 0.00337423 0.045614
0 0.584816 0.32193 0.00337423 0.054386
0 0.732055 0.319298 0.00337423 0.0561404
0 0.389417 0.399123 0.00398773 0.0578947
0 0.581442 0.270175 0.00337423 0.0526316
0 0.576841 0.324561 0.00337423 0.0526316
0 0.398313 0.226316 0.00276074 0.0491228
0 0.564724 0.20614 0.00245399 0.0403509
0 0.477454 0.237719 0.00276074 0.0438596
0 0.567178 0.275439 0.00306748 0.0491228
0 0.485123 0.242982 0.00276074 0.0473684
0 0.603221 0.420175 0.00398773 0.0614035
0 0.594785 0.449123 0.00429448 0.0666667
0 0.476074 0.177193 0.00368098 0.045614
0 0.463957 0.654386 0.00521472 0.0877193
0 0.459356 0.314035 0.00337423 0.0526316
0 0.264877 0.298246 0.00460123 0.0701754
0 0.449693 0.292982 0.00368098 0.0526316
0 0.52638 0.438596 0.00429448 0.0666667
