0 0.442025 0.163158 0.00245399 0.0385965
0 0.706595 0.323684 0.00337423 0.054386
0 0.507822 0.240351 0.00276074 0.0385965
0 0.514264 0.174561 0.00214724 0.0298246
0 0.48819 0.220175 0.00276074 0.0438596
0 0.452761 0.328947 0.00368098 0.0578947
0 0.427761 0.223684 0.00276074 0.0438596
0 0.570399 0.258772 0.00276074 0.0473684
0 0.595399 0.462281 0.00429448 0.0684211
0 0.463497 0.300877 0.00306748 0.0473684
0 0.525307 0.386842 0.00398773 0.0614035
0 0.507209 0.386842 0.00398773 0.0578947
0 0.514264 0.30614 0.00337423 0.054386
0 0.435123 0.45 0.00337423 0.0684211
0 0.425 0.364912 0.00337423 0.0561404
0 0.42684 0.312281 0.00337423 0.0526316
0 0.45 0.39386 0.00368098 0.0614035
0 0.403834 0.524561 0.00460123 0.0666667
0 0.465337 0.546491 0.00429448 0.0754386
0 0.26227 0.336842 0.00368098 0.0631579
0 0.377914 0.685088 0.00613497 0.0894737
0 0.47362 0.431579 0.00368098 0.0666667
0 0.479294 0.708772 0.00644172 0.0947368
