0 0.451534 0.163158 0.00245399 0.0385965
0 0.434663 0.207018 0.00245399 0.0421053
0 0.56135 0.245614 0.00306748 0.045614
0 0.506595 0.165789 0.00337423 0.0368421
0 0.5 0.234211 0.00245399 0.0438596
0 0.701994 0.318421 0.00337423 0.054386
0 0.446166 0.304386 0.00398773 0.0614035
0 0.526687 0.362281 0.00368098 0.0578947
0 0.464724 0.279825 0.00306748 0.0473684
0 0.507975 0.364035 0.00368098 0.0578947
0 0.513497 0.280702 0.00306748 0.0491228
0 0.597239 0.442105 0.00429448 0.0666667
0 0.492025 0.214912 0.00245399 0.0403509
0 0.42408 0.355263 0.00337423 0.054386
0 0.44954 0.374561 0.00337423 0.0578947
0 0.424387 0.295614 0.00337423 0.054386
0 0.43681 0.432456 0.00429448 0.0649123
0 0.408589 0.492105 0.00429448 0.0684211
0 0.262117 0.335088 0.00337423 0.0631579
0 0.466718 0.513158 0.00460123 0.0719298
0 0.387883 0.647368 0.00582822 0.0877193
0 0.479755 0.40614 0.00368098 0.0649123
0 0.486196 0.698246 0.00613497 0.0912281
