0 0.525 0.17193 0.00276074 0.0315789
0 0.557209 0.220175 0.00276074 0.0438596
0 0.730215 0.327193 0.00337423 0.054386
0 0.455828 0.183333 0.00245399 0.0368421
0 0.482669 0.239474 0.00337423 0.0438596
0 0.478988 0.202632 0.00337423 0.0473684
0 0.40046 0.252632 0.00276074 0.0491228
0 0.594018 0.451754 0.00398773 0.0684211
0 0.536043 0.333333 0.00337423 0.0561404
0 0.263957 0.30614 0.00398773 0.0578947
0 0.513804 0.253509 0.00306748 0.0508772
0 0.573006 0.286842 0.00306748 0.0508772
0 0.519478 0.264912 0.00337423 0.0491228
0 0.590031 0.475439 0.00398773 0.0666667
0 0.477454 0.264912 0.00276074 0.0421053
0 0.576687 0.352632 0.00368098 0.0596491
0 0.56411 0.385088 0.00368098 0.054386
0 0.454448 0.314035 0.00398773 0.0596491
0 0.563804 0.292982 0.00306748 0.0526316
0 0.36135 0.450877 0.00429448 0.0666667
0 0.43727 0.323684 0.00337423 0.054386
0 0.506748 0.472807 0.00429448 0.0649123
0 0.467331 0.724561 0.00582822 0.0912281
