0 0.439264 0.180702 0.00245399 0.0385965
0 0.517331 0.236842 0.00276074 0.0421053
0 0.505828 0.159649 0.00245399 0.0350877
0 0.552301 0.237719 0.00276074 0.0473684
0 0.453221 0.348246 0.00337423 0.054386
0 0.48773 0.194737 0.00245399 0.0385965
0 0.42316 0.35 0.00337423 0.0578947
0 0.469325 0.160526 0.00306748 0.0438596
0 0.694632 0.300877 0.00337423 0.054386
0 0.472699 0.244737 0.00245399 0.0438596
0 0.505521 0.32807 0.00368098 0.0526316
0 0.496779 0.222807 0.00276074 0.0421053
0 0.424387 0.271053 0.00337423 0.0508772
0 0.437577 0.287719 0.00337423 0.0526316
0 0.403988 0.468421 0.00429448 0.0666667
0 0.60046 0.412281 0.00398773 0.0631579
0 0.464724 0.385088 0.00368098 0.0578947
0 0.522699 0.303509 0.00306748 0.0526316
0 0.259049 0.333333 0.00337423 0.0561404
0 0.472699 0.464035 0.00429448 0.0614035
0 0.47546 0.377193 0.00368098 0.0631579
0 0.392791 0.596491 0.00521472 0.0807018
0 0.495859 0.67807 0.00582822 0.0894737
