0 0.533129 0.374561 0.00368098 0.0473684
0 0.447853 0.200877 0.00245399 0.0403509
0 0.5 0.273684 0.00306748 0.0491228
0 0.478221 0.253509 0.00306748 0.0473684
0 0.536963 0.3 0.00337423 0.0526316
0 0.50092 0.197368 0.00245399 0.0438596
0 0.589724 0.262281 0.00276074 0.0473684
0 0.746779 0.335965 0.00337423 0.054386
0 0.501074 0.344737 0.00337423 0.0473684
0 0.603988 0.292105 0.00306748 0.0508772
0 0.411196 0.413158 0.00398773 0.0614035
0 0.483896 0.412281 0.00398773 0.0596491
0 0.452607 0.32193 0.00337423 0.054386
0 0.424233 0.286842 0.00306748 0.0508772
0 0.543712 0.224561 0.00276074 0.045614
0 0.565644 0.379825 0.00368098 0.0614035
0 0.442945 0.359649 0.00368098 0.0561404
0 0.480828 0.755263 0.00644172 0.0929825
0 0.261963 0.334211 0.00429448 0.0649123
0 0.630675 0.371053 0.00368098 0.0578947
0 0.503834 0.507018 0.00460123 0.0666667
0 0.558896 0.535965 0.00490798 0.0754386
0 0.61319 0.495614 0.00429448 0.0719298
