0 0.614877 0.307895 0.00337423 0.0438596
0 0.616411 0.310526 0.00337423 0.045614
0 0.709509 0.352632 0.00306748 0.0350877
0 0.503374 0.212281 0.00306748 0.0385965
0 0.488804 0.368421 0.00337423 0.0596491
0 0.503988 0.192105 0.00306748 0.0403509
0 0.489264 0.480702 0.00429448 0.0631579
0 0.713497 0.300877 0.00306748 0.0473684
0 0.601534 0.325439 0.00306748 0.0508772
0 0.640798 0.192105 0.00245399 0.0403509
0 0.614571 0.248246 0.00276074 0.0473684
0 0.55092 0.214912 0.00245399 0.0403509
0 0.50046 0.561404 0.00521472 0.077193
0 0.53681 0.285088 0.00306748 0.0438596
0 0.517485 0.25614 0.00245399 0.0421053
0 0.492945 0.301754 0.00306748 0.0526316
0 0.720706 0.499123 0.00521472 0.0754386
0 0.52362 0.164912 0.00306748 0.0315789
0 0.603374 0.438596 0.00429448 0.0666667
0 0.486503 0.324561 0.00368098 0.0596491
0 0.597546 0.518421 0.00490798 0.0649123
0 0.626227 0.65 0.00521472 0.0719298
0 0.530215 0.399123 0.00398773 0.0684211
0 0.287423 0.347368 0.00429448 0.0561404
