0 0.450153 0.163158 0.00276074 0.0350877
0 0.433742 0.208772 0.00245399 0.0421053
0 0.562423 0.245614 0.00276074 0.045614
0 0.500767 0.234211 0.00276074 0.0438596
0 0.507362 0.164035 0.00306748 0.0368421
0 0.702914 0.320175 0.00337423 0.054386
0 0.526687 0.366667 0.00368098 0.0561404
0 0.436043 0.433333 0.00398773 0.0631579
0 0.51411 0.285088 0.00306748 0.0508772
0 0.507975 0.366667 0.00368098 0.0596491
0 0.464417 0.280702 0.00306748 0.0491228
0 0.492025 0.214035 0.00245399 0.0421053
0 0.596933 0.446491 0.00429448 0.0649123
0 0.449693 0.376316 0.00368098 0.0578947
0 0.424693 0.35614 0.00337423 0.0561404
0 0.446933 0.305263 0.00368098 0.0596491
0 0.262577 0.335965 0.00368098 0.0649123
0 0.424693 0.295614 0.00337423 0.054386
0 0.387423 0.651754 0.00552147 0.0859649
0 0.408282 0.495614 0.00429448 0.0719298
0 0.485736 0.7 0.00582822 0.0912281
0 0.479294 0.40614 0.00398773 0.0649123
0 0.466718 0.516667 0.00460123 0.0684211
