0 0.36365 0.35614 0.00337423 0.0526316
0 0.304448 0.642105 0.00582822 0.0807018
0 0.705828 0.378947 0.00368098 0.0596491
0 0.238344 0.616667 0.00552147 0.0754386
0 0.252761 0.770175 0.00613497 0.0947368
0 0.470245 0.701754 0.00613497 0.0877193
0 0.477761 0.427193 0.00398773 0.0649123
0 0.504294 0.342982 0.00306748 0.0508772
0 0.218252 0.39386 0.00337423 0.0614035
0 0.428834 0.485965 0.00429448 0.0736842
0 0.506595 0.674561 0.00582822 0.0894737
0 0.497086 0.342105 0.00337423 0.0561404
0 0.336196 0.459649 0.00429448 0.0666667
0 0.527454 0.475439 0.00460123 0.0701754
0 0.355982 0.477193 0.00460123 0.0631579
0 0.377147 0.374561 0.00337423 0.0578947
0 0.322393 0.655263 0.00490798 0.0859649
0 0.374693 0.549123 0.00460123 0.0736842
0 0.39954 0.562281 0.00521472 0.0754386
0 0.454601 0.694737 0.00552147 0.0877193
0 0.390951 0.711403 0.00644172 0.0894737
0 0.260736 0.609649 0.00736196 0.0859649
0 0.410736 0.663158 0.00613497 0.0912281
