0 0.36273 0.711403 0.00705521 0.0929825
0 0.360429 0.707895 0.00490798 0.0929825
0 0.372393 0.366667 0.00368098 0.0561404
0 0.429601 0.720175 0.00460123 0.0894737
0 0.703374 0.382456 0.00368098 0.0596491
0 0.365031 0.714035 0.00552147 0.0912281
0 0.266718 0.77193 0.00705521 0.0947368
0 0.262577 0.614912 0.00552147 0.0754386
0 0.519018 0.635965 0.00552147 0.0859649
0 0.503834 0.345614 0.00337423 0.0561404
0 0.404755 0.580702 0.00521472 0.0736842
0 0.473313 0.432456 0.00429448 0.0649123
0 0.391871 0.389474 0.00398773 0.0596491
0 0.495092 0.350877 0.00368098 0.0596491
0 0.437117 0.707018 0.00429448 0.0842105
0 0.318405 0.623684 0.00429448 0.0824561
0 0.325613 0.639474 0.00521472 0.0964912
0 0.378834 0.555263 0.00490798 0.0719298
0 0.22362 0.39386 0.00429448 0.0649123
0 0.521933 0.49386 0.00460123 0.0719298
0 0.346012 0.464035 0.00429448 0.0684211
0 0.433896 0.475439 0.00521472 0.0842105
0 0.369172 0.480702 0.00460123 0.0666667
0 0.273466 0.620175 0.00521472 0.0789474
