0 0.438037 0.732456 0.00552147 0.0929825
0 0.433896 0.431579 0.00398773 0.0666667
0 0.529755 0.324561 0.00306748 0.0491228
0 0.361043 0.552632 0.00429448 0.0736842
0 0.252301 0.366667 0.00398773 0.0666667
0 0.501227 0.338596 0.00306748 0.0561404
0 0.38865 0.424561 0.00429448 0.0631579
0 0.713497 0.379825 0.00368098 0.0578947
0 0.435736 0.318421 0.00337423 0.054386
0 0.454448 0.52193 0.00521472 0.0754386
0 0.340031 0.696491 0.00582822 0.0912281
0 0.575767 0.445614 0.00429448 0.0666667
0 0.456902 0.468421 0.00398773 0.0631579
0 0.406288 0.335965 0.00337423 0.0578947
0 0.495859 0.437719 0.00398773 0.0649123
0 0.554294 0.616667 0.00552147 0.0754386
0 0.473773 0.72807 0.00644172 0.0982456
0 0.48635 0.562281 0.00521472 0.0789474
0 0.418712 0.692105 0.00490798 0.0894737
0 0.348926 0.57807 0.00582822 0.0859649
0 0.428834 0.594737 0.00490798 0.0877193
0 0.399386 0.569298 0.00552147 0.0964912
0 0.403221 0.717544 0.00644172 0.0947368
