0 0.498773 0.691228 0.00674847 0.0807018
0 0.50184 0.694737 0.00674847 0.077193
0 0.307975 0.651754 0.00552147 0.0894737
0 0.703374 0.375439 0.00368098 0.0596491
0 0.359049 0.355263 0.00337423 0.0578947
0 0.210429 0.40614 0.00552147 0.0789474
0 0.482822 0.421053 0.00429448 0.0666667
0 0.495859 0.334211 0.00337423 0.054386
0 0.502607 0.335088 0.00276074 0.0491228
0 0.221166 0.62807 0.00552147 0.0842105
0 0.517025 0.650877 0.00582822 0.0877193
0 0.39816 0.55614 0.00490798 0.0701754
0 0.331748 0.664035 0.00460123 0.0859649
0 0.528221 0.461404 0.00429448 0.0701754
0 0.369939 0.367544 0.00306748 0.0578947
0 0.453681 0.679825 0.00613497 0.0894737
0 0.24908 0.77193 0.00613497 0.0982456
0 0.328528 0.457018 0.00429448 0.0684211
0 0.349387 0.476316 0.00429448 0.0649123
0 0.371779 0.542982 0.00490798 0.0754386
0 0.42638 0.492982 0.00429448 0.077193
0 0.375767 0.723684 0.00613497 0.0964912
0 0.427454 0.635088 0.00582822 0.0842105
0 0.254601 0.608772 0.00674847 0.0807018
