0 0.454908 0.163158 0.00306748 0.0385965
0 0.504601 0.162281 0.00306748 0.0368421
0 0.43589 0.202632 0.00245399 0.0438596
0 0.499233 0.234211 0.00276074 0.0438596
0 0.557209 0.236842 0.00276074 0.045614
0 0.70138 0.317544 0.00337423 0.0561404
0 0.465644 0.272807 0.00306748 0.0473684
0 0.492638 0.207018 0.00245399 0.0421053
0 0.526994 0.35614 0.00368098 0.0561404
0 0.51135 0.270175 0.00306748 0.0491228
0 0.409202 0.482456 0.00429448 0.0701754
0 0.507975 0.358772 0.00368098 0.0578947
0 0.422853 0.354386 0.00337423 0.0561404
0 0.597853 0.438596 0.00429448 0.0666667
0 0.449233 0.368421 0.00337423 0.0596491
0 0.42316 0.288596 0.00337423 0.054386
0 0.388957 0.631579 0.00552147 0.0842105
0 0.440184 0.424561 0.00429448 0.0631579
0 0.261043 0.335088 0.00368098 0.0631579
0 0.444172 0.297368 0.00429448 0.0614035
0 0.467025 0.505263 0.00460123 0.0701754
0 0.479755 0.396491 0.00368098 0.0631579
0 0.48865 0.69386 0.00613497 0.0894737
