0 0.527761 0.165789 0.00276074 0.0333333
0 0.711503 0.410526 0.00398773 0.0526316
0 0.639571 0.198246 0.00245399 0.0421053
0 0.73911 0.327193 0.00337423 0.054386
0 0.489571 0.318421 0.00306748 0.054386
0 0.484663 0.347368 0.00368098 0.0561404
0 0.615798 0.369298 0.00398773 0.0578947
0 0.287117 0.355263 0.00368098 0.054386
0 0.615491 0.259649 0.00276074 0.0491228
0 0.500614 0.226316 0.00368098 0.0421053
0 0.551074 0.228947 0.00276074 0.0438596
0 0.543098 0.317544 0.00337423 0.0491228
0 0.523313 0.278947 0.00306748 0.0491228
0 0.638497 0.348246 0.00337423 0.0578947
0 0.486043 0.385965 0.00337423 0.0561404
0 0.501994 0.19386 0.00398773 0.0438596
0 0.487883 0.525439 0.00460123 0.0684211
0 0.630675 0.459649 0.00429448 0.0666667
0 0.615491 0.565789 0.00521472 0.0789474
0 0.721626 0.521053 0.00521472 0.0736842
0 0.49862 0.604386 0.00521472 0.0789474
0 0.632209 0.721053 0.00613497 0.0947368
0 0.53819 0.411404 0.00460123 0.0614035
