0 0.45138 0.22193 0.00276074 0.0438596
0 0.49908 0.289474 0.00368098 0.045614
0 0.498466 0.271053 0.00306748 0.0438596
0 0.57362 0.274561 0.00306748 0.0508772
0 0.51135 0.217544 0.00245399 0.0385965
0 0.496166 0.483333 0.00398773 0.0649123
0 0.496472 0.512281 0.00460123 0.0631579
0 0.582362 0.342105 0.00337423 0.045614
0 0.443098 0.375439 0.00276074 0.0561404
0 0.516564 0.167544 0.00245399 0.0368421
0 0.453221 0.30614 0.00337423 0.054386
0 0.453834 0.187719 0.00276074 0.0421053
0 0.596472 0.348246 0.00398773 0.0578947
0 0.426227 0.460526 0.00460123 0.0649123
0 0.483896 0.403509 0.00398773 0.0701754
0 0.713497 0.318421 0.00368098 0.054386
0 0.603374 0.253509 0.00306748 0.0473684
0 0.417331 0.524561 0.00460123 0.0736842
0 0.480828 0.428947 0.00337423 0.0754386
0 0.261196 0.341228 0.00337423 0.0614035
0 0.430061 0.334211 0.00368098 0.054386
0 0.471626 0.349123 0.00398773 0.0561404
0 0.558282 0.679825 0.00613497 0.0894737
