0 0.49908 0.470175 0.00429448 0.0701754
0 0.519325 0.166667 0.00245399 0.0385965
0 0.438037 0.455263 0.00429448 0.0438596
0 0.463497 0.218421 0.00306748 0.0438596
0 0.520552 0.214912 0.00245399 0.0403509
0 0.505521 0.502632 0.00490798 0.0684211
0 0.60138 0.338596 0.00337423 0.0526316
0 0.455521 0.370175 0.00368098 0.0596491
0 0.503528 0.279825 0.00337423 0.0508772
0 0.486196 0.42193 0.00368098 0.0789474
0 0.712423 0.316667 0.00337423 0.054386
0 0.606595 0.247368 0.00276074 0.045614
0 0.496319 0.270175 0.00306748 0.045614
0 0.463804 0.303509 0.00306748 0.0526316
0 0.607669 0.348246 0.00368098 0.0578947
0 0.491258 0.392105 0.00398773 0.0684211
0 0.423313 0.527193 0.00490798 0.0649123
0 0.460429 0.189474 0.00306748 0.045614
0 0.263957 0.337719 0.00337423 0.0578947
0 0.43911 0.333333 0.00398773 0.0561404
0 0.578988 0.270175 0.00337423 0.0526316
0 0.480061 0.340351 0.00429448 0.0596491
0 0.558589 0.684211 0.00613497 0.0877193
