0 0.421166 0.288596 0.00306748 0.0438596
0 0.53727 0.281579 0.00337423 0.0508772
0 0.439417 0.265789 0.00276074 0.0473684
0 0.475 0.446491 0.00460123 0.0684211
0 0.505215 0.3 0.00306748 0.0491228
0 0.506595 0.495614 0.00460123 0.0684211
0 0.604755 0.398246 0.00398773 0.0631579
0 0.462117 0.350877 0.00337423 0.0526316
0 0.36411 0.630702 0.00552147 0.0824561
0 0.259969 0.35 0.00460123 0.0684211
0 0.509356 0.401754 0.00398773 0.0631579
0 0.717331 0.364912 0.00398773 0.0596491
0 0.469939 0.462281 0.00368098 0.0614035
0 0.382975 0.490351 0.00460123 0.0719298
0 0.423926 0.374561 0.00368098 0.0578947
0 0.590031 0.583333 0.00521472 0.0789474
0 0.392485 0.695614 0.00582822 0.0894737
0 0.42408 0.507895 0.00460123 0.0719298
0 0.456288 0.648246 0.00582822 0.0894737
0 0.371626 0.522807 0.00644172 0.0912281
0 0.452607 0.534211 0.00521472 0.0894737
0 0.494018 0.720175 0.00644172 0.0929825
0 0.438497 0.664912 0.00521472 0.0947368
