0 0.370552 0.364912 0.00368098 0.0561404
0 0.435583 0.717544 0.00490798 0.0982456
0 0.704295 0.380702 0.00368098 0.0596491
0 0.38911 0.386842 0.00398773 0.0614035
0 0.37408 0.714912 0.00644172 0.0929825
0 0.258129 0.615789 0.00582822 0.077193
0 0.31319 0.631579 0.00490798 0.0877193
0 0.496012 0.35 0.00368098 0.0578947
0 0.473313 0.431579 0.00429448 0.0666667
0 0.443252 0.710526 0.00429448 0.0877193
0 0.26227 0.773684 0.00613497 0.0947368
0 0.433589 0.475439 0.00521472 0.0807018
0 0.503834 0.34386 0.00337423 0.0561404
0 0.367025 0.480702 0.00460123 0.0666667
0 0.224233 0.390351 0.00429448 0.0649123
0 0.517331 0.639474 0.00582822 0.0859649
0 0.344785 0.464035 0.00429448 0.0684211
0 0.523466 0.492982 0.00460123 0.0701754
0 0.376994 0.555263 0.00490798 0.0719298
0 0.322393 0.645614 0.00552147 0.105263
0 0.405061 0.579825 0.00521472 0.0789474
0 0.271166 0.619298 0.00552147 0.077193
