0 0.522699 0.163158 0.00306748 0.0385965
0 0.595706 0.264035 0.00306748 0.0508772
0 0.649693 0.34386 0.00306748 0.0526316
0 0.470859 0.448246 0.00429448 0.0614035
0 0.514571 0.279825 0.00337423 0.0508772
0 0.5 0.266667 0.00306748 0.045614
0 0.518558 0.442982 0.00398773 0.0578947
0 0.48865 0.215789 0.00306748 0.0491228
0 0.541411 0.210526 0.00245399 0.0421053
0 0.616104 0.22807 0.00276074 0.045614
0 0.514417 0.324561 0.00368098 0.0561404
0 0.712117 0.312281 0.00337423 0.0561404
0 0.47408 0.364035 0.00398773 0.0614035
0 0.516871 0.377193 0.00429448 0.0666667
0 0.500153 0.409649 0.00398773 0.0719298
0 0.466258 0.324561 0.00429448 0.0596491
0 0.480828 0.190351 0.00337423 0.0473684
0 0.481902 0.298246 0.00306748 0.0526316
0 0.456748 0.537719 0.00490798 0.0754386
0 0.647393 0.386842 0.00460123 0.0649123
0 0.532362 0.516667 0.00460123 0.0719298
0 0.273773 0.335965 0.00460123 0.0578947
0 0.582055 0.712281 0.00644172 0.0947368
