0 0.463804 0.457018 0.00429448 0.0649123
0 0.50184 0.326316 0.00368098 0.0561404
0 0.633896 0.328947 0.00337423 0.0438596
0 0.53589 0.209649 0.00245399 0.0403509
0 0.521626 0.160526 0.00276074 0.0403509
0 0.612423 0.233333 0.00276074 0.0491228
0 0.507669 0.382456 0.00429448 0.0666667
0 0.510736 0.274561 0.00306748 0.0473684
0 0.481748 0.216667 0.00337423 0.0508772
0 0.497853 0.268421 0.00306748 0.0491228
0 0.511656 0.448246 0.00429448 0.0649123
0 0.712423 0.312281 0.00337423 0.0561404
0 0.474693 0.188596 0.00337423 0.0473684
0 0.458742 0.326316 0.00398773 0.0596491
0 0.444479 0.530702 0.00490798 0.0649123
0 0.270092 0.336842 0.00337423 0.0596491
0 0.634663 0.373684 0.00368098 0.0561404
0 0.477761 0.298246 0.00337423 0.0526316
0 0.496012 0.414912 0.00368098 0.0754386
0 0.590951 0.262281 0.00337423 0.054386
0 0.470245 0.364912 0.00368098 0.0596491
0 0.52408 0.511404 0.00460123 0.0719298
0 0.572699 0.702632 0.00613497 0.0894737
