0 0.71227 0.336842 0.00368098 0.0561404
0 0.491718 0.235088 0.00306748 0.0421053
0 0.498466 0.433333 0.00368098 0.0596491
0 0.442791 0.174561 0.00214724 0.0368421
0 0.430215 0.242105 0.00276074 0.0350877
0 0.380828 0.560526 0.00521472 0.0684211
0 0.528374 0.427193 0.00398773 0.0614035
0 0.518712 0.183333 0.00245399 0.0403509
0 0.461196 0.308772 0.00337423 0.0491228
0 0.587117 0.288596 0.00306748 0.0508772
0 0.254601 0.345614 0.00306748 0.0561404
0 0.511503 0.333333 0.00337423 0.0561404
0 0.457055 0.453509 0.00368098 0.0684211
0 0.452147 0.428947 0.00368098 0.0649123
0 0.590951 0.480702 0.00460123 0.0701754
0 0.419172 0.385965 0.00398773 0.0596491
0 0.463497 0.469298 0.00429448 0.0754386
0 0.418865 0.330702 0.00398773 0.0578947
0 0.445092 0.355263 0.00368098 0.0614035
0 0.48635 0.271053 0.00398773 0.0403509
0 0.465184 0.588596 0.00521472 0.0789474
0 0.480521 0.716667 0.00644172 0.0929825
0 0.366258 0.713158 0.00613497 0.0929825
