0 0.510583 0.24386 0.00276074 0.0421053
0 0.503374 0.159649 0.00245399 0.0350877
0 0.437117 0.185965 0.00245399 0.0421053
0 0.438344 0.286842 0.00306748 0.0508772
0 0.489571 0.19386 0.00245399 0.0403509
0 0.452301 0.389474 0.00398773 0.0596491
0 0.468252 0.159649 0.00276074 0.0385965
0 0.494325 0.222807 0.00276074 0.0421053
0 0.450613 0.344737 0.00368098 0.054386
0 0.470092 0.247368 0.00276074 0.0421053
0 0.55138 0.232456 0.00276074 0.0473684
0 0.694785 0.304386 0.00306748 0.054386
0 0.599233 0.421053 0.00398773 0.0631579
0 0.419939 0.348246 0.00368098 0.054386
0 0.504601 0.341228 0.00368098 0.054386
0 0.406442 0.463158 0.00429448 0.0631579
0 0.525613 0.324561 0.00337423 0.0526316
0 0.422086 0.274561 0.00306748 0.054386
0 0.259202 0.331579 0.00368098 0.0596491
0 0.47638 0.375439 0.00368098 0.0631579
0 0.390337 0.596491 0.00521472 0.0807018
0 0.469172 0.471053 0.00460123 0.0684211
0 0.494172 0.67193 0.00613497 0.0912281
