0 0.708436 0.344737 0.00337423 0.0438596
0 0.613037 0.312281 0.00337423 0.0491228
0 0.71227 0.3 0.00306748 0.0491228
0 0.488497 0.368421 0.00337423 0.0596491
0 0.500307 0.559649 0.00490798 0.077193
0 0.503374 0.212281 0.00306748 0.0385965
0 0.503834 0.192105 0.00337423 0.0403509
0 0.640491 0.192105 0.00245399 0.0403509
0 0.614571 0.246491 0.00276074 0.0473684
0 0.600153 0.324561 0.00337423 0.0491228
0 0.48911 0.478947 0.00398773 0.0631579
0 0.55092 0.214912 0.00245399 0.0403509
0 0.53635 0.284211 0.00276074 0.0421053
0 0.517025 0.257895 0.00276074 0.0421053
0 0.601534 0.439474 0.00429448 0.0649123
0 0.492945 0.3 0.00306748 0.0526316
0 0.52362 0.165789 0.00306748 0.0333333
0 0.48635 0.323684 0.00398773 0.0578947
0 0.596012 0.519298 0.00490798 0.0666667
0 0.287117 0.345614 0.00429448 0.0561404
0 0.719939 0.495614 0.00490798 0.0754386
0 0.62454 0.65 0.00552147 0.0719298
0 0.529601 0.400877 0.00398773 0.0684211
