0 0.521626 0.168421 0.00276074 0.0315789
0 0.556748 0.212281 0.00245399 0.0421053
0 0.453988 0.183333 0.00245399 0.0368421
0 0.730522 0.325439 0.00337423 0.0578947
0 0.481748 0.237719 0.00337423 0.0438596
0 0.399233 0.24386 0.00276074 0.045614
0 0.515031 0.25 0.00306748 0.0473684
0 0.478221 0.257895 0.00306748 0.0421053
0 0.536656 0.32807 0.00337423 0.0561404
0 0.477454 0.197368 0.00337423 0.0508772
0 0.592791 0.446491 0.00398773 0.0649123
0 0.564571 0.288596 0.00337423 0.0508772
0 0.456748 0.317544 0.00368098 0.0596491
0 0.263804 0.301754 0.00368098 0.0596491
0 0.574233 0.279825 0.00306748 0.0508772
0 0.36411 0.441228 0.00429448 0.0649123
0 0.588957 0.464035 0.00429448 0.0684211
0 0.520092 0.257895 0.00337423 0.0491228
0 0.565031 0.373684 0.00368098 0.0526316
0 0.577301 0.345614 0.00368098 0.0596491
0 0.507669 0.463158 0.00429448 0.0666667
0 0.467331 0.718421 0.00582822 0.0929825
0 0.437883 0.32193 0.00337423 0.054386
