0 0.705828 0.37807 0.00368098 0.054386
0 0.304141 0.641228 0.00582822 0.0789474
0 0.363804 0.35614 0.00368098 0.0526316
0 0.469939 0.701754 0.00613497 0.0877193
0 0.23865 0.617544 0.00552147 0.077193
0 0.477454 0.425439 0.00398773 0.0649123
0 0.504294 0.342982 0.00306748 0.0508772
0 0.506595 0.673684 0.00582822 0.0877193
0 0.218252 0.39386 0.00337423 0.0614035
0 0.428988 0.485965 0.00460123 0.0736842
0 0.252914 0.770175 0.00644172 0.0982456
0 0.497086 0.342105 0.00337423 0.0561404
0 0.527301 0.475439 0.00429448 0.0701754
0 0.377454 0.373684 0.00337423 0.0596491
0 0.356288 0.476316 0.00460123 0.0649123
0 0.336503 0.460526 0.00429448 0.0684211
0 0.374847 0.549123 0.00490798 0.0736842
0 0.322239 0.655263 0.00460123 0.0859649
0 0.399847 0.562281 0.00521472 0.0754386
0 0.454601 0.694737 0.00552147 0.0877193
0 0.390951 0.712281 0.00644172 0.0912281
0 0.261043 0.609649 0.00736196 0.0859649
0 0.409969 0.664912 0.00582822 0.0912281
