0 0.494172 0.490351 0.00429448 0.0649123
0 0.590951 0.367544 0.00398773 0.0578947
0 0.500307 0.275439 0.00306748 0.0491228
0 0.444325 0.226316 0.00276074 0.0385965
0 0.57454 0.353509 0.00368098 0.0508772
0 0.450153 0.189474 0.00276074 0.0385965
0 0.506595 0.222807 0.00276074 0.0421053
0 0.571932 0.277193 0.00337423 0.0491228
0 0.496166 0.292105 0.00337423 0.0473684
0 0.477761 0.431579 0.00337423 0.0736842
0 0.515491 0.168421 0.00276074 0.0350877
0 0.422239 0.460526 0.00460123 0.0649123
0 0.493098 0.512281 0.00521472 0.0666667
0 0.259509 0.342105 0.00306748 0.0526316
0 0.601687 0.257895 0.00276074 0.0491228
0 0.447393 0.309649 0.00337423 0.054386
0 0.481135 0.414035 0.00460123 0.077193
0 0.437117 0.37807 0.00306748 0.054386
0 0.712577 0.322807 0.00306748 0.0526316
0 0.469018 0.353509 0.00429448 0.0578947
0 0.427147 0.336842 0.00337423 0.0561404
0 0.413344 0.52193 0.00521472 0.0754386
0 0.560429 0.686842 0.00613497 0.0929825
