0 0.500614 0.464912 0.00429448 0.0666667
0 0.519785 0.165789 0.00276074 0.0403509
0 0.605828 0.335088 0.00306748 0.0491228
0 0.522699 0.210526 0.00245399 0.0385965
0 0.458282 0.364912 0.00368098 0.0596491
0 0.507669 0.502632 0.00490798 0.0684211
0 0.611196 0.351754 0.00337423 0.0578947
0 0.443252 0.453509 0.00429448 0.0614035
0 0.607515 0.24386 0.00276074 0.045614
0 0.504601 0.278947 0.00306748 0.0526316
0 0.712117 0.315789 0.00337423 0.0526316
0 0.466258 0.217544 0.00306748 0.045614
0 0.496166 0.269298 0.00337423 0.0473684
0 0.487883 0.421053 0.00337423 0.077193
0 0.42546 0.531579 0.00490798 0.0596491
0 0.493252 0.389474 0.00429448 0.0701754
0 0.466258 0.300877 0.00306748 0.0508772
0 0.264877 0.338596 0.00337423 0.0561404
0 0.559049 0.688596 0.00644172 0.0894737
0 0.482975 0.335965 0.00398773 0.0578947
0 0.46227 0.191228 0.00306748 0.045614
0 0.442025 0.330702 0.00429448 0.0578947
0 0.580521 0.270175 0.00337423 0.0526316
