0 0.49862 0.27807 0.00337423 0.0508772
0 0.494325 0.488596 0.00398773 0.0649123
0 0.446319 0.223684 0.00245399 0.0368421
0 0.592025 0.364035 0.00368098 0.0578947
0 0.499693 0.27193 0.00306748 0.045614
0 0.497393 0.289474 0.00337423 0.0491228
0 0.577147 0.350877 0.00337423 0.0491228
0 0.507975 0.219298 0.00245399 0.0421053
0 0.451227 0.189474 0.00245399 0.0385965
0 0.424233 0.459649 0.00429448 0.0701754
0 0.515644 0.167544 0.00245399 0.0333333
0 0.478681 0.429825 0.00337423 0.077193
0 0.494018 0.510526 0.00521472 0.0666667
0 0.572393 0.278947 0.00306748 0.0491228
0 0.43865 0.377193 0.00306748 0.0561404
0 0.449233 0.30614 0.00337423 0.054386
0 0.71273 0.322807 0.00337423 0.0526316
0 0.602147 0.25614 0.00306748 0.0491228
0 0.481748 0.408772 0.00460123 0.077193
0 0.259816 0.342105 0.00306748 0.0561404
0 0.469785 0.349123 0.00398773 0.0561404
0 0.427914 0.335965 0.00368098 0.0578947
0 0.413804 0.52193 0.00490798 0.0754386
0 0.559663 0.684211 0.00582822 0.0912281
