0 0.707975 0.382456 0.00368098 0.0596491
0 0.483742 0.437719 0.00429448 0.0614035
0 0.323006 0.594737 0.00490798 0.0736842
0 0.49862 0.35614 0.00337423 0.0561404
0 0.242945 0.378947 0.00368098 0.0701754
0 0.400613 0.367544 0.00368098 0.0578947
0 0.431442 0.747368 0.00521472 0.0877193
0 0.427914 0.382456 0.00368098 0.0596491
0 0.422853 0.564035 0.00521472 0.0614035
0 0.315644 0.733333 0.00674847 0.0947368
0 0.396779 0.705263 0.00398773 0.0736842
0 0.39954 0.475439 0.00460123 0.0631579
0 0.319785 0.601754 0.00521472 0.0736842
0 0.521319 0.362281 0.00337423 0.0508772
0 0.545092 0.466667 0.00429448 0.0666667
0 0.460123 0.607895 0.00552147 0.0824561
0 0.447393 0.460526 0.00398773 0.0684211
0 0.543558 0.651754 0.00552147 0.0859649
0 0.446626 0.72193 0.00613497 0.0894737
0 0.40138 0.631579 0.00521472 0.0842105
0 0.372393 0.616667 0.00552147 0.0964912
0 0.376687 0.463158 0.00429448 0.0666667
0 0.409816 0.721053 0.00613497 0.0947368
