0 0.470859 0.433333 0.00429448 0.0666667
0 0.472546 0.424561 0.00398773 0.0631579
0 0.543558 0.275439 0.00306748 0.0385965
0 0.42316 0.311404 0.00337423 0.0508772
0 0.433589 0.232456 0.00276074 0.0438596
0 0.484663 0.240351 0.00306748 0.0421053
0 0.422699 0.334211 0.00368098 0.054386
0 0.469325 0.440351 0.00368098 0.0666667
0 0.495399 0.273684 0.00306748 0.045614
0 0.509816 0.170175 0.00245399 0.0350877
0 0.256748 0.34386 0.00306748 0.0561404
0 0.440337 0.190351 0.00276074 0.0403509
0 0.477147 0.308772 0.00337423 0.0526316
0 0.408742 0.473684 0.00398773 0.0631579
0 0.53681 0.385965 0.00368098 0.0526316
0 0.580675 0.417544 0.00429448 0.0631579
0 0.421166 0.389474 0.00306748 0.0561404
0 0.589264 0.27193 0.00306748 0.0491228
0 0.402454 0.529825 0.00490798 0.0736842
0 0.479294 0.5 0.00398773 0.0701754
0 0.467485 0.368421 0.00368098 0.0526316
0 0.708896 0.32807 0.00368098 0.0561404
0 0.484202 0.519298 0.00460123 0.0701754
0 0.56365 0.713158 0.00644172 0.0929825
