0 0.441258 0.415789 0.00398773 0.0631579
0 0.345706 0.681579 0.00552147 0.0859649
0 0.393252 0.415789 0.00429448 0.0596491
0 0.436043 0.30614 0.00337423 0.0508772
0 0.499233 0.435088 0.00398773 0.0631579
0 0.530521 0.318421 0.00337423 0.054386
0 0.714417 0.376316 0.00368098 0.0578947
0 0.501534 0.333333 0.00368098 0.0596491
0 0.254294 0.362281 0.00429448 0.0649123
0 0.490491 0.549123 0.00490798 0.077193
0 0.584049 0.436842 0.00429448 0.0666667
0 0.406902 0.325439 0.00337423 0.054386
0 0.366104 0.537719 0.00460123 0.0754386
0 0.560583 0.601754 0.00521472 0.077193
0 0.459663 0.508772 0.00460123 0.0736842
0 0.459049 0.469298 0.00398773 0.0649123
0 0.478067 0.72807 0.00644172 0.0982456
0 0.444325 0.704386 0.00582822 0.0894737
0 0.434202 0.581579 0.00460123 0.0859649
0 0.42316 0.688596 0.00521472 0.0929825
0 0.405061 0.557018 0.00521472 0.0929825
0 0.355061 0.567544 0.00582822 0.0824561
0 0.400613 0.712281 0.00613497 0.0947368
