0 0.526074 0.164912 0.00306748 0.0350877
0 0.639877 0.196491 0.00245399 0.0421053
0 0.614264 0.349123 0.00337423 0.0526316
0 0.732362 0.319298 0.00337423 0.0526316
0 0.53681 0.409649 0.00368098 0.0649123
0 0.615491 0.255263 0.00276074 0.0473684
0 0.551687 0.223684 0.00276074 0.0403509
0 0.491258 0.313158 0.00337423 0.054386
0 0.541718 0.304386 0.00306748 0.0438596
0 0.521779 0.27193 0.00306748 0.045614
0 0.502761 0.19386 0.00368098 0.0403509
0 0.502301 0.221053 0.00337423 0.0385965
0 0.713497 0.388597 0.00368098 0.0508772
0 0.632975 0.337719 0.00337423 0.054386
0 0.486196 0.336842 0.00368098 0.0526316
0 0.502147 0.578947 0.00490798 0.077193
0 0.48865 0.379825 0.00368098 0.0614035
0 0.490337 0.508772 0.00460123 0.0666667
0 0.287577 0.350877 0.00398773 0.0526316
0 0.616718 0.55 0.00521472 0.0649123
0 0.623926 0.455263 0.00429448 0.0684211
0 0.727301 0.52807 0.00490798 0.0736842
0 0.634663 0.7 0.00613497 0.0877193
