0 0.500153 0.160526 0.00276074 0.0333333
0 0.526841 0.246491 0.00276074 0.0438596
0 0.44862 0.186842 0.00214724 0.0403509
0 0.52316 0.235965 0.00337423 0.0473684
0 0.732362 0.320175 0.00337423 0.054386
0 0.549387 0.298246 0.00306748 0.0491228
0 0.584509 0.323684 0.00337423 0.054386
0 0.38819 0.40614 0.00398773 0.0614035
0 0.581288 0.271053 0.00306748 0.0508772
0 0.563804 0.207018 0.00245399 0.0421053
0 0.39816 0.227193 0.00306748 0.0473684
0 0.576841 0.327193 0.00337423 0.0508772
0 0.477454 0.235965 0.00276074 0.0438596
0 0.567178 0.276316 0.00306748 0.0508772
0 0.484816 0.242982 0.00276074 0.0473684
0 0.602301 0.421053 0.00398773 0.0631579
0 0.47546 0.17807 0.00368098 0.0473684
0 0.594325 0.449123 0.00460123 0.0666667
0 0.459509 0.314035 0.00368098 0.0526316
0 0.264877 0.298246 0.00460123 0.0701754
0 0.46411 0.657018 0.00552147 0.0859649
0 0.449233 0.292105 0.00337423 0.054386
0 0.52546 0.440351 0.00429448 0.0666667
