0 0.703067 0.376316 0.00368098 0.0614035
0 0.504448 0.696491 0.00644172 0.0947368
0 0.358589 0.355263 0.00368098 0.0578947
0 0.217638 0.62807 0.00582822 0.0842105
0 0.495552 0.334211 0.00337423 0.054386
0 0.483589 0.421053 0.00398773 0.0631579
0 0.502607 0.335088 0.00276074 0.0491228
0 0.24862 0.771053 0.00582822 0.0964912
0 0.333742 0.662281 0.00490798 0.0859649
0 0.208742 0.408772 0.00582822 0.0807018
0 0.369018 0.364035 0.00306748 0.0578947
0 0.454141 0.677193 0.00582822 0.0877193
0 0.309202 0.648246 0.00552147 0.0894737
0 0.528374 0.458772 0.00460123 0.0684211
0 0.327301 0.455263 0.00429448 0.0684211
0 0.517791 0.650877 0.00552147 0.0877193
0 0.348006 0.475439 0.00460123 0.0631579
0 0.431442 0.634211 0.00582822 0.0859649
0 0.371472 0.540351 0.00490798 0.0736842
0 0.397546 0.554386 0.00490798 0.077193
0 0.426074 0.49386 0.00429448 0.0754386
0 0.371933 0.725439 0.00644172 0.0929825
0 0.253988 0.607895 0.00674847 0.0789474
