0 0.303374 0.603509 0.00490798 0.0736842
0 0.703988 0.383333 0.00368098 0.0614035
0 0.423466 0.742982 0.00460123 0.0894737
0 0.444632 0.623684 0.00582822 0.0859649
0 0.238037 0.384211 0.00306748 0.0666667
0 0.430521 0.724561 0.00460123 0.0947368
0 0.419479 0.397368 0.00398773 0.0614035
0 0.478988 0.435088 0.00398773 0.0666667
0 0.392331 0.37193 0.00368098 0.0596491
0 0.408896 0.567544 0.00552147 0.0649123
0 0.382669 0.70614 0.00460123 0.0859649
0 0.38727 0.492105 0.00460123 0.0649123
0 0.495552 0.355263 0.00337423 0.054386
0 0.303988 0.741228 0.00674847 0.0929825
0 0.515337 0.37193 0.00306748 0.0526316
0 0.307515 0.612281 0.00460123 0.0701754
0 0.534509 0.484211 0.00460123 0.0701754
0 0.358742 0.629825 0.00460123 0.0842105
0 0.409202 0.717544 0.00613497 0.0912281
0 0.442331 0.455263 0.00429448 0.0719298
0 0.384969 0.636842 0.00490798 0.0877193
0 0.369325 0.462281 0.00429448 0.0649123
0 0.539264 0.634211 0.00552147 0.0859649
