0 0.428988 0.242982 0.00276074 0.0403509
0 0.442485 0.175439 0.00214724 0.0385965
0 0.712117 0.334211 0.00337423 0.0578947
0 0.380368 0.564035 0.00490798 0.0614035
0 0.499693 0.431579 0.00429448 0.0631579
0 0.254908 0.344737 0.00306748 0.054386
0 0.528834 0.425439 0.00429448 0.0614035
0 0.518098 0.183333 0.00245399 0.0403509
0 0.489877 0.231579 0.00306748 0.0421053
0 0.511196 0.334211 0.00337423 0.054386
0 0.587117 0.287719 0.00306748 0.0526316
0 0.461043 0.311404 0.00306748 0.054386
0 0.455675 0.451754 0.00337423 0.0684211
0 0.590951 0.481579 0.00460123 0.0719298
0 0.48773 0.269298 0.00429448 0.0403509
0 0.419632 0.383333 0.00368098 0.0578947
0 0.463497 0.467544 0.00429448 0.0789474
0 0.45184 0.426316 0.00368098 0.0666667
0 0.419325 0.329825 0.00368098 0.0561404
0 0.446319 0.353509 0.00429448 0.0649123
0 0.365644 0.709649 0.00613497 0.0929825
0 0.465031 0.588596 0.00490798 0.0789474
0 0.479294 0.714035 0.00644172 0.0947368
