0 0.442331 0.2 0.00245399 0.0315789
0 0.426994 0.303509 0.00368098 0.0561404
0 0.590031 0.426316 0.00398773 0.0596491
0 0.429448 0.311404 0.00306748 0.054386
0 0.446166 0.181579 0.00276074 0.0403509
0 0.257209 0.341228 0.00337423 0.054386
0 0.42638 0.376316 0.00368098 0.0578947
0 0.478834 0.282456 0.00306748 0.0421053
0 0.497086 0.252632 0.00276074 0.0421053
0 0.513037 0.168421 0.00276074 0.0350877
0 0.531135 0.262281 0.00276074 0.0473684
0 0.485123 0.424561 0.00398773 0.0596491
0 0.488804 0.327193 0.00337423 0.0508772
0 0.575613 0.261404 0.00276074 0.0491228
0 0.483589 0.22807 0.00276074 0.045614
0 0.406595 0.507018 0.00460123 0.0666667
0 0.702454 0.326316 0.00368098 0.0561404
0 0.514724 0.365789 0.00368098 0.054386
0 0.403221 0.600877 0.00521472 0.0824561
0 0.487577 0.510526 0.00398773 0.0736842
0 0.494479 0.452632 0.00429448 0.0666667
0 0.550153 0.735088 0.00644172 0.0947368
0 0.473466 0.438596 0.00398773 0.0666667
