0 0.554908 0.276316 0.00306748 0.0368421
0 0.472699 0.424561 0.00429448 0.0701754
0 0.441258 0.190351 0.00276074 0.0403509
0 0.482362 0.503509 0.00398773 0.0631579
0 0.434663 0.232456 0.00245399 0.0403509
0 0.485123 0.520175 0.00460123 0.0649123
0 0.548159 0.379825 0.00368098 0.0578947
0 0.499693 0.277193 0.00306748 0.045614
0 0.511043 0.170175 0.00245399 0.0315789
0 0.257055 0.34386 0.00306748 0.0561404
0 0.469632 0.441228 0.00306748 0.0719298
0 0.709663 0.324561 0.00337423 0.0526316
0 0.593405 0.269298 0.00337423 0.0508772
0 0.588497 0.407018 0.00398773 0.0631579
0 0.490951 0.235965 0.00276074 0.0438596
0 0.480675 0.30614 0.00306748 0.0508772
0 0.410123 0.464035 0.00429448 0.0578947
0 0.420859 0.337719 0.00368098 0.054386
0 0.423466 0.390351 0.00337423 0.054386
0 0.404601 0.522807 0.00490798 0.0736842
0 0.463957 0.368421 0.00398773 0.0561404
0 0.427607 0.319298 0.00429448 0.0596491
0 0.56411 0.700877 0.00613497 0.0929825
