0 0.715644 0.354386 0.00368098 0.0596491
0 0.606595 0.344737 0.00337423 0.0508772
0 0.544325 0.235965 0.00276074 0.0473684
0 0.261656 0.345614 0.00368098 0.0666667
0 0.478834 0.295614 0.00306748 0.0508772
0 0.511503 0.267544 0.00276074 0.0473684
0 0.435123 0.251754 0.00276074 0.0473684
0 0.480521 0.442982 0.00337423 0.0578947
0 0.516411 0.357018 0.00337423 0.0578947
0 0.45046 0.224561 0.00276074 0.045614
0 0.391104 0.462281 0.00429448 0.0719298
0 0.402147 0.434211 0.00429448 0.0649123
0 0.468558 0.564035 0.00521472 0.0754386
0 0.447086 0.320175 0.00337423 0.054386
0 0.505521 0.691228 0.00613497 0.0877193
0 0.530215 0.447368 0.00460123 0.0666667
0 0.46135 0.464912 0.00429448 0.0736842
0 0.608282 0.534211 0.00490798 0.0754386
0 0.383436 0.577193 0.00490798 0.077193
0 0.481135 0.346491 0.00398773 0.054386
0 0.390337 0.664912 0.00582822 0.0877193
0 0.440951 0.449123 0.00460123 0.0701754
0 0.451534 0.625439 0.00552147 0.0964912
