0 0.500307 0.208772 0.00306748 0.0350877
0 0.482975 0.357895 0.00337423 0.0561404
0 0.69908 0.299123 0.00306748 0.0508772
0 0.5 0.186842 0.00306748 0.0403509
0 0.483896 0.460526 0.00398773 0.0684211
0 0.633282 0.201754 0.00276074 0.0421053
0 0.685429 0.338596 0.00337423 0.0491228
0 0.549693 0.208772 0.00245399 0.0421053
0 0.529908 0.277193 0.00276074 0.045614
0 0.566718 0.331579 0.00398773 0.0666667
0 0.510429 0.25614 0.00245399 0.045614
0 0.523313 0.164912 0.00306748 0.0350877
0 0.609356 0.247368 0.00276074 0.0491228
0 0.568252 0.430702 0.00460123 0.0684211
0 0.491411 0.289474 0.00306748 0.0526316
0 0.568558 0.512281 0.00460123 0.0701754
0 0.483282 0.316667 0.00337423 0.0578947
0 0.281902 0.340351 0.00429448 0.0561404
0 0.48865 0.540351 0.00490798 0.0736842
0 0.518558 0.399123 0.00398773 0.0719298
0 0.697546 0.457895 0.00490798 0.0736842
0 0.611196 0.680702 0.00582822 0.0877193
0 0.576534 0.309649 0.00521472 0.0649123
