0 0.708589 0.380702 0.00368098 0.0596491
0 0.244479 0.373684 0.00368098 0.0701754
0 0.430061 0.368421 0.00368098 0.0561404
0 0.49908 0.353509 0.00306748 0.054386
0 0.432822 0.744737 0.00552147 0.0894737
0 0.330828 0.585088 0.00460123 0.0754386
0 0.320399 0.727193 0.00644172 0.0929825
0 0.48589 0.440351 0.00429448 0.0666667
0 0.403067 0.364035 0.00368098 0.0578947
0 0.40092 0.701754 0.00429448 0.0807018
0 0.549693 0.459649 0.00429448 0.0666667
0 0.405215 0.465789 0.00429448 0.0578947
0 0.466564 0.601754 0.00552147 0.0807018
0 0.429601 0.560526 0.00521472 0.0754386
0 0.407055 0.628947 0.00490798 0.0859649
0 0.52316 0.354386 0.00337423 0.0526316
0 0.452301 0.722807 0.00644172 0.0912281
0 0.408742 0.720175 0.00644172 0.0929825
0 0.376994 0.610526 0.00552147 0.0982456
0 0.378528 0.45614 0.00429448 0.0666667
0 0.32454 0.601754 0.00552147 0.077193
0 0.547086 0.655263 0.00582822 0.0894737
0 0.448926 0.461404 0.00398773 0.0701754
