0 0.475614 0.304386 0.00337423 0.0473684
0 0.434202 0.227193 0.00276074 0.0438596
0 0.42316 0.310526 0.00337423 0.0526316
0 0.474387 0.431579 0.00398773 0.0701754
0 0.534663 0.274561 0.00306748 0.0403509
0 0.42408 0.32807 0.00337423 0.0561404
0 0.578528 0.42193 0.00429448 0.0649123
0 0.528528 0.388597 0.00368098 0.0508772
0 0.482669 0.235965 0.00276074 0.0403509
0 0.407362 0.479825 0.00429448 0.0649123
0 0.471779 0.369298 0.00368098 0.0578947
0 0.494479 0.266667 0.00306748 0.045614
0 0.440031 0.192982 0.00276074 0.0385965
0 0.257209 0.342982 0.00337423 0.0578947
0 0.509816 0.171053 0.00245399 0.0368421
0 0.584663 0.271053 0.00306748 0.0508772
0 0.706902 0.32807 0.00337423 0.0561404
0 0.421319 0.390351 0.00337423 0.0614035
0 0.403681 0.545614 0.00490798 0.077193
0 0.481442 0.486842 0.00398773 0.0684211
0 0.468865 0.442982 0.00398773 0.0719298
0 0.484049 0.522807 0.00490798 0.0701754
0 0.562883 0.72193 0.00613497 0.0929825
