0 0.436963 0.292105 0.00337423 0.0508772
0 0.402301 0.408772 0.00398773 0.0596491
0 0.494785 0.528947 0.00490798 0.0719298
0 0.594479 0.426316 0.00429448 0.0631579
0 0.412423 0.538597 0.00521472 0.0807018
0 0.466411 0.488596 0.00460123 0.0649123
0 0.408742 0.310526 0.00337423 0.0491228
0 0.532362 0.30614 0.00337423 0.0508772
0 0.449693 0.388597 0.00368098 0.0578947
0 0.502914 0.427193 0.00398773 0.0649123
0 0.502301 0.322807 0.00337423 0.0561404
0 0.463037 0.464912 0.00398773 0.0596491
0 0.256595 0.35614 0.00460123 0.0666667
0 0.716564 0.375439 0.00368098 0.0596491
0 0.448006 0.684211 0.00582822 0.0877193
0 0.372086 0.522807 0.00490798 0.0736842
0 0.352147 0.664035 0.00552147 0.0824561
0 0.569172 0.592105 0.00521472 0.0789474
0 0.429141 0.681579 0.00490798 0.0894737
0 0.441104 0.567544 0.00490798 0.0859649
0 0.484202 0.726316 0.00644172 0.0947368
0 0.362117 0.554386 0.00582822 0.0842105
0 0.397546 0.707895 0.00613497 0.0929825
