0 0.613344 0.335088 0.00337423 0.0561404
0 0.52638 0.211404 0.00245399 0.0403509
0 0.520706 0.165789 0.00276074 0.0438596
0 0.51181 0.503509 0.00460123 0.0701754
0 0.502761 0.460526 0.00429448 0.0684211
0 0.449387 0.454386 0.00429448 0.0596491
0 0.470245 0.215789 0.00306748 0.0491228
0 0.608742 0.24386 0.00276074 0.045614
0 0.496166 0.268421 0.00337423 0.0491228
0 0.712117 0.313158 0.00337423 0.054386
0 0.505828 0.27807 0.00306748 0.0508772
0 0.617331 0.352632 0.00398773 0.0596491
0 0.465644 0.192105 0.00306748 0.0473684
0 0.496779 0.385965 0.00398773 0.0666667
0 0.490184 0.418421 0.00368098 0.0754386
0 0.469632 0.3 0.00306748 0.0526316
0 0.461963 0.364912 0.00368098 0.0596491
0 0.266104 0.338596 0.00337423 0.0596491
0 0.429755 0.527193 0.00490798 0.0614035
0 0.487423 0.334211 0.00429448 0.0614035
0 0.583436 0.268421 0.00368098 0.0526316
0 0.446472 0.332456 0.00398773 0.0578947
0 0.561503 0.687719 0.00644172 0.0912281
