0 0.437117 0.715789 0.00490798 0.0947368
0 0.370245 0.367544 0.00368098 0.0578947
0 0.704448 0.379825 0.00398773 0.0614035
0 0.31181 0.630702 0.00521472 0.0859649
0 0.388344 0.385088 0.00368098 0.0614035
0 0.261963 0.771053 0.00613497 0.0964912
0 0.473466 0.431579 0.00460123 0.0666667
0 0.496166 0.35 0.00337423 0.0578947
0 0.257209 0.615789 0.00582822 0.0807018
0 0.366411 0.480702 0.00460123 0.0631579
0 0.503834 0.34386 0.00337423 0.0561404
0 0.224233 0.390351 0.00429448 0.0649123
0 0.433589 0.476316 0.00521472 0.0789474
0 0.344479 0.464035 0.00429448 0.0684211
0 0.444325 0.707895 0.00460123 0.0894737
0 0.375307 0.715789 0.00582822 0.0947368
0 0.52362 0.492982 0.00429448 0.0701754
0 0.376994 0.555263 0.00490798 0.0754386
0 0.516871 0.641228 0.00552147 0.0859649
0 0.321779 0.644737 0.00552147 0.103509
0 0.405061 0.579825 0.00521472 0.0789474
0 0.270706 0.616667 0.00582822 0.0754386
