0 0.706442 0.381579 0.00368098 0.0578947
0 0.393712 0.484211 0.00460123 0.0631579
0 0.240644 0.381579 0.00337423 0.0684211
0 0.42454 0.391228 0.00368098 0.0596491
0 0.416104 0.568421 0.00521472 0.0596491
0 0.497393 0.357895 0.00337423 0.0526316
0 0.396933 0.368421 0.00368098 0.0561404
0 0.481748 0.438596 0.00398773 0.0666667
0 0.311503 0.734211 0.00644172 0.0929825
0 0.391104 0.707895 0.00429448 0.0789474
0 0.429601 0.749123 0.00460123 0.0807018
0 0.440031 0.720175 0.00582822 0.0894737
0 0.541104 0.472807 0.00429448 0.0684211
0 0.519018 0.365789 0.00306748 0.0508772
0 0.453834 0.610526 0.00582822 0.0807018
0 0.314724 0.605263 0.00552147 0.0807018
0 0.541871 0.645614 0.00582822 0.0877193
0 0.366718 0.62193 0.00521472 0.0929825
0 0.445245 0.458772 0.00398773 0.0719298
0 0.395399 0.633333 0.00490798 0.0877193
0 0.410123 0.720175 0.00613497 0.0929825
0 0.37408 0.462281 0.00460123 0.0684211
