0 0.500767 0.678947 0.00521472 0.0947368
0 0.694939 0.370175 0.00337423 0.0596491
0 0.356595 0.335965 0.00337423 0.054386
0 0.349847 0.660526 0.00460123 0.0894737
0 0.363957 0.335088 0.00276074 0.0491228
0 0.191564 0.419298 0.00398773 0.0596491
0 0.491718 0.315789 0.00368098 0.0561404
0 0.173006 0.650877 0.00552147 0.0877193
0 0.317178 0.434211 0.00429448 0.0684211
0 0.53635 0.428947 0.00398773 0.0649123
0 0.493098 0.401754 0.00398773 0.0631579
0 0.490491 0.646491 0.00613497 0.0929825
0 0.534202 0.590351 0.00521472 0.0789474
0 0.55046 0.675439 0.00582822 0.0912281
0 0.377147 0.514912 0.00460123 0.0719298
0 0.503221 0.309649 0.00337423 0.0473684
0 0.397239 0.524561 0.00490798 0.0736842
0 0.36411 0.650877 0.00490798 0.0842105
0 0.344172 0.460526 0.00429448 0.0649123
0 0.223313 0.77807 0.00674847 0.1
0 0.329294 0.715789 0.00644172 0.0947368
0 0.423313 0.486842 0.00429448 0.0754386
0 0.236503 0.600877 0.00674847 0.0789474
