0 0.448926 0.183333 0.00214724 0.0368421
0 0.511963 0.161404 0.00245399 0.0350877
0 0.460736 0.166667 0.00306748 0.0385965
0 0.47592 0.387719 0.00337423 0.0561404
0 0.500767 0.235965 0.00276074 0.0438596
0 0.529448 0.249123 0.00245399 0.045614
0 0.51089 0.328947 0.00337423 0.0508772
0 0.602607 0.414035 0.00398773 0.0666667
0 0.51181 0.295614 0.00337423 0.054386
0 0.406442 0.500877 0.00429448 0.0649123
0 0.471933 0.405263 0.00337423 0.0631579
0 0.565491 0.244737 0.00276074 0.0473684
0 0.486503 0.207018 0.00245399 0.0385965
0 0.480521 0.254386 0.00276074 0.0421053
0 0.432362 0.292982 0.00337423 0.0561404
0 0.426227 0.282456 0.00337423 0.0561404
0 0.697853 0.313158 0.00306748 0.054386
0 0.259509 0.334211 0.00368098 0.0578947
0 0.496779 0.414912 0.00398773 0.0614035
0 0.430215 0.35614 0.00337423 0.0561404
0 0.488804 0.483333 0.00398773 0.0684211
0 0.392178 0.647368 0.00582822 0.0842105
0 0.517791 0.725439 0.00613497 0.0929825
