0 0.457669 0.182456 0.00245399 0.0350877
0 0.527454 0.172807 0.00276074 0.0333333
0 0.730215 0.332456 0.00337423 0.0578947
0 0.558282 0.221053 0.00245399 0.045614
0 0.595552 0.462281 0.00398773 0.0649123
0 0.534816 0.338596 0.00337423 0.0561404
0 0.480982 0.205263 0.00306748 0.045614
0 0.263957 0.308772 0.00398773 0.0596491
0 0.401227 0.260526 0.00306748 0.0508772
0 0.483282 0.240351 0.00337423 0.045614
0 0.513344 0.257018 0.00337423 0.0508772
0 0.591718 0.480702 0.00368098 0.0666667
0 0.563957 0.296491 0.00337423 0.0526316
0 0.565031 0.392982 0.00368098 0.0491228
0 0.436963 0.334211 0.00337423 0.054386
0 0.576994 0.360526 0.00368098 0.0578947
0 0.519172 0.270175 0.00337423 0.0491228
0 0.477147 0.269298 0.00276074 0.0438596
0 0.505828 0.485965 0.00429448 0.0701754
0 0.572393 0.290351 0.00306748 0.0508772
0 0.36135 0.45614 0.00429448 0.0666667
0 0.452607 0.316667 0.00398773 0.0614035
0 0.467331 0.731579 0.00644172 0.0947368
