0 0.497853 0.212281 0.00306748 0.0421053
0 0.481288 0.462281 0.00429448 0.0649123
0 0.480521 0.366667 0.00337423 0.0596491
0 0.705061 0.308772 0.00337423 0.0526316
0 0.603834 0.253509 0.00276074 0.0473684
0 0.624847 0.214912 0.00245399 0.0473684
0 0.548773 0.209649 0.00245399 0.0438596
0 0.505215 0.262281 0.00306748 0.0508772
0 0.523313 0.166667 0.00306748 0.0315789
0 0.492485 0.187719 0.00337423 0.0421053
0 0.523313 0.276316 0.00306748 0.0508772
0 0.538497 0.355263 0.00398773 0.0614035
0 0.671012 0.344737 0.00337423 0.054386
0 0.542791 0.434211 0.00398773 0.0649123
0 0.475767 0.539474 0.00490798 0.0754386
0 0.544325 0.314912 0.00460123 0.0614035
0 0.478221 0.320175 0.00368098 0.0578947
0 0.277607 0.338596 0.00429448 0.0596491
0 0.55046 0.515789 0.00460123 0.0736842
0 0.48773 0.292982 0.00306748 0.0526316
0 0.509816 0.402632 0.00368098 0.0684211
0 0.59954 0.712281 0.00644172 0.0947368
0 0.671012 0.426316 0.00460123 0.0701754
