0 0.520399 0.169298 0.00276074 0.0298246
0 0.556288 0.213158 0.00276074 0.0403509
0 0.453067 0.183333 0.00245399 0.0368421
0 0.398926 0.24386 0.00276074 0.045614
0 0.481288 0.236842 0.00306748 0.045614
0 0.515184 0.25 0.00276074 0.0473684
0 0.53635 0.323684 0.00337423 0.0578947
0 0.478834 0.254386 0.00306748 0.0421053
0 0.476994 0.197368 0.00368098 0.0508772
0 0.564571 0.287719 0.00337423 0.0526316
0 0.520092 0.254386 0.00337423 0.0491228
0 0.730522 0.32807 0.00337423 0.0561404
0 0.457362 0.317544 0.00368098 0.0596491
0 0.57454 0.279825 0.00306748 0.0508772
0 0.263957 0.302632 0.00398773 0.0614035
0 0.592638 0.440351 0.00429448 0.0631579
0 0.365184 0.437719 0.00398773 0.0649123
0 0.58865 0.464912 0.00429448 0.0666667
0 0.577454 0.347368 0.00337423 0.0596491
0 0.565337 0.371053 0.00368098 0.054386
0 0.508282 0.460526 0.00429448 0.0684211
0 0.43865 0.314912 0.00368098 0.054386
0 0.467025 0.714035 0.00582822 0.0912281
