0 0.501687 0.189474 0.00337423 0.0385965
0 0.701227 0.296491 0.00306748 0.045614
0 0.501534 0.209649 0.00306748 0.0368421
0 0.486656 0.361403 0.00337423 0.0561404
0 0.612883 0.247368 0.00306748 0.045614
0 0.585276 0.323684 0.00368098 0.054386
0 0.637883 0.19386 0.00276074 0.0403509
0 0.486656 0.466667 0.00398773 0.0631579
0 0.550614 0.211404 0.00245399 0.0368421
0 0.696779 0.333333 0.00337423 0.0526316
0 0.284663 0.344737 0.00368098 0.0614035
0 0.495706 0.544737 0.00490798 0.0754386
0 0.533742 0.27807 0.00306748 0.0438596
0 0.585583 0.435088 0.00429448 0.0666667
0 0.595859 0.307895 0.00460123 0.0649123
0 0.51411 0.25614 0.00245399 0.045614
0 0.493252 0.29386 0.00306748 0.0508772
0 0.581595 0.512281 0.00490798 0.0666667
0 0.52362 0.164912 0.00306748 0.0315789
0 0.484816 0.316667 0.00337423 0.0578947
0 0.52408 0.399123 0.00398773 0.0719298
0 0.713804 0.479825 0.00490798 0.0684211
0 0.616411 0.655263 0.00582822 0.0859649
