0 0.455368 0.163158 0.00276074 0.0385965
0 0.504601 0.161404 0.00306748 0.0350877
0 0.435583 0.200877 0.00245399 0.0438596
0 0.49908 0.234211 0.00245399 0.0438596
0 0.556595 0.236842 0.00276074 0.045614
0 0.70138 0.315789 0.00337423 0.0561404
0 0.465644 0.271053 0.00306748 0.0473684
0 0.492638 0.20614 0.00245399 0.0403509
0 0.527301 0.355263 0.00368098 0.0578947
0 0.511043 0.270175 0.00306748 0.0491228
0 0.507669 0.357895 0.00368098 0.0561404
0 0.598006 0.438596 0.00398773 0.0666667
0 0.422699 0.354386 0.00306748 0.0561404
0 0.409049 0.481579 0.00460123 0.0684211
0 0.423006 0.288596 0.00368098 0.054386
0 0.388957 0.631579 0.00552147 0.0842105
0 0.449233 0.366667 0.00337423 0.0596491
0 0.440644 0.423684 0.00398773 0.0649123
0 0.260736 0.335965 0.00368098 0.0649123
0 0.467025 0.502632 0.00460123 0.0719298
0 0.444018 0.299123 0.00398773 0.0614035
0 0.479755 0.396491 0.00368098 0.0631579
0 0.488957 0.692982 0.00613497 0.0877193
