0 0.510583 0.242982 0.00276074 0.0403509
0 0.503528 0.159649 0.00276074 0.0350877
0 0.437423 0.185088 0.00245399 0.0403509
0 0.438344 0.287719 0.00306748 0.0526316
0 0.494325 0.222807 0.00276074 0.0421053
0 0.453067 0.387719 0.00368098 0.0596491
0 0.489571 0.19386 0.00245399 0.0403509
0 0.468405 0.159649 0.00306748 0.0385965
0 0.450613 0.346491 0.00368098 0.054386
0 0.470092 0.247368 0.00276074 0.0421053
0 0.406135 0.463158 0.00429448 0.0631579
0 0.55138 0.232456 0.00276074 0.0473684
0 0.694632 0.302632 0.00337423 0.054386
0 0.599233 0.421053 0.00398773 0.0631579
0 0.420092 0.348246 0.00337423 0.054386
0 0.504601 0.340351 0.00368098 0.0561404
0 0.525307 0.323684 0.00337423 0.054386
0 0.259202 0.331579 0.00368098 0.0596491
0 0.422239 0.273684 0.00337423 0.0526316
0 0.47638 0.375439 0.00368098 0.0631579
0 0.390337 0.594737 0.00521472 0.0807018
0 0.469172 0.471053 0.00460123 0.0684211
0 0.494479 0.671053 0.00613497 0.0894737
