0 0.421012 0.403509 0.00460123 0.0631579
0 0.710736 0.329825 0.00368098 0.0561404
0 0.454908 0.188596 0.00245399 0.0403509
0 0.437883 0.228947 0.00276074 0.0403509
0 0.265491 0.344737 0.00276074 0.0578947
0 0.432822 0.314912 0.00368098 0.0578947
0 0.484969 0.251754 0.00306748 0.0403509
0 0.418712 0.387719 0.00429448 0.0666667
0 0.535276 0.189474 0.00245399 0.0421053
0 0.480215 0.437719 0.00337423 0.0649123
0 0.522546 0.322807 0.00337423 0.0526316
0 0.510583 0.236842 0.00276074 0.0421053
0 0.405828 0.531579 0.00368098 0.0736842
0 0.54862 0.42193 0.00398773 0.0649123
0 0.591564 0.314912 0.00337423 0.054386
0 0.472393 0.289474 0.00490798 0.0666667
0 0.482362 0.483333 0.00460123 0.0719298
0 0.607669 0.480702 0.00429448 0.0701754
0 0.467638 0.573684 0.00460123 0.077193
0 0.457515 0.425439 0.00398773 0.0649123
0 0.392638 0.681579 0.00613497 0.0894737
0 0.469325 0.435965 0.00368098 0.0684211
0 0.501687 0.708772 0.00644172 0.0912281
