0 0.499693 0.198246 0.00306748 0.0385965
0 0.500153 0.210526 0.00276074 0.0350877
0 0.500307 0.186842 0.00306748 0.0403509
0 0.483589 0.357018 0.00337423 0.054386
0 0.69954 0.3 0.00337423 0.0491228
0 0.484202 0.461404 0.00398773 0.0666667
0 0.633742 0.2 0.00245399 0.0421053
0 0.686503 0.335965 0.00368098 0.0473684
0 0.549693 0.208772 0.00245399 0.0421053
0 0.568865 0.330702 0.00398773 0.0649123
0 0.530368 0.277193 0.00306748 0.045614
0 0.609663 0.246491 0.00276074 0.0473684
0 0.511196 0.255263 0.00276074 0.0438596
0 0.570245 0.428947 0.00429448 0.0684211
0 0.523313 0.164912 0.00306748 0.0350877
0 0.489571 0.539474 0.00490798 0.0754386
0 0.492025 0.289474 0.00306748 0.0526316
0 0.483589 0.316667 0.00337423 0.0578947
0 0.570092 0.513158 0.00460123 0.0684211
0 0.282209 0.341228 0.00429448 0.0578947
0 0.69954 0.457018 0.00460123 0.0719298
0 0.519172 0.399123 0.00398773 0.0719298
0 0.578834 0.309649 0.00490798 0.0649123
0 0.61181 0.674561 0.00582822 0.0894737
