0 0.716564 0.359649 0.00368098 0.0596491
0 0.471933 0.319298 0.00337423 0.0526316
0 0.260583 0.347368 0.00398773 0.0666667
0 0.607975 0.362281 0.00368098 0.0578947
0 0.542331 0.25614 0.00306748 0.0491228
0 0.445245 0.241228 0.00276074 0.0473684
0 0.509202 0.283333 0.00306748 0.0508772
0 0.432515 0.270175 0.00306748 0.0491228
0 0.476227 0.449123 0.00276074 0.0526316
0 0.513497 0.374561 0.00368098 0.0614035
0 0.393558 0.457895 0.00429448 0.0666667
0 0.383742 0.489474 0.00429448 0.0736842
0 0.603221 0.551754 0.00521472 0.0754386
0 0.375307 0.602632 0.00521472 0.0789474
0 0.465031 0.599123 0.00552147 0.0824561
0 0.459969 0.489474 0.00398773 0.0701754
0 0.501227 0.70614 0.00613497 0.0929825
0 0.440644 0.339474 0.00337423 0.054386
0 0.520245 0.464912 0.00429448 0.0666667
0 0.390337 0.678947 0.00582822 0.0877193
0 0.479601 0.379825 0.00398773 0.0578947
0 0.434356 0.470175 0.00429448 0.0701754
0 0.446626 0.642982 0.00552147 0.0964912
