0 0.422086 0.718421 0.00490798 0.0964912
0 0.283896 0.611404 0.00521472 0.0789474
0 0.381442 0.371053 0.00337423 0.0578947
0 0.702147 0.385965 0.00368098 0.0596491
0 0.437423 0.459649 0.00429448 0.0701754
0 0.424847 0.717544 0.00490798 0.0947368
0 0.474233 0.428947 0.00429448 0.0649123
0 0.227607 0.391228 0.00429448 0.0666667
0 0.369479 0.719298 0.00644172 0.0877193
0 0.280828 0.757018 0.00644172 0.0929825
0 0.52408 0.49386 0.00460123 0.0719298
0 0.405215 0.395614 0.00368098 0.0614035
0 0.505828 0.358772 0.00368098 0.0614035
0 0.493098 0.357018 0.00337423 0.0578947
0 0.355215 0.708772 0.00490798 0.0912281
0 0.529448 0.626316 0.00552147 0.0842105
0 0.389724 0.569298 0.00521472 0.0754386
0 0.378528 0.484211 0.00429448 0.0666667
0 0.420399 0.608772 0.00521472 0.0807018
0 0.28911 0.618421 0.00521472 0.0754386
0 0.339571 0.624561 0.00429448 0.0842105
0 0.356288 0.462281 0.00460123 0.0684211
0 0.354141 0.636842 0.00460123 0.0807018
