0 0.435123 0.749123 0.00644172 0.0982456
0 0.247239 0.37193 0.00368098 0.0666667
0 0.488804 0.438596 0.00398773 0.0631579
0 0.432975 0.355263 0.00337423 0.0578947
0 0.550307 0.657895 0.00613497 0.0877193
0 0.710123 0.379825 0.00368098 0.0578947
0 0.5 0.351754 0.00306748 0.054386
0 0.341258 0.576316 0.00460123 0.0824561
0 0.407822 0.717544 0.00644172 0.0982456
0 0.556442 0.452632 0.00429448 0.0666667
0 0.405521 0.357018 0.00368098 0.0578947
0 0.326994 0.719298 0.00613497 0.0912281
0 0.413804 0.454386 0.00429448 0.0596491
0 0.525767 0.347368 0.00306748 0.0526316
0 0.437883 0.552632 0.00521472 0.0736842
0 0.380675 0.444737 0.00429448 0.0649123
0 0.473926 0.587719 0.00552147 0.0807018
0 0.460276 0.724561 0.00644172 0.0947368
0 0.332055 0.59386 0.00582822 0.0789474
0 0.414417 0.619298 0.00490798 0.0842105
0 0.451534 0.465789 0.00429448 0.0684211
0 0.384509 0.599123 0.00521472 0.0964912
