0 0.588804 0.341228 0.00337423 0.0473684
0 0.497239 0.269298 0.00306748 0.0438596
0 0.514877 0.215789 0.00276074 0.0385965
0 0.456288 0.219298 0.00276074 0.045614
0 0.50138 0.282456 0.00337423 0.0491228
0 0.50046 0.504386 0.00460123 0.0649123
0 0.517638 0.167544 0.00276074 0.0368421
0 0.430061 0.45614 0.00429448 0.0491228
0 0.497699 0.47807 0.00337423 0.0649123
0 0.44816 0.37193 0.00306748 0.0596491
0 0.456288 0.187719 0.00276074 0.0421053
0 0.604908 0.249123 0.00306748 0.0491228
0 0.713344 0.318421 0.00337423 0.054386
0 0.486503 0.4 0.00429448 0.0736842
0 0.483129 0.42807 0.00368098 0.0807018
0 0.6 0.349123 0.00368098 0.0561404
0 0.457515 0.30614 0.00337423 0.054386
0 0.432975 0.336842 0.00398773 0.0561404
0 0.418405 0.524561 0.00490798 0.0666667
0 0.474387 0.342105 0.00398773 0.0561404
0 0.575307 0.272807 0.00337423 0.0508772
0 0.262423 0.340351 0.00337423 0.0596491
0 0.557362 0.679825 0.00613497 0.0894737
