0 0.441871 0.226316 0.00276074 0.0385965
0 0.492638 0.494737 0.00429448 0.0666667
0 0.590184 0.369298 0.00368098 0.054386
0 0.501227 0.27807 0.00306748 0.0473684
0 0.570859 0.27807 0.00306748 0.0473684
0 0.476534 0.433333 0.00337423 0.077193
0 0.491718 0.512281 0.00490798 0.0666667
0 0.504141 0.226316 0.00276074 0.045614
0 0.479908 0.418421 0.00398773 0.0754386
0 0.420245 0.459649 0.00429448 0.0631579
0 0.258589 0.341228 0.00306748 0.054386
0 0.44816 0.187719 0.00245399 0.0385965
0 0.493558 0.296491 0.00306748 0.0491228
0 0.514724 0.168421 0.00245399 0.0350877
0 0.600767 0.260526 0.00276074 0.0473684
0 0.444632 0.309649 0.00337423 0.054386
0 0.571166 0.359649 0.00368098 0.0526316
0 0.71227 0.323684 0.00306748 0.054386
0 0.412577 0.522807 0.00490798 0.0736842
0 0.467791 0.353509 0.00429448 0.054386
0 0.434969 0.378947 0.00306748 0.0561404
0 0.425613 0.335088 0.00337423 0.0526316
0 0.561043 0.687719 0.00613497 0.0912281
