0 0.320859 0.594737 0.00490798 0.0701754
0 0.707669 0.380702 0.00368098 0.0596491
0 0.399386 0.367544 0.00368098 0.054386
0 0.483282 0.438596 0.00398773 0.0666667
0 0.498313 0.355263 0.00337423 0.054386
0 0.431288 0.747368 0.00552147 0.0877193
0 0.242485 0.379825 0.00337423 0.0684211
0 0.426994 0.381579 0.00368098 0.0578947
0 0.397546 0.475439 0.00429448 0.0631579
0 0.318098 0.60614 0.00552147 0.0754386
0 0.543865 0.466667 0.00429448 0.0666667
0 0.444785 0.724561 0.00613497 0.0877193
0 0.520552 0.362281 0.00306748 0.0508772
0 0.395399 0.704386 0.00429448 0.0754386
0 0.459509 0.610526 0.00552147 0.0842105
0 0.542485 0.651754 0.00582822 0.0859649
0 0.315031 0.732456 0.00674847 0.0964912
0 0.446779 0.458772 0.00398773 0.0684211
0 0.421319 0.566667 0.00521472 0.0701754
0 0.376074 0.464035 0.00429448 0.0649123
0 0.399693 0.635088 0.00490798 0.0842105
0 0.370399 0.620175 0.00521472 0.0929825
0 0.410123 0.720175 0.00613497 0.0929825
