0 0.362883 0.354386 0.00368098 0.0526316
0 0.705828 0.378947 0.00368098 0.0596491
0 0.235276 0.618421 0.00552147 0.0789474
0 0.305215 0.645614 0.00552147 0.0877193
0 0.47546 0.700877 0.00613497 0.0859649
0 0.478374 0.425439 0.00398773 0.0649123
0 0.217025 0.392982 0.00337423 0.0631579
0 0.25092 0.77193 0.00674847 0.0982456
0 0.504294 0.341228 0.00306748 0.0508772
0 0.506748 0.673684 0.00613497 0.0912281
0 0.527761 0.47193 0.00460123 0.0701754
0 0.496779 0.340351 0.00337423 0.0561404
0 0.398006 0.561404 0.00521472 0.0736842
0 0.334663 0.457895 0.00429448 0.0666667
0 0.323926 0.651754 0.00490798 0.0859649
0 0.428528 0.487719 0.00429448 0.0736842
0 0.354141 0.47807 0.00460123 0.0649123
0 0.37408 0.549123 0.00460123 0.077193
0 0.389724 0.718421 0.00644172 0.0929825
0 0.375767 0.371053 0.00306748 0.0578947
0 0.259202 0.610526 0.00736196 0.0842105
0 0.454294 0.69386 0.00552147 0.0894737
0 0.413344 0.65614 0.00582822 0.0877193
