0 0.427761 0.725439 0.00460123 0.0894737
0 0.268252 0.776316 0.00644172 0.0824561
0 0.702607 0.381579 0.00398773 0.0614035
0 0.373313 0.369298 0.00368098 0.0578947
0 0.353681 0.714912 0.00490798 0.0859649
0 0.433436 0.713158 0.00429448 0.0929825
0 0.321472 0.622807 0.00429448 0.0807018
0 0.473006 0.430702 0.00429448 0.0649123
0 0.503834 0.348246 0.00337423 0.0578947
0 0.406288 0.581579 0.00521472 0.0754386
0 0.265491 0.615789 0.00582822 0.0842105
0 0.434049 0.474561 0.00552147 0.0894737
0 0.494479 0.353509 0.00368098 0.0578947
0 0.361043 0.710526 0.00552147 0.0912281
0 0.223313 0.39386 0.00429448 0.0649123
0 0.521472 0.634211 0.00552147 0.0859649
0 0.275 0.62193 0.00521472 0.0789474
0 0.393865 0.389474 0.00368098 0.0596491
0 0.370399 0.478947 0.00460123 0.0666667
0 0.521472 0.49386 0.00490798 0.0719298
0 0.379755 0.557018 0.00490798 0.0754386
0 0.347239 0.463158 0.00429448 0.0701754
0 0.328988 0.635088 0.00521472 0.0947368
