0 0.459663 0.387719 0.00337423 0.0491228
0 0.438344 0.182456 0.00245399 0.0421053
0 0.48819 0.192982 0.00276074 0.0385965
0 0.504294 0.159649 0.00245399 0.0350877
0 0.451687 0.347368 0.00337423 0.0561404
0 0.514571 0.239474 0.00276074 0.0438596
0 0.404908 0.462281 0.00429448 0.0649123
0 0.504908 0.333333 0.00368098 0.0561404
0 0.469325 0.160526 0.00306748 0.0438596
0 0.694172 0.301754 0.00306748 0.0526316
0 0.494939 0.22193 0.00276074 0.0403509
0 0.438344 0.286842 0.00306748 0.0508772
0 0.551534 0.232456 0.00306748 0.0473684
0 0.471626 0.245614 0.00276074 0.0421053
0 0.523466 0.312281 0.00337423 0.0526316
0 0.421779 0.348246 0.00368098 0.054386
0 0.600307 0.414035 0.00429448 0.0631579
0 0.423466 0.27193 0.00337423 0.0526316
0 0.259356 0.330702 0.00337423 0.0578947
0 0.390798 0.59386 0.00552147 0.0789474
0 0.470706 0.464912 0.00460123 0.0666667
0 0.476074 0.373684 0.00368098 0.0631579
0 0.495245 0.673684 0.00582822 0.0912281
