0 0.404755 0.702632 0.00460123 0.0824561
0 0.246166 0.372807 0.00337423 0.0649123
0 0.431902 0.362281 0.00368098 0.0578947
0 0.709509 0.379825 0.00368098 0.0578947
0 0.409509 0.457018 0.00429448 0.054386
0 0.499693 0.350877 0.00306748 0.0561404
0 0.487577 0.438596 0.00398773 0.0631579
0 0.336503 0.580702 0.00490798 0.0807018
0 0.32408 0.720175 0.00644172 0.0929825
0 0.434202 0.747368 0.00582822 0.0947368
0 0.553068 0.453509 0.00429448 0.0649123
0 0.404601 0.362281 0.00368098 0.054386
0 0.524693 0.350877 0.00337423 0.0526316
0 0.54908 0.659649 0.00613497 0.0912281
0 0.433896 0.559649 0.00521472 0.0736842
0 0.469479 0.591228 0.00521472 0.077193
0 0.407975 0.72193 0.00613497 0.0929825
0 0.379755 0.449123 0.00429448 0.0666667
0 0.411043 0.621053 0.00490798 0.0842105
0 0.457055 0.721053 0.00613497 0.0912281
0 0.328988 0.592105 0.00582822 0.0789474
0 0.450613 0.462281 0.00429448 0.0684211
0 0.381442 0.603509 0.00521472 0.0947368
