0 0.52454 0.247368 0.00245399 0.045614
0 0.503988 0.159649 0.00245399 0.0350877
0 0.448466 0.187719 0.00245399 0.0385965
0 0.730675 0.319298 0.00368098 0.0561404
0 0.57592 0.335088 0.00337423 0.0526316
0 0.383282 0.412281 0.00398773 0.0631579
0 0.545399 0.299123 0.00306748 0.0508772
0 0.520399 0.236842 0.00276074 0.045614
0 0.483589 0.24386 0.00276074 0.045614
0 0.562577 0.207018 0.00245399 0.0421053
0 0.397699 0.227193 0.00276074 0.0473684
0 0.582975 0.32807 0.00337423 0.0526316
0 0.477607 0.235088 0.00245399 0.0421053
0 0.580368 0.268421 0.00306748 0.0491228
0 0.59954 0.422807 0.00398773 0.0631579
0 0.523006 0.436842 0.00429448 0.0631579
0 0.567485 0.278947 0.00306748 0.0526316
0 0.474233 0.182456 0.00368098 0.0491228
0 0.26411 0.297368 0.00429448 0.0684211
0 0.459663 0.315789 0.00337423 0.0561404
0 0.447546 0.294737 0.00368098 0.0526316
0 0.464264 0.667544 0.00521472 0.0894737
0 0.592638 0.446491 0.00429448 0.0649123
