0 0.730215 0.329825 0.00337423 0.0561404
0 0.526534 0.17193 0.00276074 0.0315789
0 0.457055 0.183333 0.00245399 0.0368421
0 0.557822 0.218421 0.00276074 0.0438596
0 0.594939 0.457018 0.00398773 0.0649123
0 0.401074 0.259649 0.00276074 0.0491228
0 0.535429 0.337719 0.00337423 0.0578947
0 0.480215 0.207018 0.00276074 0.045614
0 0.482975 0.242105 0.00337423 0.045614
0 0.263957 0.30614 0.00398773 0.0578947
0 0.513497 0.254386 0.00306748 0.0491228
0 0.591104 0.476316 0.00368098 0.0684211
0 0.506595 0.480702 0.00460123 0.0701754
0 0.453221 0.316667 0.00398773 0.0614035
0 0.477301 0.266667 0.00306748 0.0421053
0 0.519172 0.266667 0.00337423 0.0491228
0 0.563804 0.296491 0.00306748 0.0526316
0 0.36135 0.454386 0.00429448 0.0666667
0 0.572699 0.290351 0.00306748 0.0508772
0 0.576687 0.359649 0.00368098 0.0596491
0 0.564417 0.389474 0.00368098 0.0526316
0 0.436963 0.333333 0.00337423 0.0561404
0 0.467485 0.730702 0.00613497 0.0929825
