0 0.697393 0.372807 0.00398773 0.0614035
0 0.355828 0.345614 0.00368098 0.0561404
0 0.492178 0.321053 0.00337423 0.0561404
0 0.502761 0.320175 0.00306748 0.0473684
0 0.364724 0.35 0.00306748 0.054386
0 0.197699 0.417544 0.00521472 0.0701754
0 0.490031 0.409649 0.00398773 0.0649123
0 0.18819 0.645614 0.00582822 0.0877193
0 0.531595 0.439474 0.00429448 0.0649123
0 0.347853 0.662281 0.00490798 0.0859649
0 0.319632 0.44386 0.00429448 0.0666667
0 0.372699 0.525439 0.00490798 0.0719298
0 0.480982 0.670175 0.00552147 0.0877193
0 0.541411 0.694737 0.00613497 0.0807018
0 0.530215 0.607895 0.00521472 0.0824561
0 0.343252 0.469298 0.00429448 0.0649123
0 0.471012 0.637719 0.00644172 0.0964912
0 0.234356 0.773684 0.00674847 0.0982456
0 0.392945 0.539474 0.00490798 0.0754386
0 0.340031 0.720175 0.00644172 0.0929825
0 0.322853 0.664912 0.00582822 0.0982456
0 0.242025 0.605263 0.00674847 0.0807018
0 0.423313 0.49386 0.00429448 0.0754386
