0 0.465798 0.338596 0.00337423 0.0526316
0 0.260583 0.35 0.00460123 0.0719298
0 0.477301 0.421053 0.00429448 0.0701754
0 0.441718 0.253509 0.00306748 0.0473684
0 0.456595 0.514035 0.00460123 0.077193
0 0.539571 0.271053 0.00306748 0.0473684
0 0.472853 0.455263 0.00337423 0.0578947
0 0.607055 0.381579 0.00368098 0.0614035
0 0.427301 0.284211 0.00306748 0.0491228
0 0.507055 0.290351 0.00306748 0.0473684
0 0.717485 0.362281 0.00368098 0.0578947
0 0.431595 0.360526 0.00368098 0.0578947
0 0.51273 0.484211 0.00460123 0.0666667
0 0.376687 0.507018 0.00490798 0.0807018
0 0.51135 0.390351 0.00368098 0.0614035
0 0.596779 0.573684 0.00521472 0.077193
0 0.386963 0.477193 0.00460123 0.0701754
0 0.460276 0.627193 0.00521472 0.0824561
0 0.368405 0.619298 0.00552147 0.0842105
0 0.497699 0.716667 0.00644172 0.0929825
0 0.428374 0.494737 0.00460123 0.0701754
0 0.391871 0.688596 0.00582822 0.0894737
0 0.442178 0.657895 0.00521472 0.0982456
