0 0.5 0.557018 0.00490798 0.0754386
0 0.611196 0.312281 0.00337423 0.045614
0 0.488497 0.366667 0.00337423 0.0596491
0 0.71089 0.3 0.00337423 0.0526316
0 0.707209 0.345614 0.00337423 0.0421053
0 0.503374 0.212281 0.00306748 0.0385965
0 0.503528 0.191228 0.00337423 0.0385965
0 0.640337 0.191228 0.00276074 0.0421053
0 0.598313 0.32193 0.00337423 0.0473684
0 0.598773 0.434211 0.00429448 0.0508772
0 0.614571 0.246491 0.00276074 0.0473684
0 0.550614 0.214912 0.00245399 0.0403509
0 0.488804 0.479825 0.00398773 0.0614035
0 0.536043 0.284211 0.00276074 0.045614
0 0.493252 0.299123 0.00306748 0.0508772
0 0.516564 0.25614 0.00245399 0.0421053
0 0.52362 0.164912 0.00306748 0.0315789
0 0.486196 0.322807 0.00368098 0.0596491
0 0.287117 0.344737 0.00429448 0.0578947
0 0.623313 0.646491 0.00552147 0.0719298
0 0.719325 0.491228 0.00490798 0.0736842
0 0.528988 0.399123 0.00398773 0.0684211
0 0.594172 0.516667 0.00490798 0.0684211
