0 0.473006 0.447368 0.00674847 0.0701754
0 0.476687 0.427193 0.00429448 0.0684211
0 0.53911 0.273684 0.00276074 0.0491228
0 0.472239 0.455263 0.00337423 0.0578947
0 0.441104 0.258772 0.00306748 0.0508772
0 0.464877 0.339474 0.00337423 0.054386
0 0.260429 0.349123 0.00429448 0.0736842
0 0.426227 0.285088 0.00337423 0.054386
0 0.506748 0.292105 0.00306748 0.0473684
0 0.455521 0.525439 0.00490798 0.0824561
0 0.606748 0.386842 0.00368098 0.0614035
0 0.511043 0.392105 0.00368098 0.0614035
0 0.717485 0.365789 0.00368098 0.0578947
0 0.367485 0.623684 0.00552147 0.0824561
0 0.595552 0.575439 0.00521472 0.077193
0 0.511196 0.484211 0.00460123 0.0666667
0 0.37546 0.514912 0.00552147 0.0859649
0 0.459356 0.630702 0.00521472 0.0824561
0 0.386043 0.481579 0.00460123 0.0719298
0 0.497239 0.717544 0.00613497 0.0947368
0 0.430061 0.365789 0.00368098 0.0578947
0 0.392025 0.692105 0.00613497 0.0894737
0 0.427454 0.494737 0.00460123 0.0701754
0 0.441564 0.657018 0.00521472 0.0964912
