0 0.448926 0.181579 0.00214724 0.0368421
0 0.474387 0.385088 0.00337423 0.0578947
0 0.511656 0.161404 0.00245399 0.0385965
0 0.462117 0.165789 0.00337423 0.0403509
0 0.50138 0.235088 0.00276074 0.0421053
0 0.471472 0.404386 0.00306748 0.0614035
0 0.513037 0.294737 0.00337423 0.0526316
0 0.51089 0.326316 0.00337423 0.0491228
0 0.603221 0.413158 0.00398773 0.0649123
0 0.406135 0.497368 0.00429448 0.0578947
0 0.529294 0.247368 0.00276074 0.045614
0 0.480215 0.250877 0.00276074 0.0385965
0 0.56365 0.241228 0.00276074 0.0473684
0 0.486503 0.207018 0.00245399 0.0385965
0 0.432515 0.292105 0.00306748 0.054386
0 0.697393 0.312281 0.00337423 0.0526316
0 0.42592 0.281579 0.00337423 0.054386
0 0.259356 0.334211 0.00337423 0.0578947
0 0.48819 0.476316 0.00460123 0.0684211
0 0.494479 0.411404 0.00429448 0.0649123
0 0.430061 0.354386 0.00368098 0.0561404
0 0.392178 0.637719 0.00582822 0.0859649
0 0.514724 0.714912 0.00613497 0.0929825
