0 0.471626 0.377193 0.00337423 0.0526316
0 0.44862 0.181579 0.00214724 0.0368421
0 0.51135 0.160526 0.00245399 0.0368421
0 0.463957 0.163158 0.00337423 0.0421053
0 0.471012 0.395614 0.00337423 0.0614035
0 0.501687 0.230702 0.00276074 0.0403509
0 0.511043 0.328947 0.00306748 0.0508772
0 0.51411 0.291228 0.00306748 0.0526316
0 0.406288 0.492105 0.00460123 0.0578947
0 0.562117 0.241228 0.00276074 0.0473684
0 0.479908 0.25 0.00276074 0.0368421
0 0.486963 0.205263 0.00276074 0.0385965
0 0.528988 0.246491 0.00276074 0.0473684
0 0.697086 0.309649 0.00337423 0.054386
0 0.432822 0.292105 0.00306748 0.054386
0 0.604141 0.413158 0.00398773 0.0649123
0 0.259663 0.332456 0.00337423 0.054386
0 0.487423 0.476316 0.00429448 0.0684211
0 0.429908 0.354386 0.00337423 0.0561404
0 0.425613 0.281579 0.00337423 0.054386
0 0.491564 0.410526 0.00398773 0.0631579
0 0.392638 0.634211 0.00552147 0.0859649
0 0.510583 0.717544 0.00644172 0.0947368
