0 0.501687 0.160526 0.00276074 0.0333333
0 0.448466 0.186842 0.00245399 0.0403509
0 0.525767 0.245614 0.00245399 0.045614
0 0.521779 0.236842 0.00306748 0.045614
0 0.732055 0.319298 0.00337423 0.0561404
0 0.547853 0.296491 0.00306748 0.0526316
0 0.576534 0.329825 0.00337423 0.0526316
0 0.580982 0.269298 0.00306748 0.0508772
0 0.38589 0.407895 0.00429448 0.0649123
0 0.398006 0.22807 0.00276074 0.0491228
0 0.477454 0.234211 0.00276074 0.0438596
0 0.484202 0.245614 0.00276074 0.045614
0 0.56319 0.207018 0.00245399 0.0421053
0 0.567485 0.277193 0.00306748 0.0526316
0 0.583896 0.321053 0.00337423 0.0561404
0 0.601687 0.420175 0.00398773 0.0649123
0 0.594018 0.447368 0.00398773 0.0631579
0 0.474693 0.180702 0.00337423 0.045614
0 0.525153 0.435965 0.00429448 0.0614035
0 0.459816 0.314035 0.00368098 0.0561404
0 0.448466 0.290351 0.00368098 0.054386
0 0.264571 0.298246 0.00460123 0.0701754
0 0.464264 0.664912 0.00521472 0.0877193
