0 0.443405 0.164912 0.00214724 0.0350877
0 0.705368 0.324561 0.00337423 0.0526316
0 0.506595 0.237719 0.00276074 0.0403509
0 0.451687 0.322807 0.00337423 0.0561404
0 0.567025 0.257018 0.00276074 0.0473684
0 0.512577 0.172807 0.00245399 0.0298246
0 0.596012 0.458772 0.00429448 0.0684211
0 0.514877 0.301754 0.00337423 0.0526316
0 0.489571 0.217544 0.00245399 0.0421053
0 0.429448 0.221053 0.00245399 0.045614
0 0.425 0.362281 0.00337423 0.054386
0 0.463804 0.295614 0.00306748 0.0508772
0 0.52592 0.381579 0.00398773 0.0614035
0 0.507669 0.381579 0.00368098 0.0614035
0 0.434356 0.448246 0.00306748 0.0684211
0 0.426687 0.307018 0.00368098 0.0561404
0 0.449847 0.389474 0.00398773 0.0596491
0 0.405368 0.516667 0.00460123 0.0719298
0 0.26273 0.336842 0.00398773 0.0666667
0 0.465491 0.539474 0.00460123 0.0719298
0 0.47546 0.427193 0.00368098 0.0649123
0 0.381442 0.673684 0.00582822 0.0877193
0 0.480828 0.708772 0.00644172 0.0947368
