0 0.472239 0.422807 0.00398773 0.0631579
0 0.433589 0.232456 0.00276074 0.0438596
0 0.538957 0.381579 0.00368098 0.0473684
0 0.469172 0.441228 0.00337423 0.0684211
0 0.422086 0.335965 0.00368098 0.054386
0 0.546319 0.275439 0.00306748 0.045614
0 0.42362 0.312281 0.00368098 0.0526316
0 0.485736 0.240351 0.00276074 0.0421053
0 0.510123 0.170175 0.00245399 0.0350877
0 0.256748 0.34386 0.00306748 0.0561404
0 0.590184 0.270175 0.00306748 0.0491228
0 0.409049 0.467544 0.00398773 0.0614035
0 0.496166 0.276316 0.00337423 0.0473684
0 0.479908 0.5 0.00398773 0.0736842
0 0.440337 0.191228 0.00276074 0.0385965
0 0.477454 0.309649 0.00337423 0.054386
0 0.582669 0.418421 0.00398773 0.0649123
0 0.421166 0.391228 0.00306748 0.0561404
0 0.484356 0.519298 0.00490798 0.0701754
0 0.709663 0.327193 0.00337423 0.054386
0 0.466411 0.371053 0.00398773 0.054386
0 0.403067 0.526316 0.00490798 0.0736842
0 0.563497 0.710526 0.00613497 0.0912281
