0 0.528834 0.166667 0.00245399 0.0315789
0 0.709969 0.420175 0.00398773 0.054386
0 0.485276 0.528947 0.00490798 0.0614035
0 0.743405 0.335088 0.00337423 0.0526316
0 0.48911 0.320175 0.00337423 0.054386
0 0.63865 0.201754 0.00245399 0.0421053
0 0.499386 0.227193 0.00368098 0.0403509
0 0.55046 0.231579 0.00276074 0.045614
0 0.615798 0.380702 0.00398773 0.0561404
0 0.484663 0.392105 0.00368098 0.0578947
0 0.543558 0.323684 0.00306748 0.0508772
0 0.615491 0.261404 0.00276074 0.0491228
0 0.641104 0.355263 0.00368098 0.0578947
0 0.523926 0.282456 0.00306748 0.0491228
0 0.501687 0.19386 0.00398773 0.0438596
0 0.285583 0.357018 0.00368098 0.054386
0 0.720092 0.525439 0.00460123 0.0684211
0 0.483436 0.353509 0.00368098 0.0578947
0 0.633436 0.455263 0.00429448 0.0684211
0 0.495092 0.618421 0.00552147 0.0824561
0 0.61135 0.570175 0.00490798 0.077193
0 0.628834 0.726316 0.00613497 0.0947368
0 0.53727 0.412281 0.00460123 0.0631579
