0 0.47454 0.454386 0.00429448 0.0596491
0 0.597853 0.260526 0.00306748 0.0508772
0 0.71181 0.314912 0.00337423 0.0508772
0 0.544172 0.207895 0.00245399 0.0403509
0 0.517178 0.274561 0.00306748 0.0438596
0 0.521933 0.32193 0.00337423 0.054386
0 0.492485 0.214912 0.00276074 0.0473684
0 0.501227 0.266667 0.00306748 0.0491228
0 0.523313 0.165789 0.00306748 0.0333333
0 0.52546 0.438596 0.00429448 0.0631579
0 0.522853 0.370175 0.00337423 0.0596491
0 0.618558 0.222807 0.00276074 0.045614
0 0.46227 0.534211 0.00490798 0.0754386
0 0.476687 0.366667 0.00368098 0.0596491
0 0.657209 0.34386 0.00337423 0.0526316
0 0.471319 0.32193 0.00337423 0.0578947
0 0.484202 0.188596 0.00337423 0.0473684
0 0.503221 0.407018 0.00398773 0.0701754
0 0.483742 0.297368 0.00306748 0.0508772
0 0.537883 0.514912 0.00460123 0.0719298
0 0.274847 0.335965 0.00429448 0.0578947
0 0.587577 0.713158 0.00644172 0.0929825
0 0.653988 0.4 0.00429448 0.0666667
