0 0.441564 0.205263 0.00276074 0.0385965
0 0.426994 0.30614 0.00368098 0.054386
0 0.42546 0.376316 0.00368098 0.0614035
0 0.257055 0.341228 0.00306748 0.054386
0 0.428988 0.311404 0.00337423 0.054386
0 0.445245 0.184211 0.00276074 0.0421053
0 0.478221 0.282456 0.00306748 0.0421053
0 0.486656 0.334211 0.00337423 0.054386
0 0.496779 0.25614 0.00276074 0.045614
0 0.512883 0.169298 0.00245399 0.0368421
0 0.531442 0.262281 0.00276074 0.0473684
0 0.406902 0.505263 0.00460123 0.0701754
0 0.576074 0.263158 0.00306748 0.0491228
0 0.484816 0.427193 0.00398773 0.0614035
0 0.483282 0.228947 0.00276074 0.0438596
0 0.702607 0.32807 0.00337423 0.0561404
0 0.58681 0.427193 0.00429448 0.0684211
0 0.515337 0.372807 0.00368098 0.0578947
0 0.403374 0.592982 0.00490798 0.0807018
0 0.493252 0.454386 0.00429448 0.0701754
0 0.48681 0.514035 0.00429448 0.0701754
0 0.473466 0.439474 0.00398773 0.0649123
0 0.551994 0.741228 0.00644172 0.1
