0 0.488497 0.497368 0.00398773 0.0649123
0 0.43819 0.230702 0.00276074 0.0438596
0 0.498773 0.230702 0.00245399 0.0438596
0 0.472546 0.439474 0.00276074 0.0754386
0 0.486503 0.302632 0.00306748 0.0473684
0 0.257362 0.342982 0.00306748 0.054386
0 0.502454 0.278947 0.00306748 0.045614
0 0.48819 0.518421 0.00521472 0.0684211
0 0.567178 0.281579 0.00306748 0.0473684
0 0.414724 0.466667 0.00429448 0.0666667
0 0.591718 0.385965 0.00368098 0.0561404
0 0.513344 0.169298 0.00276074 0.0333333
0 0.597239 0.265789 0.00306748 0.0508772
0 0.444325 0.188596 0.00276074 0.0403509
0 0.56135 0.37807 0.00368098 0.054386
0 0.429141 0.385965 0.00306748 0.0561404
0 0.476687 0.423684 0.00429448 0.0754386
0 0.436963 0.314912 0.00337423 0.054386
0 0.710583 0.323684 0.00337423 0.054386
0 0.407975 0.524561 0.00490798 0.0736842
0 0.422239 0.338596 0.00337423 0.0526316
0 0.465184 0.361403 0.00398773 0.0526316
0 0.563497 0.694737 0.00613497 0.0912281
