0 0.502301 0.696491 0.00705521 0.0877193
0 0.703221 0.375439 0.00398773 0.0596491
0 0.358896 0.355263 0.00368098 0.0578947
0 0.495859 0.334211 0.00337423 0.054386
0 0.308896 0.649123 0.00552147 0.0877193
0 0.483282 0.420175 0.00398773 0.0649123
0 0.209356 0.407895 0.00582822 0.0824561
0 0.219479 0.628947 0.00521472 0.0824561
0 0.502761 0.334211 0.00306748 0.0508772
0 0.332669 0.664035 0.00460123 0.0859649
0 0.453988 0.679825 0.00613497 0.0894737
0 0.369479 0.365789 0.00337423 0.0578947
0 0.248926 0.771053 0.00582822 0.0964912
0 0.528374 0.460526 0.00460123 0.0684211
0 0.397853 0.555263 0.00490798 0.0719298
0 0.327914 0.455263 0.00429448 0.0684211
0 0.517638 0.651754 0.00582822 0.0894737
0 0.373773 0.726316 0.00582822 0.0947368
0 0.371779 0.542105 0.00490798 0.0736842
0 0.348773 0.475439 0.00429448 0.0631579
0 0.426227 0.49386 0.00460123 0.0754386
0 0.254601 0.608772 0.00674847 0.0807018
0 0.429601 0.633333 0.00582822 0.0842105
