0 0.438344 0.231579 0.00245399 0.0421053
0 0.499386 0.234211 0.00245399 0.0403509
0 0.591411 0.383333 0.00368098 0.0578947
0 0.502147 0.27807 0.00306748 0.0473684
0 0.444632 0.190351 0.00276074 0.0403509
0 0.257669 0.342982 0.00306748 0.054386
0 0.488037 0.303509 0.00306748 0.0491228
0 0.567791 0.280702 0.00306748 0.0491228
0 0.488957 0.516667 0.00490798 0.0684211
0 0.473313 0.438596 0.00306748 0.0736842
0 0.415031 0.468421 0.00429448 0.0666667
0 0.513497 0.169298 0.00245399 0.0333333
0 0.597853 0.264035 0.00306748 0.0508772
0 0.563497 0.378947 0.00368098 0.0561404
0 0.430061 0.385088 0.00306748 0.054386
0 0.438037 0.314035 0.00306748 0.0561404
0 0.477301 0.424561 0.00429448 0.077193
0 0.465491 0.361403 0.00398773 0.0526316
0 0.710583 0.323684 0.00337423 0.054386
0 0.422699 0.339474 0.00368098 0.0508772
0 0.408282 0.524561 0.00490798 0.0736842
0 0.562883 0.69386 0.00613497 0.0929825
