0 0.502607 0.220175 0.00337423 0.0368421
0 0.525767 0.164912 0.00306748 0.0350877
0 0.639877 0.194737 0.00245399 0.0421053
0 0.615491 0.253509 0.00276074 0.0473684
0 0.61365 0.348246 0.00337423 0.0508772
0 0.730215 0.313158 0.00337423 0.0508772
0 0.491564 0.311404 0.00337423 0.054386
0 0.521779 0.270175 0.00306748 0.045614
0 0.541411 0.303509 0.00306748 0.045614
0 0.490337 0.504386 0.00460123 0.0614035
0 0.551534 0.222807 0.00245399 0.0421053
0 0.486196 0.338596 0.00368098 0.0561404
0 0.502761 0.192982 0.00368098 0.0421053
0 0.631595 0.332456 0.00368098 0.054386
0 0.713804 0.385088 0.00368098 0.0508772
0 0.48865 0.380702 0.00368098 0.0596491
0 0.536503 0.407018 0.00368098 0.0666667
0 0.287577 0.350877 0.00398773 0.0526316
0 0.502454 0.580702 0.00490798 0.077193
0 0.615337 0.545614 0.00490798 0.0666667
0 0.622086 0.453509 0.00429448 0.0684211
0 0.728221 0.533333 0.00490798 0.0736842
0 0.634509 0.690351 0.00582822 0.0859649
