0 0.367331 0.362281 0.00337423 0.054386
0 0.451534 0.701754 0.00490798 0.0912281
0 0.705215 0.37807 0.00368098 0.0614035
0 0.305521 0.640351 0.00613497 0.0807018
0 0.222546 0.391228 0.00337423 0.0631579
0 0.394785 0.685088 0.00552147 0.0894737
0 0.258896 0.770175 0.00613497 0.101754
0 0.248773 0.615789 0.00552147 0.077193
0 0.510429 0.65 0.00613497 0.0894737
0 0.504141 0.34386 0.00337423 0.0526316
0 0.474387 0.42807 0.00398773 0.0666667
0 0.361503 0.480702 0.00460123 0.0666667
0 0.431748 0.480702 0.00521472 0.0807018
0 0.496626 0.347368 0.00368098 0.0561404
0 0.382822 0.378947 0.00368098 0.0596491
0 0.525307 0.487719 0.00460123 0.0701754
0 0.341104 0.460526 0.00429448 0.0684211
0 0.320399 0.645614 0.00521472 0.0947368
0 0.388497 0.721053 0.00644172 0.0947368
0 0.376994 0.553509 0.00490798 0.0754386
0 0.404448 0.570175 0.00521472 0.0807018
0 0.265951 0.614912 0.00552147 0.0754386
