0 0.466564 0.337719 0.00368098 0.054386
0 0.457055 0.508772 0.00429448 0.0736842
0 0.477454 0.420175 0.00460123 0.0719298
0 0.260429 0.35 0.00429448 0.0719298
0 0.442025 0.251754 0.00306748 0.0473684
0 0.47316 0.455263 0.00337423 0.0578947
0 0.539724 0.271053 0.00276074 0.0473684
0 0.427607 0.284211 0.00306748 0.0491228
0 0.717485 0.362281 0.00368098 0.0578947
0 0.607055 0.379825 0.00368098 0.0614035
0 0.377147 0.505263 0.00521472 0.0807018
0 0.507362 0.290351 0.00306748 0.0508772
0 0.38727 0.475439 0.00460123 0.0701754
0 0.460583 0.625439 0.00521472 0.0859649
0 0.511503 0.390351 0.00398773 0.0614035
0 0.513344 0.484211 0.00460123 0.0701754
0 0.597086 0.572807 0.00521472 0.0789474
0 0.368865 0.617544 0.00582822 0.0842105
0 0.432362 0.357895 0.00337423 0.0561404
0 0.428681 0.492982 0.00460123 0.0701754
0 0.498159 0.715789 0.00613497 0.0912281
0 0.391718 0.688596 0.00613497 0.0894737
0 0.442485 0.657018 0.00521472 0.0964912
