0 0.456595 0.163158 0.00276074 0.0385965
0 0.504141 0.162281 0.00337423 0.0368421
0 0.555675 0.235088 0.00276074 0.045614
0 0.435736 0.199123 0.00276074 0.0438596
0 0.498926 0.234211 0.00276074 0.0438596
0 0.492638 0.204386 0.00245399 0.0403509
0 0.465951 0.266667 0.00306748 0.045614
0 0.527301 0.353509 0.00368098 0.0578947
0 0.510736 0.267544 0.00306748 0.0508772
0 0.700767 0.314035 0.00337423 0.0561404
0 0.409049 0.480702 0.00460123 0.0701754
0 0.507362 0.357895 0.00368098 0.0561404
0 0.389264 0.629825 0.00552147 0.0842105
0 0.422393 0.351754 0.00306748 0.054386
0 0.598159 0.437719 0.00429448 0.0684211
0 0.449233 0.364912 0.00337423 0.0596491
0 0.422699 0.286842 0.00368098 0.054386
0 0.441258 0.42193 0.00398773 0.0649123
0 0.467178 0.499123 0.00429448 0.0719298
0 0.260736 0.335088 0.00368098 0.0631579
0 0.489417 0.690351 0.00582822 0.0894737
0 0.443558 0.298246 0.00429448 0.0631579
0 0.479755 0.394737 0.00368098 0.0631579
