0 0.271779 0.337719 0.00368098 0.0578947
0 0.639724 0.336842 0.00337423 0.045614
0 0.521779 0.161404 0.00306748 0.0385965
0 0.467485 0.453509 0.00429448 0.0684211
0 0.513804 0.446491 0.00429448 0.0614035
0 0.506442 0.327193 0.00368098 0.054386
0 0.711963 0.313158 0.00368098 0.054386
0 0.498466 0.270175 0.00306748 0.0491228
0 0.53819 0.207895 0.00276074 0.0403509
0 0.484969 0.213158 0.00368098 0.054386
0 0.593098 0.264035 0.00337423 0.054386
0 0.511963 0.276316 0.00306748 0.0508772
0 0.613957 0.230702 0.00276074 0.0473684
0 0.472086 0.364912 0.00368098 0.0596491
0 0.479755 0.299123 0.00306748 0.0508772
0 0.497699 0.415789 0.00337423 0.0736842
0 0.477454 0.189474 0.00337423 0.0491228
0 0.511503 0.380702 0.00460123 0.0701754
0 0.527301 0.514912 0.00490798 0.0719298
0 0.46227 0.32193 0.00429448 0.0614035
0 0.639571 0.378947 0.00429448 0.0596491
0 0.45092 0.534211 0.00490798 0.0754386
0 0.57638 0.709649 0.00613497 0.0929825
