0 0.492025 0.495614 0.00429448 0.0649123
0 0.440798 0.227193 0.00245399 0.0368421
0 0.503681 0.229825 0.00306748 0.045614
0 0.570552 0.279825 0.00306748 0.0473684
0 0.491104 0.511404 0.00490798 0.0649123
0 0.501687 0.278947 0.00337423 0.0491228
0 0.419632 0.462281 0.00429448 0.0649123
0 0.591104 0.367544 0.00368098 0.0578947
0 0.475767 0.436842 0.00306748 0.077193
0 0.447393 0.188596 0.00276074 0.0403509
0 0.258589 0.341228 0.00306748 0.054386
0 0.479448 0.417544 0.00429448 0.0736842
0 0.569939 0.361403 0.00368098 0.0526316
0 0.600307 0.260526 0.00306748 0.0473684
0 0.514417 0.168421 0.00245399 0.0350877
0 0.492638 0.298246 0.00306748 0.0491228
0 0.443558 0.310526 0.00306748 0.0526316
0 0.712117 0.323684 0.00337423 0.054386
0 0.434049 0.380702 0.00306748 0.0561404
0 0.411043 0.521053 0.00490798 0.0736842
0 0.467485 0.354386 0.00429448 0.0561404
0 0.425 0.335088 0.00337423 0.0526316
0 0.561656 0.689474 0.00613497 0.0912281
