0 0.703067 0.377193 0.00368098 0.0596491
0 0.358589 0.353509 0.00368098 0.0578947
0 0.216104 0.623684 0.00582822 0.0754386
0 0.495552 0.334211 0.00337423 0.054386
0 0.502607 0.334211 0.00276074 0.0473684
0 0.484202 0.420175 0.00398773 0.0649123
0 0.248313 0.771053 0.00582822 0.0964912
0 0.454601 0.677193 0.00552147 0.0842105
0 0.334049 0.661404 0.00490798 0.0842105
0 0.505828 0.697368 0.00674847 0.0929825
0 0.528221 0.457895 0.00429448 0.0701754
0 0.309202 0.649123 0.00552147 0.0912281
0 0.432515 0.635088 0.00552147 0.0842105
0 0.368865 0.364035 0.00337423 0.0578947
0 0.208436 0.408772 0.00582822 0.0807018
0 0.327301 0.455263 0.00429448 0.0684211
0 0.347853 0.475439 0.00429448 0.0631579
0 0.371472 0.540351 0.00490798 0.0736842
0 0.518252 0.651754 0.00582822 0.0859649
0 0.426074 0.49386 0.00429448 0.0754386
0 0.397393 0.553509 0.00521472 0.0789474
0 0.253834 0.608772 0.00644172 0.0807018
0 0.371012 0.724561 0.00644172 0.0947368
