0 0.422239 0.729825 0.00460123 0.0947368
0 0.284202 0.611404 0.00521472 0.0789474
0 0.702147 0.384211 0.00368098 0.0596491
0 0.424847 0.717544 0.00490798 0.0947368
0 0.381748 0.371053 0.00337423 0.054386
0 0.43773 0.459649 0.00429448 0.0701754
0 0.370552 0.718421 0.00674847 0.0859649
0 0.474233 0.42807 0.00429448 0.0631579
0 0.227914 0.391228 0.00429448 0.0666667
0 0.505828 0.359649 0.00368098 0.0596491
0 0.281442 0.75614 0.00644172 0.0912281
0 0.405521 0.395614 0.00368098 0.0614035
0 0.52408 0.49386 0.00460123 0.0719298
0 0.493098 0.357018 0.00337423 0.0578947
0 0.529448 0.626316 0.00552147 0.0842105
0 0.390184 0.569298 0.00490798 0.0754386
0 0.355828 0.707018 0.00490798 0.0877193
0 0.378681 0.485965 0.00460123 0.0666667
0 0.289571 0.618421 0.00490798 0.0789474
0 0.420706 0.609649 0.00521472 0.0824561
0 0.339877 0.625439 0.00429448 0.0824561
0 0.356442 0.462281 0.00429448 0.0684211
0 0.354755 0.635965 0.00460123 0.0824561
