0 0.697546 0.372807 0.00368098 0.0614035
0 0.355675 0.345614 0.00337423 0.0561404
0 0.492178 0.321053 0.00337423 0.0561404
0 0.502761 0.320175 0.00306748 0.0473684
0 0.364724 0.349123 0.00306748 0.0526316
0 0.18727 0.644737 0.00582822 0.0859649
0 0.490031 0.408772 0.00398773 0.0631579
0 0.197546 0.416667 0.00490798 0.0719298
0 0.531748 0.438596 0.00398773 0.0666667
0 0.34816 0.659649 0.00490798 0.0877193
0 0.481902 0.670175 0.00552147 0.0877193
0 0.319325 0.444737 0.00429448 0.0684211
0 0.372699 0.525439 0.00490798 0.0719298
0 0.343252 0.469298 0.00429448 0.0649123
0 0.530675 0.607895 0.00552147 0.0824561
0 0.393252 0.538597 0.00490798 0.0736842
0 0.542331 0.692982 0.00613497 0.077193
0 0.233742 0.774561 0.00674847 0.1
0 0.323466 0.664912 0.00582822 0.0982456
0 0.471933 0.637719 0.00644172 0.0964912
0 0.339417 0.719298 0.00644172 0.0947368
0 0.241564 0.604386 0.00705521 0.0824561
0 0.423313 0.49386 0.00429448 0.0754386
