0 0.440337 0.727193 0.00582822 0.0929825
0 0.43589 0.427193 0.00429448 0.0684211
0 0.389877 0.42193 0.00429448 0.0614035
0 0.530061 0.321053 0.00306748 0.0491228
0 0.341564 0.692105 0.00582822 0.0929825
0 0.713804 0.379825 0.00368098 0.0578947
0 0.362577 0.549123 0.00429448 0.0736842
0 0.501227 0.336842 0.00306748 0.0561404
0 0.496626 0.438596 0.00429448 0.0631579
0 0.252914 0.365789 0.00460123 0.0684211
0 0.43589 0.314035 0.00368098 0.0526316
0 0.577301 0.438596 0.00429448 0.0666667
0 0.456135 0.522807 0.00490798 0.0736842
0 0.406288 0.333333 0.00337423 0.0561404
0 0.555828 0.614035 0.00552147 0.0807018
0 0.474693 0.728947 0.00644172 0.0964912
0 0.457515 0.465789 0.00398773 0.0614035
0 0.486656 0.555263 0.00521472 0.0789474
0 0.350307 0.574561 0.00552147 0.0859649
0 0.419785 0.692105 0.00521472 0.0894737
0 0.430061 0.592105 0.00490798 0.0859649
0 0.402607 0.717544 0.00644172 0.0947368
0 0.40092 0.564912 0.00552147 0.0947368
