0 0.457362 0.667544 0.00490798 0.0824561
0 0.701841 0.375439 0.00368098 0.0596491
0 0.357669 0.351754 0.00368098 0.0578947
0 0.494939 0.331579 0.00337423 0.0526316
0 0.511656 0.698246 0.00613497 0.0912281
0 0.335736 0.661404 0.00521472 0.0877193
0 0.309663 0.655263 0.00521472 0.0894737
0 0.247393 0.771053 0.00582822 0.0964912
0 0.502301 0.333333 0.00276074 0.0491228
0 0.206902 0.410526 0.00582822 0.0807018
0 0.21227 0.631579 0.00552147 0.0842105
0 0.522239 0.642982 0.00582822 0.0894737
0 0.484816 0.419298 0.00398773 0.0631579
0 0.346472 0.476316 0.00460123 0.0649123
0 0.326074 0.454386 0.00429448 0.0666667
0 0.528374 0.454386 0.00398773 0.0666667
0 0.367638 0.364035 0.00337423 0.0578947
0 0.371472 0.538597 0.00490798 0.0736842
0 0.366104 0.726316 0.00582822 0.0912281
0 0.396166 0.552632 0.00521472 0.077193
0 0.437423 0.629825 0.00552147 0.0842105
0 0.252301 0.608772 0.00644172 0.0807018
0 0.42546 0.494737 0.00429448 0.0736842
