0 0.465644 0.162281 0.00306748 0.0368421
0 0.436196 0.189474 0.00245399 0.0421053
0 0.491104 0.195614 0.00245399 0.0368421
0 0.502607 0.157895 0.00276074 0.0350877
0 0.494939 0.226316 0.00276074 0.0421053
0 0.695552 0.305263 0.00337423 0.0526316
0 0.421626 0.275439 0.00337423 0.0526316
0 0.450153 0.342982 0.00337423 0.054386
0 0.468558 0.253509 0.00276074 0.0438596
0 0.438344 0.288596 0.00429448 0.054386
0 0.44954 0.397368 0.00398773 0.0578947
0 0.509049 0.249123 0.00276074 0.045614
0 0.55138 0.231579 0.00276074 0.045614
0 0.407975 0.467544 0.00429448 0.0684211
0 0.419632 0.350877 0.00368098 0.0561404
0 0.505215 0.342982 0.00368098 0.054386
0 0.526534 0.335965 0.00337423 0.054386
0 0.59862 0.42193 0.00398773 0.0649123
0 0.259202 0.333333 0.00368098 0.0561404
0 0.389571 0.6 0.00552147 0.0807018
0 0.468098 0.477193 0.00429448 0.0666667
0 0.492791 0.67807 0.00582822 0.0894737
0 0.477147 0.379825 0.00337423 0.0614035
