0 0.422853 0.234211 0.00276074 0.0403509
0 0.709356 0.331579 0.00337423 0.0561404
0 0.440951 0.166667 0.00214724 0.0385965
0 0.486963 0.227193 0.00276074 0.0403509
0 0.504141 0.252632 0.00276074 0.045614
0 0.461503 0.311404 0.00337423 0.0508772
0 0.516258 0.180702 0.00245399 0.0350877
0 0.453528 0.341228 0.00337423 0.0578947
0 0.579448 0.275439 0.00306748 0.0491228
0 0.52592 0.40614 0.00398773 0.0614035
0 0.367025 0.696491 0.00644172 0.0877193
0 0.51181 0.32193 0.00337423 0.054386
0 0.441411 0.458772 0.00306748 0.0719298
0 0.593405 0.473684 0.00460123 0.0701754
0 0.259356 0.339474 0.00337423 0.0578947
0 0.394479 0.545614 0.00490798 0.0736842
0 0.505368 0.403509 0.00398773 0.0631579
0 0.42454 0.371053 0.00368098 0.0578947
0 0.45046 0.408772 0.00398773 0.0631579
0 0.465031 0.569298 0.00490798 0.0789474
0 0.425307 0.32193 0.00337423 0.054386
0 0.468558 0.448246 0.00398773 0.0719298
0 0.476687 0.707018 0.00613497 0.0912281
