0 0.518558 0.170175 0.00276074 0.0315789
0 0.45184 0.182456 0.00245399 0.0315789
0 0.480675 0.233333 0.00306748 0.045614
0 0.398313 0.233333 0.00276074 0.0350877
0 0.556442 0.214035 0.00245399 0.0421053
0 0.515951 0.25 0.00306748 0.0473684
0 0.53727 0.32193 0.00337423 0.054386
0 0.479294 0.253509 0.00276074 0.0438596
0 0.520399 0.255263 0.00337423 0.0473684
0 0.457822 0.314912 0.00337423 0.0578947
0 0.366564 0.435088 0.00429448 0.0666667
0 0.730061 0.326316 0.00368098 0.0561404
0 0.577914 0.34386 0.00368098 0.0561404
0 0.565031 0.286842 0.00306748 0.0508772
0 0.476534 0.194737 0.00398773 0.0526316
0 0.263957 0.302632 0.00398773 0.0614035
0 0.57546 0.281579 0.00306748 0.0508772
0 0.566718 0.368421 0.00337423 0.0561404
0 0.592485 0.441228 0.00398773 0.0649123
0 0.588037 0.463158 0.00429448 0.0666667
0 0.439264 0.313158 0.00368098 0.054386
0 0.467025 0.707018 0.00582822 0.0877193
0 0.509509 0.454386 0.00429448 0.0666667
