0 0.494632 0.488596 0.00398773 0.0649123
0 0.592638 0.364035 0.00368098 0.0578947
0 0.497699 0.287719 0.00337423 0.0491228
0 0.447239 0.225439 0.00245399 0.0403509
0 0.499386 0.27193 0.00306748 0.045614
0 0.494479 0.510526 0.00490798 0.0666667
0 0.451534 0.188596 0.00245399 0.0403509
0 0.508742 0.218421 0.00276074 0.0403509
0 0.578067 0.350877 0.00337423 0.0491228
0 0.439264 0.377193 0.00306748 0.0561404
0 0.515798 0.168421 0.00276074 0.0350877
0 0.479141 0.429825 0.00306748 0.077193
0 0.71273 0.32193 0.00337423 0.054386
0 0.424693 0.459649 0.00460123 0.0701754
0 0.449847 0.30614 0.00337423 0.054386
0 0.572393 0.27807 0.00306748 0.0508772
0 0.602454 0.25614 0.00306748 0.0491228
0 0.482055 0.407895 0.00460123 0.0754386
0 0.260123 0.341228 0.00306748 0.054386
0 0.470092 0.348246 0.00398773 0.0578947
0 0.41411 0.522807 0.00490798 0.0736842
0 0.428374 0.335088 0.00337423 0.0561404
0 0.559509 0.682456 0.00613497 0.0912281
