0 0.381135 0.565789 0.00521472 0.0578947
0 0.441564 0.173684 0.00214724 0.0385965
0 0.425613 0.245614 0.00276074 0.0421053
0 0.711196 0.335965 0.00337423 0.054386
0 0.511043 0.333333 0.00368098 0.0561404
0 0.451687 0.45614 0.00337423 0.0701754
0 0.516718 0.182456 0.00276074 0.0385965
0 0.527301 0.419298 0.00368098 0.0631579
0 0.451534 0.425439 0.00368098 0.0614035
0 0.586043 0.286842 0.00337423 0.0508772
0 0.256135 0.34386 0.00306748 0.0526316
0 0.501687 0.419298 0.00398773 0.0631579
0 0.421626 0.381579 0.00398773 0.0578947
0 0.488037 0.22807 0.00368098 0.045614
0 0.493098 0.264035 0.00398773 0.0438596
0 0.590951 0.482456 0.00460123 0.0701754
0 0.421166 0.328947 0.00368098 0.0578947
0 0.460276 0.313158 0.00337423 0.054386
0 0.449847 0.350877 0.00398773 0.0631579
0 0.477914 0.711403 0.00613497 0.0929825
0 0.464264 0.468421 0.00460123 0.077193
0 0.363804 0.705263 0.00613497 0.0912281
0 0.465031 0.586842 0.00490798 0.0789474
