0 0.440798 0.178947 0.00245399 0.0385965
0 0.506595 0.160526 0.00276074 0.0368421
0 0.436503 0.286842 0.00306748 0.0508772
0 0.497086 0.222807 0.00276074 0.0385965
0 0.455215 0.352632 0.00368098 0.0526316
0 0.425 0.273684 0.00337423 0.0526316
0 0.488037 0.194737 0.00245399 0.0385965
0 0.473773 0.244737 0.00276074 0.0438596
0 0.469479 0.158772 0.00337423 0.0438596
0 0.520552 0.237719 0.00245399 0.0438596
0 0.404141 0.470175 0.00460123 0.0701754
0 0.468558 0.390351 0.00398773 0.0614035
0 0.552301 0.229825 0.00276074 0.045614
0 0.695092 0.300877 0.00306748 0.054386
0 0.522393 0.298246 0.00306748 0.0491228
0 0.507209 0.321053 0.00337423 0.0491228
0 0.424847 0.347368 0.00368098 0.0526316
0 0.601994 0.415789 0.00398773 0.0631579
0 0.259049 0.334211 0.00337423 0.0578947
0 0.474847 0.377193 0.00368098 0.0631579
0 0.392945 0.601754 0.00552147 0.0842105
0 0.496779 0.681579 0.00582822 0.0859649
0 0.47408 0.463158 0.00460123 0.0631579
