0 0.708282 0.380702 0.00368098 0.0596491
0 0.428834 0.378947 0.00368098 0.0596491
0 0.484663 0.439474 0.00429448 0.0649123
0 0.498773 0.355263 0.00306748 0.054386
0 0.243712 0.377193 0.00398773 0.0701754
0 0.401074 0.473684 0.00460123 0.0526316
0 0.317178 0.729825 0.00674847 0.0912281
0 0.327147 0.586842 0.00460123 0.0754386
0 0.432209 0.745614 0.00552147 0.0912281
0 0.42684 0.564035 0.00521472 0.0719298
0 0.398926 0.70614 0.00460123 0.0754386
0 0.40184 0.364912 0.00368098 0.0596491
0 0.461963 0.603509 0.00552147 0.0736842
0 0.547546 0.462281 0.00429448 0.0684211
0 0.522239 0.357895 0.00337423 0.0526316
0 0.404294 0.627193 0.00490798 0.0859649
0 0.322239 0.602632 0.00521472 0.0754386
0 0.448313 0.461404 0.00398773 0.0701754
0 0.545552 0.651754 0.00582822 0.0894737
0 0.377607 0.458772 0.00429448 0.0684211
0 0.449693 0.718421 0.00613497 0.0929825
0 0.409356 0.720175 0.00644172 0.0964912
0 0.37454 0.615789 0.00552147 0.0982456
