0 0.5 0.260526 0.00306748 0.0438596
0 0.446012 0.459649 0.00306748 0.0666667
0 0.423773 0.235088 0.00276074 0.0315789
0 0.440951 0.169298 0.00214724 0.0368421
0 0.487117 0.224561 0.00245399 0.0421053
0 0.451074 0.415789 0.00398773 0.0631579
0 0.710276 0.334211 0.00337423 0.054386
0 0.516104 0.179825 0.00214724 0.0368421
0 0.51135 0.32807 0.00368098 0.0561404
0 0.452761 0.345614 0.00368098 0.0631579
0 0.461196 0.314035 0.00337423 0.0491228
0 0.582209 0.282456 0.00306748 0.0491228
0 0.258282 0.341228 0.00368098 0.0578947
0 0.526841 0.414035 0.00398773 0.0631579
0 0.38911 0.553509 0.00521472 0.0789474
0 0.504141 0.410526 0.00398773 0.0631579
0 0.423773 0.325439 0.00337423 0.054386
0 0.423926 0.375439 0.00368098 0.0596491
0 0.592485 0.474561 0.00460123 0.0684211
0 0.365337 0.7 0.00613497 0.0912281
0 0.466564 0.45614 0.00429448 0.0736842
0 0.465184 0.576316 0.00521472 0.0789474
0 0.476534 0.704386 0.00582822 0.0929825
