0 0.43865 0.181579 0.00245399 0.0403509
0 0.462117 0.388597 0.00337423 0.054386
0 0.504908 0.158772 0.00245399 0.0368421
0 0.504755 0.333333 0.00337423 0.0526316
0 0.488037 0.19386 0.00245399 0.0403509
0 0.516104 0.238596 0.00276074 0.045614
0 0.452301 0.347368 0.00337423 0.0561404
0 0.495552 0.220175 0.00276074 0.0403509
0 0.551687 0.232456 0.00276074 0.0473684
0 0.694172 0.300877 0.00306748 0.054386
0 0.438037 0.286842 0.00306748 0.0508772
0 0.469479 0.159649 0.00337423 0.045614
0 0.472239 0.244737 0.00276074 0.0438596
0 0.404601 0.464035 0.00429448 0.0649123
0 0.422393 0.349123 0.00368098 0.0561404
0 0.60046 0.414035 0.00398773 0.0631579
0 0.42408 0.27193 0.00337423 0.0526316
0 0.52316 0.308772 0.00337423 0.0526316
0 0.259356 0.332456 0.00337423 0.054386
0 0.470706 0.464035 0.00460123 0.0649123
0 0.391718 0.594737 0.00552147 0.0807018
0 0.47592 0.374561 0.00337423 0.0614035
0 0.495552 0.676316 0.00582822 0.0894737
