0 0.445706 0.179825 0.00245399 0.0368421
0 0.508896 0.158772 0.00245399 0.0368421
0 0.406442 0.473684 0.00429448 0.0526316
0 0.521012 0.290351 0.00276074 0.0438596
0 0.696319 0.301754 0.00306748 0.0491228
0 0.259356 0.332456 0.00337423 0.0578947
0 0.555368 0.235965 0.00276074 0.0438596
0 0.477454 0.244737 0.00276074 0.0403509
0 0.501227 0.223684 0.00245399 0.0403509
0 0.472699 0.380702 0.00306748 0.0596491
0 0.487577 0.199123 0.00276074 0.0403509
0 0.428374 0.346491 0.00337423 0.054386
0 0.46227 0.364912 0.00368098 0.0561404
0 0.434356 0.286842 0.00306748 0.054386
0 0.526227 0.242105 0.00276074 0.045614
0 0.468865 0.159649 0.00337423 0.0421053
0 0.603834 0.414912 0.00398773 0.0649123
0 0.479601 0.398246 0.00398773 0.0631579
0 0.510583 0.319298 0.00337423 0.0491228
0 0.425613 0.274561 0.00337423 0.054386
0 0.480982 0.467544 0.00429448 0.0649123
0 0.393252 0.618421 0.00552147 0.0824561
0 0.501227 0.698246 0.00613497 0.0877193
