0 0.527454 0.165789 0.00276074 0.0333333
0 0.287423 0.354386 0.00368098 0.0526316
0 0.640031 0.198246 0.00276074 0.0421053
0 0.615644 0.362281 0.00368098 0.054386
0 0.737883 0.325439 0.00337423 0.054386
0 0.485123 0.345614 0.00337423 0.0561404
0 0.50092 0.227193 0.00368098 0.0403509
0 0.489724 0.315789 0.00337423 0.0526316
0 0.711656 0.404386 0.00368098 0.0508772
0 0.615337 0.257895 0.00306748 0.0491228
0 0.63727 0.347368 0.00337423 0.0561404
0 0.542945 0.314912 0.00306748 0.0473684
0 0.486963 0.384211 0.00337423 0.0561404
0 0.522699 0.27807 0.00306748 0.0508772
0 0.55138 0.22807 0.00276074 0.045614
0 0.48865 0.521053 0.00490798 0.0701754
0 0.502147 0.19386 0.00368098 0.0438596
0 0.629141 0.458772 0.00429448 0.0684211
0 0.616411 0.561404 0.00521472 0.0736842
0 0.499847 0.601754 0.00521472 0.0842105
0 0.722853 0.523684 0.00521472 0.0754386
0 0.633589 0.716667 0.00644172 0.0894737
0 0.538804 0.409649 0.00460123 0.0614035
