0 0.503221 0.216667 0.00337423 0.0368421
0 0.615184 0.250877 0.00276074 0.045614
0 0.725 0.307895 0.00337423 0.0473684
0 0.492331 0.307895 0.00306748 0.054386
0 0.640491 0.192982 0.00245399 0.0421053
0 0.626687 0.322807 0.00306748 0.0526316
0 0.610583 0.339474 0.00337423 0.0508772
0 0.539877 0.294737 0.00306748 0.0421053
0 0.520706 0.264912 0.00276074 0.0421053
0 0.55138 0.22193 0.00276074 0.0438596
0 0.52454 0.166667 0.00306748 0.0315789
0 0.71411 0.373684 0.00368098 0.0491228
0 0.48911 0.375439 0.00398773 0.0631579
0 0.490644 0.499123 0.00398773 0.0684211
0 0.502454 0.571053 0.00490798 0.0754386
0 0.503681 0.192982 0.00368098 0.0421053
0 0.48681 0.331579 0.00368098 0.0596491
0 0.287883 0.35 0.00398773 0.054386
0 0.617178 0.45 0.00429448 0.0684211
0 0.727454 0.519298 0.00521472 0.077193
0 0.61089 0.532456 0.00460123 0.0684211
0 0.632822 0.675439 0.00613497 0.0842105
0 0.534816 0.404386 0.00398773 0.0684211
