0 0.557975 0.27807 0.00306748 0.0403509
0 0.483282 0.503509 0.00398773 0.0631579
0 0.47316 0.425439 0.00398773 0.0684211
0 0.435123 0.228947 0.00276074 0.0368421
0 0.485429 0.519298 0.00460123 0.0631579
0 0.500307 0.277193 0.00306748 0.0491228
0 0.491718 0.234211 0.00245399 0.0403509
0 0.55 0.383333 0.00368098 0.0578947
0 0.480982 0.305263 0.00306748 0.0491228
0 0.51135 0.171053 0.00245399 0.0333333
0 0.256902 0.34386 0.00337423 0.0561404
0 0.441564 0.190351 0.00276074 0.0403509
0 0.593865 0.269298 0.00306748 0.0508772
0 0.709663 0.323684 0.00337423 0.054386
0 0.410736 0.463158 0.00429448 0.0596491
0 0.469939 0.439474 0.00306748 0.0719298
0 0.404601 0.522807 0.00490798 0.0736842
0 0.589724 0.402632 0.00398773 0.0614035
0 0.428528 0.317544 0.00429448 0.0596491
0 0.421012 0.338596 0.00337423 0.0526316
0 0.463957 0.368421 0.00398773 0.0561404
0 0.42408 0.390351 0.00337423 0.054386
0 0.56411 0.7 0.00613497 0.0912281
