0 0.622086 0.335088 0.00306748 0.0526316
0 0.50138 0.385965 0.00460123 0.0701754
0 0.520706 0.163158 0.00276074 0.0421053
0 0.453374 0.453509 0.00429448 0.0508772
0 0.609969 0.240351 0.00276074 0.045614
0 0.530368 0.210526 0.00245399 0.0385965
0 0.496626 0.269298 0.00306748 0.0508772
0 0.475307 0.216667 0.00337423 0.0508772
0 0.712117 0.312281 0.00337423 0.0561404
0 0.506135 0.457018 0.00429448 0.0684211
0 0.436043 0.528947 0.00521472 0.0684211
0 0.507669 0.275439 0.00306748 0.0491228
0 0.624386 0.357895 0.00337423 0.0561404
0 0.493252 0.333333 0.00429448 0.0596491
0 0.473466 0.301754 0.00337423 0.0526316
0 0.469479 0.189474 0.00337423 0.0491228
0 0.492638 0.418421 0.00368098 0.0789474
0 0.267791 0.337719 0.00368098 0.0614035
0 0.517638 0.508772 0.00460123 0.0701754
0 0.465951 0.364912 0.00368098 0.0596491
0 0.564571 0.701754 0.00644172 0.0877193
0 0.45184 0.327193 0.00429448 0.0614035
0 0.586656 0.265789 0.00337423 0.054386
