0 0.712883 0.335088 0.00368098 0.0561404
0 0.455521 0.205263 0.00245399 0.045614
0 0.542638 0.210526 0.00245399 0.0421053
0 0.593712 0.334211 0.00337423 0.054386
0 0.267025 0.341228 0.00276074 0.0578947
0 0.47408 0.522807 0.00460123 0.0736842
0 0.452607 0.424561 0.00398773 0.0666667
0 0.438804 0.233333 0.00276074 0.045614
0 0.465491 0.439474 0.00337423 0.0684211
0 0.521166 0.329825 0.00368098 0.0561404
0 0.513037 0.252632 0.00276074 0.045614
0 0.544632 0.424561 0.00398773 0.0631579
0 0.414571 0.415789 0.00398773 0.0666667
0 0.443098 0.309649 0.00337423 0.0578947
0 0.459202 0.592105 0.00490798 0.0789474
0 0.480982 0.305263 0.00368098 0.0491228
0 0.480982 0.266667 0.00306748 0.045614
0 0.392638 0.660526 0.00613497 0.0894737
0 0.611656 0.508772 0.00490798 0.0736842
0 0.407055 0.424561 0.00429448 0.0666667
0 0.39954 0.549123 0.00460123 0.0736842
0 0.483896 0.432456 0.00398773 0.0614035
0 0.508742 0.687719 0.00582822 0.0912281
