0 0.53727 0.407895 0.00398773 0.0614035
0 0.526687 0.163158 0.00306748 0.0385965
0 0.640031 0.196491 0.00276074 0.0421053
0 0.615184 0.354386 0.00337423 0.0491228
0 0.615491 0.25614 0.00276074 0.0491228
0 0.501687 0.222807 0.00337423 0.0385965
0 0.734816 0.321053 0.00337423 0.0526316
0 0.488037 0.382456 0.00368098 0.0596491
0 0.712883 0.399123 0.00368098 0.054386
0 0.551687 0.226316 0.00276074 0.0421053
0 0.522086 0.272807 0.00306748 0.0473684
0 0.542331 0.307895 0.00306748 0.0473684
0 0.48589 0.340351 0.00368098 0.0561404
0 0.501227 0.585965 0.00490798 0.0807018
0 0.489724 0.514912 0.00460123 0.0649123
0 0.634816 0.339474 0.00337423 0.054386
0 0.490644 0.314912 0.00337423 0.054386
0 0.502301 0.19386 0.00398773 0.0403509
0 0.617178 0.555263 0.00490798 0.0684211
0 0.725613 0.529825 0.00521472 0.077193
0 0.287117 0.351754 0.00429448 0.054386
0 0.626074 0.453509 0.00429448 0.0684211
0 0.634356 0.702632 0.00613497 0.0894737
