0 0.527147 0.319298 0.00398773 0.0561404
0 0.476687 0.458772 0.00429448 0.0649123
0 0.711196 0.314035 0.00337423 0.0491228
0 0.527454 0.437719 0.00398773 0.0473684
0 0.50184 0.264912 0.00306748 0.0491228
0 0.477607 0.367544 0.00368098 0.0614035
0 0.493712 0.213158 0.00276074 0.0473684
0 0.599387 0.259649 0.00306748 0.0491228
0 0.545092 0.208772 0.00245399 0.0421053
0 0.518405 0.275439 0.00306748 0.045614
0 0.523313 0.166667 0.00306748 0.0315789
0 0.619939 0.22193 0.00245399 0.0473684
0 0.48589 0.191228 0.00306748 0.045614
0 0.464724 0.538597 0.00490798 0.0736842
0 0.525767 0.369298 0.00368098 0.0578947
0 0.472853 0.32193 0.00337423 0.054386
0 0.484663 0.298246 0.00306748 0.0526316
0 0.660276 0.348246 0.00337423 0.0508772
0 0.504448 0.404386 0.00398773 0.0719298
0 0.540031 0.518421 0.00460123 0.0719298
0 0.275153 0.337719 0.00429448 0.0578947
0 0.589724 0.715789 0.00644172 0.0947368
0 0.657209 0.404386 0.00460123 0.0684211
