0 0.406902 0.392105 0.00276074 0.054386
0 0.463804 0.378947 0.00368098 0.0596491
0 0.470245 0.187719 0.00245399 0.0421053
0 0.248466 0.355263 0.00245399 0.0578947
0 0.423926 0.292105 0.00306748 0.0508772
0 0.457209 0.520175 0.00460123 0.0754386
0 0.443865 0.50614 0.00429448 0.0719298
0 0.48589 0.376316 0.00368098 0.0578947
0 0.448006 0.264912 0.00276074 0.0491228
0 0.585583 0.298246 0.00306748 0.0526316
0 0.711043 0.35 0.00368098 0.0578947
0 0.405368 0.425439 0.00460123 0.0719298
0 0.426687 0.491228 0.00429448 0.0631579
0 0.515644 0.505263 0.00429448 0.0736842
0 0.515491 0.391228 0.00398773 0.0631579
0 0.415337 0.304386 0.00306748 0.0578947
0 0.430675 0.723684 0.00613497 0.0964912
0 0.417638 0.515789 0.00398773 0.0701754
0 0.401994 0.448246 0.00582822 0.0789474
0 0.365491 0.739474 0.00644172 0.0964912
0 0.430368 0.614035 0.00552147 0.0807018
0 0.538344 0.557895 0.00429448 0.0701754
0 0.38773 0.565789 0.00368098 0.0614035
