0 0.703374 0.353509 0.00368098 0.0578947
0 0.466104 0.52193 0.00521472 0.0684211
0 0.481902 0.399123 0.00429448 0.0614035
0 0.471012 0.520175 0.00460123 0.0719298
0 0.510429 0.52807 0.00490798 0.077193
0 0.252761 0.35614 0.00306748 0.0631579
0 0.43819 0.328947 0.00337423 0.0578947
0 0.457669 0.270175 0.00306748 0.0491228
0 0.580982 0.296491 0.00306748 0.0526316
0 0.512117 0.374561 0.00337423 0.0578947
0 0.453681 0.607018 0.00490798 0.077193
0 0.528528 0.397368 0.00368098 0.0614035
0 0.477454 0.207018 0.00276074 0.0491228
0 0.457975 0.681579 0.00613497 0.0894737
0 0.550307 0.512281 0.00490798 0.0736842
0 0.427454 0.322807 0.00337423 0.0596491
0 0.567025 0.536842 0.00460123 0.0701754
0 0.407515 0.412281 0.00398773 0.0631579
0 0.41181 0.465789 0.00460123 0.0649123
0 0.377607 0.729825 0.00613497 0.0947368
0 0.425307 0.444737 0.00398773 0.0684211
0 0.437883 0.439474 0.00276074 0.0649123
0 0.397546 0.587719 0.00429448 0.0736842
