0 0.704295 0.354386 0.00368098 0.0596491
0 0.253067 0.357895 0.00306748 0.0631579
0 0.481595 0.398246 0.00429448 0.0631579
0 0.531288 0.396491 0.00429448 0.0631579
0 0.468252 0.521053 0.00460123 0.0701754
0 0.515951 0.52193 0.00490798 0.0754386
0 0.459509 0.269298 0.00306748 0.0438596
0 0.47454 0.520175 0.00490798 0.0719298
0 0.439724 0.333333 0.00337423 0.0561404
0 0.515031 0.374561 0.00368098 0.0578947
0 0.580828 0.298246 0.00337423 0.0526316
0 0.478681 0.207018 0.00276074 0.0491228
0 0.437883 0.435088 0.00276074 0.0666667
0 0.460276 0.67807 0.00582822 0.0859649
0 0.552454 0.515789 0.00490798 0.077193
0 0.567945 0.535088 0.00460123 0.0736842
0 0.428681 0.32193 0.00337423 0.0578947
0 0.455368 0.607018 0.00582822 0.077193
0 0.412577 0.466667 0.00429448 0.0631579
0 0.409049 0.412281 0.00398773 0.0631579
0 0.398773 0.586842 0.00429448 0.0754386
0 0.378528 0.72807 0.00613497 0.0947368
0 0.425767 0.446491 0.00429448 0.0684211
