0 0.759816 0.37807 0.00368098 0.0508772
0 0.497086 0.230702 0.00276074 0.0438596
0 0.291718 0.35614 0.00245399 0.0491228
0 0.792178 0.40614 0.00398773 0.0614035
0 0.54862 0.174561 0.00337423 0.0403509
0 0.48681 0.335965 0.00306748 0.054386
0 0.505368 0.226316 0.00276074 0.045614
0 0.497086 0.595614 0.00521472 0.0789474
0 0.730368 0.723684 0.00613497 0.0929825
0 0.653528 0.414035 0.00398773 0.0631579
0 0.663804 0.341228 0.00368098 0.0578947
0 0.528221 0.453509 0.00429448 0.0684211
0 0.577761 0.237719 0.00276074 0.0438596
0 0.490031 0.364035 0.00337423 0.0578947
0 0.541564 0.457018 0.00398773 0.0649123
0 0.657975 0.199123 0.00306748 0.0403509
0 0.554908 0.364912 0.00368098 0.0596491
0 0.616411 0.492105 0.00460123 0.0719298
0 0.563957 0.407895 0.00337423 0.0684211
0 0.665951 0.548246 0.00490798 0.0719298
0 0.773773 0.522807 0.00460123 0.0736842
0 0.802761 0.582456 0.00552147 0.0807018
0 0.51089 0.659649 0.00582822 0.0877193
