0 0.533282 0.397368 0.00398773 0.0614035
0 0.63681 0.188596 0.00245399 0.0368421
0 0.492331 0.222807 0.00245399 0.0421053
0 0.483589 0.401754 0.00337423 0.0631579
0 0.641871 0.425439 0.00398773 0.0649123
0 0.753374 0.335088 0.00368098 0.0596491
0 0.288497 0.337719 0.00337423 0.0649123
0 0.627301 0.264912 0.00306748 0.0491228
0 0.665491 0.333333 0.00337423 0.0596491
0 0.660736 0.327193 0.00368098 0.0578947
0 0.490951 0.316667 0.00337423 0.0578947
0 0.503374 0.210526 0.00306748 0.045614
0 0.550153 0.314035 0.00337423 0.0561404
0 0.557975 0.227193 0.00245399 0.0438596
0 0.712577 0.503509 0.00490798 0.0736842
0 0.540798 0.280702 0.00306748 0.0491228
0 0.534049 0.17193 0.00306748 0.0350877
0 0.480521 0.364912 0.00460123 0.0666667
0 0.671319 0.465789 0.00460123 0.0684211
0 0.595706 0.722807 0.00613497 0.0912281
0 0.479908 0.517544 0.00460123 0.0736842
0 0.577301 0.530702 0.00490798 0.0754386
0 0.47684 0.679825 0.00582822 0.0894737
