0 0.500153 0.224561 0.00276074 0.045614
0 0.72684 0.266667 0.00276074 0.0491228
0 0.616564 0.189474 0.00245399 0.0421053
0 0.619939 0.169298 0.00306748 0.0438596
0 0.551074 0.303509 0.00337423 0.0526316
0 0.480215 0.25 0.00214724 0.0438596
0 0.701994 0.421053 0.00398773 0.0596491
0 0.531902 0.230702 0.00306748 0.0368421
0 0.606288 0.258772 0.00337423 0.0473684
0 0.609049 0.325439 0.00337423 0.054386
0 0.558282 0.184211 0.00245399 0.0421053
0 0.489417 0.189474 0.00337423 0.0421053
0 0.480061 0.460526 0.00429448 0.0649123
0 0.644785 0.375439 0.00368098 0.0561404
0 0.481595 0.334211 0.00306748 0.0578947
0 0.530368 0.154386 0.00306748 0.045614
0 0.479141 0.29386 0.00306748 0.054386
0 0.52546 0.187719 0.00368098 0.045614
0 0.289877 0.325439 0.00368098 0.0649123
0 0.599847 0.244737 0.00337423 0.0473684
0 0.48727 0.552632 0.00521472 0.077193
0 0.556595 0.431579 0.00398773 0.0631579
0 0.615951 0.624561 0.00552147 0.0842105
