0 0.486656 0.337719 0.00337423 0.054386
0 0.531902 0.170175 0.00245399 0.0315789
0 0.75184 0.349123 0.00368098 0.0561404
0 0.635276 0.20614 0.00245399 0.0438596
0 0.622853 0.419298 0.00398773 0.0596491
0 0.499233 0.199123 0.00337423 0.0403509
0 0.280215 0.355263 0.00337423 0.0508772
0 0.615491 0.271053 0.00276074 0.0473684
0 0.702761 0.457895 0.00429448 0.0561404
0 0.548926 0.236842 0.00276074 0.045614
0 0.495399 0.234211 0.00368098 0.0403509
0 0.647239 0.367544 0.00368098 0.0614035
0 0.523926 0.291228 0.00306748 0.0491228
0 0.544632 0.346491 0.00337423 0.054386
0 0.479908 0.407895 0.00337423 0.054386
0 0.473466 0.544737 0.00460123 0.0719298
0 0.479601 0.373684 0.00398773 0.0561404
0 0.641104 0.457895 0.00429448 0.0631579
0 0.596626 0.578947 0.00490798 0.0807018
0 0.721779 0.525439 0.00552147 0.0789474
0 0.613804 0.752632 0.00674847 0.0982456
0 0.532055 0.421053 0.00460123 0.0631579
0 0.481595 0.660526 0.00613497 0.0894737
