0 0.627454 0.272807 0.00337423 0.0438596
0 0.743712 0.290351 0.00337423 0.0508772
0 0.62684 0.284211 0.00398773 0.0526316
0 0.49908 0.195614 0.00245399 0.0403509
0 0.512883 0.194737 0.00306748 0.0421053
0 0.617945 0.209649 0.00276074 0.0438596
0 0.530828 0.162281 0.00214724 0.0368421
0 0.623466 0.177193 0.00214724 0.0280702
0 0.548159 0.333333 0.00368098 0.0596491
0 0.515798 0.237719 0.00276074 0.0438596
0 0.656595 0.417544 0.00398773 0.0596491
0 0.484663 0.274561 0.00245399 0.0508772
0 0.558282 0.191228 0.00245399 0.0421053
0 0.483589 0.35614 0.00337423 0.0596491
0 0.537577 0.257018 0.00276074 0.0403509
0 0.291258 0.326316 0.00337423 0.0631579
0 0.700613 0.442982 0.00429448 0.0684211
0 0.613497 0.358772 0.00368098 0.0578947
0 0.480982 0.319298 0.00368098 0.0631579
0 0.479908 0.483333 0.00460123 0.0719298
0 0.612423 0.666667 0.00582822 0.0877193
0 0.488957 0.615789 0.00552147 0.0842105
0 0.566411 0.47193 0.00460123 0.0666667
