0 0.737423 0.355263 0.00368098 0.054386
0 0.444018 0.381579 0.00337423 0.0438596
0 0.55 0.385965 0.00368098 0.0596491
0 0.444325 0.408772 0.00460123 0.0596491
0 0.556135 0.292105 0.00306748 0.0473684
0 0.499693 0.530702 0.00490798 0.0578947
0 0.595245 0.323684 0.00337423 0.054386
0 0.617331 0.413158 0.00398773 0.0614035
0 0.479908 0.541228 0.00828221 0.054386
0 0.447239 0.510526 0.00429448 0.0736842
0 0.540644 0.234211 0.00276074 0.0438596
0 0.267331 0.374561 0.00398773 0.0649123
0 0.576841 0.585965 0.00521472 0.0736842
0 0.607822 0.494737 0.00460123 0.0701754
0 0.509356 0.451754 0.00337423 0.0719298
0 0.480828 0.381579 0.00276074 0.054386
0 0.470552 0.411404 0.00368098 0.054386
0 0.641411 0.550877 0.00490798 0.0701754
0 0.527454 0.455263 0.00398773 0.0614035
0 0.424233 0.682456 0.00613497 0.0877193
0 0.434663 0.594737 0.00306748 0.0701754
0 0.513497 0.637719 0.00552147 0.0824561
0 0.453374 0.486842 0.00429448 0.0649123
