0 0.296012 0.357018 0.00306748 0.0473684
0 0.500767 0.236842 0.00276074 0.045614
0 0.793558 0.586842 0.00552147 0.0859649
0 0.790184 0.557895 0.00490798 0.0701754
0 0.791411 0.391228 0.00368098 0.0596491
0 0.755521 0.738596 0.00674847 0.0912281
0 0.587423 0.24386 0.00245399 0.0421053
0 0.528988 0.622807 0.00582822 0.0701754
0 0.555521 0.178947 0.00306748 0.0350877
0 0.507822 0.231579 0.00276074 0.0421053
0 0.56411 0.383333 0.00368098 0.0578947
0 0.539417 0.482456 0.00460123 0.0666667
0 0.69954 0.599123 0.00521472 0.0649123
0 0.494939 0.380702 0.00337423 0.0561404
0 0.675 0.434211 0.00398773 0.0649123
0 0.654141 0.494737 0.00460123 0.0701754
0 0.769172 0.418421 0.00398773 0.0649123
0 0.661503 0.218421 0.00276074 0.0368421
0 0.571932 0.409649 0.00337423 0.0684211
0 0.686963 0.384211 0.00276074 0.0491228
0 0.550614 0.47193 0.00429448 0.0666667
0 0.487883 0.358772 0.00276074 0.0578947
0 0.546012 0.666667 0.00552147 0.0877193
