0 0.704601 0.354386 0.00368098 0.0596491
0 0.253374 0.357895 0.00306748 0.0666667
0 0.460736 0.267544 0.00306748 0.0438596
0 0.531748 0.395614 0.00398773 0.0614035
0 0.482975 0.400877 0.00398773 0.0649123
0 0.516258 0.374561 0.00368098 0.0578947
0 0.440491 0.335088 0.00368098 0.0561404
0 0.580675 0.297368 0.00306748 0.054386
0 0.468865 0.524561 0.00460123 0.0701754
0 0.437883 0.432456 0.00276074 0.0684211
0 0.479294 0.207018 0.00276074 0.0491228
0 0.462577 0.679825 0.00613497 0.0859649
0 0.553068 0.516667 0.00490798 0.0754386
0 0.412883 0.468421 0.00429448 0.0631579
0 0.476227 0.523684 0.00460123 0.0719298
0 0.568252 0.532456 0.00460123 0.0719298
0 0.517485 0.523684 0.00490798 0.0754386
0 0.429448 0.32193 0.00306748 0.0578947
0 0.409663 0.412281 0.00398773 0.0631579
0 0.399386 0.588596 0.00429448 0.0719298
0 0.455215 0.607018 0.00552147 0.077193
0 0.426227 0.447368 0.00398773 0.0666667
0 0.378834 0.728947 0.00613497 0.0964912
