0 0.46227 0.389474 0.00368098 0.0491228
0 0.75 0.346491 0.00368098 0.0578947
0 0.534663 0.451754 0.00429448 0.0614035
0 0.525 0.388597 0.00398773 0.0614035
0 0.563497 0.451754 0.00429448 0.0649123
0 0.475614 0.503509 0.00460123 0.0701754
0 0.464417 0.389474 0.00368098 0.0526316
0 0.470706 0.435965 0.00337423 0.0578947
0 0.510583 0.397368 0.00521472 0.0684211
0 0.668558 0.42193 0.00398773 0.0649123
0 0.454601 0.511404 0.00490798 0.0684211
0 0.587423 0.370175 0.00368098 0.0596491
0 0.58865 0.287719 0.00306748 0.0491228
0 0.653988 0.467544 0.00429448 0.0684211
0 0.28727 0.360526 0.00398773 0.0754386
0 0.554141 0.214035 0.00276074 0.0421053
0 0.561656 0.420175 0.00368098 0.0649123
0 0.620552 0.596491 0.00552147 0.0736842
0 0.623466 0.299123 0.00337423 0.054386
0 0.682975 0.559649 0.00521472 0.077193
0 0.541564 0.337719 0.00337423 0.0614035
0 0.657209 0.579825 0.00521472 0.0719298
