0 0.705215 0.357895 0.00368098 0.0596491
0 0.249693 0.354386 0.00306748 0.0596491
0 0.455215 0.505263 0.00306748 0.0631579
0 0.403988 0.414035 0.00368098 0.0631579
0 0.582822 0.294737 0.00306748 0.0526316
0 0.427454 0.307018 0.00337423 0.0561404
0 0.472239 0.392105 0.00398773 0.0614035
0 0.419939 0.316667 0.00306748 0.0578947
0 0.535123 0.504386 0.00460123 0.0684211
0 0.5 0.376316 0.00368098 0.0614035
0 0.429755 0.470175 0.00306748 0.0666667
0 0.474387 0.194737 0.00276074 0.0491228
0 0.452761 0.272807 0.00306748 0.0508772
0 0.409816 0.462281 0.00429448 0.0684211
0 0.450153 0.497368 0.00337423 0.0684211
0 0.485583 0.522807 0.00490798 0.0736842
0 0.521319 0.394737 0.00398773 0.0631579
0 0.416718 0.436842 0.00398773 0.0701754
0 0.442638 0.611404 0.00552147 0.0789474
0 0.443252 0.698246 0.00613497 0.0947368
0 0.392791 0.581579 0.00398773 0.0719298
0 0.555368 0.555263 0.00460123 0.0719298
0 0.373466 0.742982 0.00644172 0.0964912
