0 0.294325 0.354386 0.00276074 0.0491228
0 0.500307 0.228947 0.00245399 0.0438596
0 0.796166 0.401754 0.00398773 0.0596491
0 0.768558 0.407895 0.00398773 0.0578947
0 0.683436 0.564912 0.00490798 0.0491228
0 0.680061 0.369298 0.00306748 0.0508772
0 0.670399 0.423684 0.00398773 0.0578947
0 0.506902 0.228947 0.00276074 0.0438596
0 0.801227 0.586842 0.00552147 0.0824561
0 0.539877 0.47193 0.00429448 0.0596491
0 0.786656 0.548246 0.00460123 0.0719298
0 0.515491 0.600877 0.00521472 0.0649123
0 0.553068 0.178947 0.00306748 0.0385965
0 0.560736 0.37807 0.00368098 0.0578947
0 0.494785 0.373684 0.00368098 0.0561404
0 0.584509 0.242105 0.00276074 0.045614
0 0.488037 0.350877 0.00306748 0.0596491
0 0.659969 0.210526 0.00276074 0.0385965
0 0.743712 0.722807 0.00644172 0.0842105
0 0.546933 0.469298 0.00429448 0.0649123
0 0.641411 0.494737 0.00429448 0.0701754
0 0.534509 0.65 0.00582822 0.0824561
0 0.571012 0.411404 0.00337423 0.0649123
