0 0.457822 0.509649 0.00398773 0.0649123
0 0.25 0.355263 0.00368098 0.0614035
0 0.703681 0.355263 0.00368098 0.0614035
0 0.474847 0.392105 0.00368098 0.0614035
0 0.456442 0.503509 0.00368098 0.0666667
0 0.434202 0.463158 0.00276074 0.0631579
0 0.404141 0.413158 0.00398773 0.0614035
0 0.430215 0.307895 0.00337423 0.054386
0 0.445245 0.612281 0.00460123 0.0807018
0 0.582669 0.294737 0.00337423 0.0526316
0 0.409969 0.464035 0.00460123 0.0684211
0 0.475153 0.199123 0.00306748 0.0508772
0 0.53819 0.504386 0.00460123 0.0719298
0 0.503374 0.374561 0.00368098 0.0578947
0 0.52408 0.396491 0.00398773 0.0631579
0 0.493252 0.526316 0.00490798 0.077193
0 0.454294 0.274561 0.00306748 0.0508772
0 0.422086 0.320175 0.00306748 0.0578947
0 0.419172 0.440351 0.00398773 0.0701754
0 0.394479 0.580702 0.00429448 0.0736842
0 0.447546 0.69386 0.00613497 0.0929825
0 0.375 0.739474 0.00644172 0.0964912
0 0.559509 0.550877 0.00429448 0.0701754
