0 0.76273 0.382456 0.00398773 0.045614
0 0.764877 0.390351 0.00398773 0.0578947
0 0.292638 0.352632 0.00245399 0.0491228
0 0.497699 0.231579 0.00276074 0.0421053
0 0.50046 0.592105 0.00521472 0.0754386
0 0.795245 0.409649 0.00398773 0.0578947
0 0.621779 0.491228 0.00490798 0.0701754
0 0.505368 0.22807 0.00276074 0.045614
0 0.530982 0.457895 0.00429448 0.0701754
0 0.549847 0.174561 0.00337423 0.0403509
0 0.658129 0.412281 0.00398773 0.0631579
0 0.579601 0.238596 0.00276074 0.045614
0 0.667945 0.346491 0.00337423 0.0578947
0 0.48727 0.339474 0.00337423 0.0578947
0 0.491411 0.365789 0.00306748 0.0578947
0 0.658282 0.200877 0.00306748 0.0403509
0 0.776841 0.531579 0.00521472 0.0701754
0 0.556135 0.369298 0.00368098 0.0578947
0 0.513957 0.657018 0.00644172 0.0824561
0 0.804141 0.582456 0.00521472 0.0807018
0 0.668558 0.546491 0.00521472 0.0719298
0 0.543098 0.462281 0.00398773 0.0649123
0 0.731288 0.720175 0.00613497 0.0929825
0 0.565491 0.410526 0.00337423 0.0666667
