0 0.494325 0.287719 0.00337423 0.0421053
0 0.294939 0.37193 0.00276074 0.0561404
0 0.716564 0.541228 0.00674847 0.0894737
0 0.708436 0.652632 0.00644172 0.0982456
0 0.705521 0.677193 0.00613497 0.0947368
0 0.762577 0.372807 0.00368098 0.0508772
0 0.721472 0.437719 0.00429448 0.0649123
0 0.51273 0.416667 0.00398773 0.0614035
0 0.561196 0.398246 0.00398773 0.0596491
0 0.503067 0.296491 0.00306748 0.0491228
0 0.508742 0.407895 0.00398773 0.0614035
0 0.529294 0.609649 0.00582822 0.0824561
0 0.507515 0.469298 0.00460123 0.0684211
0 0.731748 0.570175 0.00521472 0.077193
0 0.596012 0.272807 0.00306748 0.0473684
0 0.638957 0.487719 0.00490798 0.077193
0 0.53773 0.587719 0.00552147 0.0736842
0 0.56365 0.365789 0.00398773 0.0614035
0 0.547546 0.465789 0.00429448 0.0649123
0 0.630061 0.497368 0.00613497 0.0894737
0 0.656595 0.413158 0.00398773 0.0719298
0 0.568252 0.200877 0.00337423 0.0403509
0 0.64954 0.260526 0.00337423 0.0508772
