0 0.710736 0.357018 0.00368098 0.0578947
0 0.489417 0.405263 0.00398773 0.0631579
0 0.473926 0.270175 0.00306748 0.0491228
0 0.257362 0.361403 0.00429448 0.0666667
0 0.449693 0.357895 0.00368098 0.0596491
0 0.541564 0.398246 0.00398773 0.0631579
0 0.566258 0.522807 0.00490798 0.0736842
0 0.47592 0.526316 0.00398773 0.0736842
0 0.52362 0.37807 0.00368098 0.0578947
0 0.439417 0.425439 0.00276074 0.0649123
0 0.493252 0.527193 0.00490798 0.0649123
0 0.434969 0.32807 0.00306748 0.0596491
0 0.579448 0.303509 0.00306748 0.0526316
0 0.531595 0.518421 0.00490798 0.0719298
0 0.487883 0.214035 0.00276074 0.045614
0 0.428681 0.449123 0.00398773 0.0666667
0 0.471012 0.683333 0.00582822 0.0894737
0 0.572699 0.519298 0.00429448 0.0736842
0 0.415798 0.473684 0.00398773 0.0596491
0 0.463804 0.620175 0.00552147 0.0824561
0 0.40138 0.591228 0.00460123 0.0736842
0 0.415184 0.411404 0.00398773 0.0649123
0 0.37592 0.726316 0.00644172 0.0947368
