0 0.789571 0.396491 0.00368098 0.0491228
0 0.496472 0.230702 0.00276074 0.0438596
0 0.755982 0.37193 0.00398773 0.0491228
0 0.291411 0.355263 0.00245399 0.0508772
0 0.48681 0.334211 0.00306748 0.054386
0 0.548006 0.173684 0.00337423 0.0421053
0 0.650767 0.408772 0.00398773 0.0596491
0 0.505215 0.226316 0.00306748 0.045614
0 0.661196 0.336842 0.00337423 0.0561404
0 0.489417 0.363158 0.00337423 0.0561404
0 0.495245 0.595614 0.00521472 0.0754386
0 0.576841 0.235965 0.00276074 0.0438596
0 0.613037 0.486842 0.00460123 0.0719298
0 0.526074 0.45 0.00429448 0.0684211
0 0.657669 0.196491 0.00306748 0.0421053
0 0.553988 0.362281 0.00368098 0.0578947
0 0.772393 0.523684 0.00490798 0.0719298
0 0.540491 0.457895 0.00429448 0.0666667
0 0.664877 0.553509 0.00460123 0.0719298
0 0.506902 0.664912 0.00582822 0.0877193
0 0.56273 0.407895 0.00337423 0.0649123
0 0.802147 0.577193 0.00552147 0.0807018
0 0.730061 0.731579 0.00613497 0.0947368
