0 0.511196 0.47193 0.00460123 0.0596491
0 0.749693 0.347368 0.00368098 0.0596491
0 0.514724 0.479825 0.00429448 0.0614035
0 0.549233 0.414912 0.00398773 0.0684211
0 0.57454 0.361403 0.00368098 0.0561404
0 0.546166 0.45 0.00521472 0.0789474
0 0.468865 0.503509 0.00460123 0.0701754
0 0.467638 0.449123 0.00398773 0.0561404
0 0.655982 0.416667 0.00398773 0.0614035
0 0.583436 0.292105 0.00306748 0.0508772
0 0.58635 0.607895 0.00521472 0.0719298
0 0.514417 0.389474 0.00368098 0.0596491
0 0.640798 0.467544 0.00429448 0.0684211
0 0.672086 0.552632 0.00490798 0.0736842
0 0.469172 0.401754 0.00398773 0.0526316
0 0.617025 0.303509 0.00337423 0.0526316
0 0.455828 0.421053 0.00368098 0.0526316
0 0.280521 0.361403 0.00398773 0.0596491
0 0.532669 0.342105 0.00276074 0.0561404
0 0.492178 0.392982 0.00460123 0.0631579
0 0.545859 0.216667 0.00276074 0.0438596
0 0.454448 0.542105 0.00460123 0.0666667
0 0.639724 0.572807 0.00521472 0.0719298
