0 0.496626 0.212281 0.00245399 0.0385965
0 0.64862 0.165789 0.00337423 0.0438596
0 0.538037 0.160526 0.00306748 0.0403509
0 0.30092 0.334211 0.00306748 0.0508772
0 0.618712 0.312281 0.00306748 0.0526316
0 0.656135 0.230702 0.00245399 0.0403509
0 0.555675 0.335965 0.00337423 0.054386
0 0.567178 0.212281 0.00245399 0.0421053
0 0.613037 0.242982 0.00276074 0.0473684
0 0.735583 0.292105 0.00306748 0.0473684
0 0.543098 0.246491 0.00276074 0.0333333
0 0.490951 0.270175 0.00337423 0.0421053
0 0.670245 0.400877 0.00368098 0.0473684
0 0.509509 0.282456 0.00306748 0.0421053
0 0.492331 0.348246 0.00368098 0.054386
0 0.621779 0.339474 0.00368098 0.054386
0 0.583129 0.453509 0.00429448 0.0578947
0 0.487423 0.497368 0.00429448 0.0649123
0 0.754448 0.50614 0.00460123 0.0719298
0 0.48589 0.30614 0.00429448 0.0473684
0 0.517791 0.202632 0.00368098 0.0473684
0 0.494479 0.564912 0.00490798 0.077193
0 0.651534 0.702632 0.00613497 0.0929825
