0 0.696012 0.636842 0.00552147 0.0877193
0 0.294172 0.37193 0.00306748 0.0596491
0 0.488344 0.302632 0.00368098 0.0438596
0 0.497239 0.457018 0.00429448 0.0649123
0 0.617178 0.477193 0.00490798 0.0807018
0 0.713497 0.435088 0.00429448 0.0666667
0 0.76227 0.371053 0.00368098 0.054386
0 0.514417 0.411404 0.00368098 0.0614035
0 0.510736 0.403509 0.00368098 0.0596491
0 0.626994 0.476316 0.00552147 0.0789474
0 0.495552 0.310526 0.00460123 0.0561404
0 0.555061 0.395614 0.00398773 0.0578947
0 0.698006 0.658772 0.00582822 0.0824561
0 0.596012 0.276316 0.00306748 0.0508772
0 0.557209 0.357895 0.00337423 0.0596491
0 0.512117 0.585088 0.00521472 0.0789474
0 0.723466 0.569298 0.00521472 0.0789474
0 0.645399 0.265789 0.00306748 0.0508772
0 0.520245 0.564912 0.00490798 0.0807018
0 0.645706 0.407895 0.00429448 0.0719298
0 0.570245 0.203509 0.00306748 0.0421053
0 0.547853 0.463158 0.00429448 0.0666667
0 0.702147 0.512281 0.00552147 0.077193
