0 0.291104 0.355263 0.00306748 0.0473684
0 0.711963 0.311404 0.00306748 0.0438596
0 0.495552 0.22807 0.00276074 0.045614
0 0.766564 0.359649 0.00368098 0.0526316
0 0.542791 0.166667 0.00276074 0.0421053
0 0.50138 0.410526 0.00398773 0.0596491
0 0.622853 0.407895 0.00398773 0.0578947
0 0.753681 0.531579 0.00490798 0.0666667
0 0.569172 0.230702 0.00276074 0.0438596
0 0.654755 0.180702 0.00276074 0.0385965
0 0.552607 0.394737 0.00398773 0.0631579
0 0.481442 0.349123 0.00337423 0.0561404
0 0.485276 0.317544 0.00429448 0.0561404
0 0.779755 0.548246 0.00490798 0.0754386
0 0.59954 0.426316 0.00398773 0.0631579
0 0.54954 0.326316 0.00337423 0.0561404
0 0.635736 0.300877 0.00337423 0.0508772
0 0.477454 0.595614 0.00521472 0.0789474
0 0.484356 0.64386 0.00552147 0.0877193
0 0.52316 0.404386 0.00398773 0.0578947
0 0.505982 0.212281 0.00398773 0.045614
0 0.651841 0.590351 0.00552147 0.0789474
0 0.715644 0.764035 0.00613497 0.0929825
