0 0.534969 0.39386 0.00368098 0.0614035
0 0.63681 0.186842 0.00245399 0.0368421
0 0.627761 0.260526 0.00276074 0.0473684
0 0.753374 0.330702 0.00368098 0.0578947
0 0.483742 0.400877 0.00306748 0.0614035
0 0.288804 0.338596 0.00337423 0.0631579
0 0.493098 0.220175 0.00276074 0.0473684
0 0.491258 0.315789 0.00337423 0.0561404
0 0.712423 0.496491 0.00460123 0.0736842
0 0.540491 0.277193 0.00306748 0.0491228
0 0.664571 0.329825 0.00337423 0.0596491
0 0.503988 0.210526 0.00306748 0.045614
0 0.55046 0.308772 0.00337423 0.0491228
0 0.640951 0.423684 0.00398773 0.0649123
0 0.533896 0.170175 0.00276074 0.0350877
0 0.659816 0.321053 0.00368098 0.0596491
0 0.558129 0.222807 0.00276074 0.045614
0 0.671166 0.467544 0.00429448 0.0684211
0 0.480521 0.364035 0.00460123 0.0649123
0 0.596626 0.719298 0.00613497 0.0912281
0 0.480215 0.514912 0.00460123 0.0719298
0 0.577454 0.527193 0.00460123 0.0719298
0 0.477761 0.677193 0.00582822 0.0877193
