0 0.490031 0.545614 0.00521472 0.045614
0 0.743558 0.35 0.00368098 0.0578947
0 0.454755 0.499123 0.00460123 0.0614035
0 0.461196 0.387719 0.00460123 0.0596491
0 0.454294 0.470175 0.00490798 0.0561404
0 0.459969 0.422807 0.00398773 0.0561404
0 0.446166 0.551754 0.00398773 0.0649123
0 0.557055 0.371053 0.00368098 0.0578947
0 0.491411 0.39386 0.00368098 0.0614035
0 0.572546 0.294737 0.00337423 0.0491228
0 0.634509 0.414912 0.00398773 0.0649123
0 0.605982 0.314912 0.00337423 0.054386
0 0.621319 0.481579 0.00460123 0.0719298
0 0.480675 0.548246 0.00736196 0.0438596
0 0.507669 0.363158 0.00306748 0.0596491
0 0.521472 0.450877 0.00368098 0.0666667
0 0.442331 0.620175 0.00552147 0.0824561
0 0.539417 0.226316 0.00276074 0.045614
0 0.657669 0.549123 0.00490798 0.0736842
0 0.266871 0.375439 0.00429448 0.0631579
0 0.606902 0.573684 0.00521472 0.0736842
0 0.524693 0.65 0.00582822 0.0859649
0 0.530215 0.42807 0.00398773 0.0631579
