0 0.622239 0.188596 0.00276074 0.0403509
0 0.500153 0.22807 0.00276074 0.045614
0 0.604908 0.271053 0.00306748 0.0508772
0 0.717945 0.254386 0.00276074 0.045614
0 0.717791 0.433333 0.00429448 0.0666667
0 0.559202 0.190351 0.00245399 0.0403509
0 0.625153 0.167544 0.00368098 0.0438596
0 0.488957 0.191228 0.00306748 0.0421053
0 0.484663 0.457018 0.00429448 0.0649123
0 0.557515 0.298246 0.00337423 0.0526316
0 0.531442 0.15614 0.00337423 0.0421053
0 0.293098 0.328947 0.00337423 0.0649123
0 0.615491 0.316667 0.00337423 0.054386
0 0.642638 0.357018 0.00368098 0.0578947
0 0.53635 0.226316 0.00276074 0.045614
0 0.558436 0.416667 0.00398773 0.0614035
0 0.482362 0.288596 0.00337423 0.054386
0 0.484969 0.252632 0.00306748 0.0491228
0 0.52592 0.190351 0.00398773 0.0473684
0 0.493098 0.531579 0.00460123 0.0736842
0 0.592791 0.230702 0.00337423 0.0508772
0 0.48589 0.329825 0.00368098 0.0596491
0 0.621166 0.618421 0.00552147 0.0824561
