0 0.548466 0.371053 0.00368098 0.0684211
0 0.761043 0.365789 0.00368098 0.0508772
0 0.492485 0.548246 0.00521472 0.0754386
0 0.480215 0.325439 0.00337423 0.054386
0 0.548926 0.395614 0.00398773 0.0578947
0 0.611503 0.468421 0.00521472 0.0807018
0 0.500614 0.531579 0.00490798 0.0701754
0 0.701841 0.432456 0.00429448 0.0649123
0 0.486196 0.447368 0.00429448 0.0666667
0 0.595859 0.279825 0.00337423 0.0508772
0 0.601227 0.457895 0.00368098 0.0666667
0 0.547546 0.460526 0.00429448 0.0649123
0 0.711503 0.569298 0.00521472 0.0789474
0 0.290798 0.366667 0.00429448 0.0666667
0 0.486503 0.329825 0.00429448 0.0596491
0 0.548159 0.347368 0.00306748 0.0561404
0 0.677454 0.622807 0.00460123 0.0877193
0 0.571319 0.207895 0.00337423 0.0438596
0 0.628988 0.397368 0.00337423 0.0649123
0 0.510736 0.408772 0.00429448 0.0631579
0 0.516871 0.408772 0.00429448 0.0631579
0 0.640337 0.27193 0.00337423 0.0491228
0 0.687117 0.635965 0.00552147 0.0824561
0 0.68727 0.494737 0.00582822 0.0807018
