0 0.619172 0.319298 0.00337423 0.0491228
0 0.53865 0.161404 0.00306748 0.0421053
0 0.30046 0.337719 0.00337423 0.0508772
0 0.66089 0.229825 0.00276074 0.0315789
0 0.73865 0.3 0.00306748 0.045614
0 0.496933 0.214035 0.00245399 0.0385965
0 0.555982 0.34386 0.00337423 0.0561404
0 0.650613 0.167544 0.00306748 0.0438596
0 0.567485 0.214035 0.00245399 0.0421053
0 0.614571 0.248246 0.00276074 0.0473684
0 0.490491 0.273684 0.00306748 0.0421053
0 0.678068 0.417544 0.00398773 0.0526316
0 0.491258 0.351754 0.00337423 0.054386
0 0.544325 0.253509 0.00276074 0.0368421
0 0.510429 0.291228 0.00306748 0.0421053
0 0.58681 0.468421 0.00429448 0.0631579
0 0.619325 0.348246 0.00429448 0.0508772
0 0.759663 0.513158 0.00460123 0.0719298
0 0.486656 0.507895 0.00460123 0.0649123
0 0.485276 0.311404 0.00429448 0.0473684
0 0.516258 0.202632 0.00368098 0.0438596
0 0.492178 0.575439 0.00521472 0.077193
0 0.657669 0.718421 0.00613497 0.0894737
