0 0.634816 0.20614 0.00276074 0.0438596
0 0.70092 0.47193 0.00429448 0.0701754
0 0.533129 0.170175 0.00245399 0.0315789
0 0.486656 0.337719 0.00337423 0.0578947
0 0.753067 0.353509 0.00368098 0.0578947
0 0.279294 0.353509 0.00337423 0.0508772
0 0.616104 0.272807 0.00276074 0.0473684
0 0.498926 0.2 0.00337423 0.0421053
0 0.627607 0.434211 0.00429448 0.0614035
0 0.494632 0.236842 0.00337423 0.0421053
0 0.649693 0.368421 0.00368098 0.0561404
0 0.54862 0.239474 0.00276074 0.0438596
0 0.479601 0.411404 0.00337423 0.0578947
0 0.544939 0.349123 0.00337423 0.0561404
0 0.478834 0.375439 0.00368098 0.0561404
0 0.52362 0.292982 0.00306748 0.0491228
0 0.469939 0.545614 0.00490798 0.0701754
0 0.593865 0.57807 0.00552147 0.0789474
0 0.642485 0.454386 0.00398773 0.0631579
0 0.47684 0.669298 0.00582822 0.0894737
0 0.723313 0.530702 0.00552147 0.0824561
0 0.609356 0.750877 0.00644172 0.0947368
0 0.530675 0.424561 0.00490798 0.0631579
