0 0.705828 0.353509 0.00368098 0.0578947
0 0.24908 0.355263 0.00245399 0.0614035
0 0.426687 0.302632 0.00306748 0.054386
0 0.498159 0.37807 0.00368098 0.0578947
0 0.582822 0.295614 0.00306748 0.054386
0 0.452761 0.507018 0.00306748 0.0666667
0 0.409049 0.457895 0.00460123 0.0666667
0 0.473926 0.19386 0.00306748 0.0473684
0 0.441411 0.701754 0.00674847 0.0877193
0 0.471012 0.391228 0.00398773 0.0596491
0 0.446166 0.495614 0.00398773 0.0684211
0 0.418865 0.314912 0.00276074 0.054386
0 0.519172 0.395614 0.00398773 0.0614035
0 0.404448 0.414912 0.00398773 0.0649123
0 0.452147 0.272807 0.00306748 0.0473684
0 0.439571 0.613158 0.00490798 0.0824561
0 0.530828 0.505263 0.00460123 0.0736842
0 0.426687 0.480702 0.00368098 0.0701754
0 0.478528 0.522807 0.00490798 0.077193
0 0.391258 0.581579 0.00398773 0.0684211
0 0.414571 0.434211 0.00398773 0.0684211
0 0.552454 0.555263 0.00429448 0.0719298
0 0.372239 0.744737 0.00644172 0.0964912
