0 0.665337 0.5 0.00490798 0.0596491
0 0.762577 0.37193 0.00368098 0.0526316
0 0.738344 0.438596 0.00429448 0.0631579
0 0.495245 0.395614 0.00276074 0.0578947
0 0.296166 0.374561 0.00276074 0.0578947
0 0.501994 0.268421 0.00337423 0.0421053
0 0.749693 0.564912 0.00736196 0.0877193
0 0.569479 0.40614 0.00398773 0.0578947
0 0.509049 0.271053 0.00276074 0.0473684
0 0.565031 0.194737 0.00306748 0.0421053
0 0.595552 0.265789 0.00276074 0.0473684
0 0.655675 0.526316 0.00582822 0.0807018
0 0.657975 0.253509 0.00306748 0.0473684
0 0.568405 0.645614 0.00552147 0.0807018
0 0.527607 0.494737 0.00490798 0.0736842
0 0.677914 0.423684 0.00368098 0.0649123
0 0.739877 0.687719 0.00613497 0.0736842
0 0.556902 0.479825 0.00460123 0.0614035
0 0.553988 0.659649 0.00552147 0.0842105
0 0.575153 0.392982 0.00368098 0.0631579
0 0.722853 0.703509 0.00644172 0.0912281
0 0.506595 0.408772 0.00276074 0.0596491
0 0.741104 0.571053 0.00736196 0.1
