0 0.296472 0.357895 0.00276074 0.0491228
0 0.500767 0.239474 0.00276074 0.0438596
0 0.791411 0.585088 0.00552147 0.0894737
0 0.661656 0.219298 0.00245399 0.0350877
0 0.790491 0.390351 0.00368098 0.0578947
0 0.587883 0.244737 0.00276074 0.0438596
0 0.538804 0.484211 0.00460123 0.0631579
0 0.757055 0.749123 0.00674847 0.0912281
0 0.656595 0.5 0.00460123 0.0701754
0 0.555828 0.179825 0.00306748 0.0333333
0 0.507975 0.233333 0.00245399 0.0421053
0 0.565031 0.384211 0.00368098 0.0596491
0 0.494939 0.381579 0.00337423 0.054386
0 0.67546 0.439474 0.00429448 0.0649123
0 0.688037 0.386842 0.00306748 0.0508772
0 0.532515 0.634211 0.00552147 0.0789474
0 0.768405 0.422807 0.00429448 0.0631579
0 0.571932 0.409649 0.00337423 0.0684211
0 0.487883 0.359649 0.00276074 0.0596491
0 0.551534 0.474561 0.00429448 0.0649123
0 0.702761 0.611404 0.00552147 0.0754386
0 0.548006 0.67193 0.00582822 0.0877193
