0 0.760123 0.364035 0.00368098 0.0508772
0 0.494785 0.521053 0.00490798 0.0631579
0 0.48865 0.535088 0.00490798 0.0666667
0 0.547853 0.395614 0.00429448 0.0578947
0 0.608282 0.464912 0.00552147 0.0807018
0 0.597853 0.45614 0.00368098 0.0666667
0 0.478834 0.32807 0.00368098 0.0561404
0 0.700613 0.431579 0.00429448 0.0666667
0 0.547699 0.454386 0.00460123 0.0666667
0 0.484663 0.447368 0.00429448 0.0666667
0 0.290337 0.366667 0.00398773 0.0666667
0 0.674233 0.614912 0.00490798 0.0894737
0 0.62592 0.4 0.00337423 0.0631579
0 0.595859 0.279825 0.00337423 0.0508772
0 0.546779 0.347368 0.00276074 0.0561404
0 0.571166 0.209649 0.00306748 0.0438596
0 0.484816 0.332456 0.00398773 0.0578947
0 0.63911 0.276316 0.00337423 0.0508772
0 0.512117 0.407895 0.00398773 0.0614035
0 0.708896 0.565789 0.00552147 0.0789474
0 0.517025 0.407018 0.00460123 0.0631579
0 0.685276 0.629825 0.00552147 0.0807018
0 0.684816 0.488596 0.00582822 0.0789474
