0 0.51227 0.279825 0.00306748 0.0438596
0 0.572853 0.397368 0.00398773 0.054386
0 0.455828 0.407895 0.00306748 0.0649123
0 0.721933 0.362281 0.00398773 0.0578947
0 0.44908 0.414035 0.00245399 0.0631579
0 0.495859 0.423684 0.00398773 0.0614035
0 0.495092 0.694737 0.00613497 0.0947368
0 0.51365 0.225439 0.00276074 0.0438596
0 0.503834 0.618421 0.00582822 0.0789474
0 0.42316 0.409649 0.00398773 0.054386
0 0.411503 0.585965 0.00337423 0.0701754
0 0.419632 0.454386 0.00429448 0.0526316
0 0.426534 0.368421 0.00398773 0.0736842
0 0.53589 0.383333 0.00368098 0.0578947
0 0.412423 0.492105 0.00460123 0.0614035
0 0.476534 0.546491 0.00460123 0.0754386
0 0.580521 0.313158 0.00337423 0.054386
0 0.596779 0.528947 0.00521472 0.0754386
0 0.585276 0.514035 0.00490798 0.0736842
0 0.53635 0.495614 0.00460123 0.0719298
0 0.395092 0.720175 0.00613497 0.0929825
0 0.265491 0.365789 0.00460123 0.0684211
0 0.511963 0.528947 0.00490798 0.0754386
