0 0.615644 0.191228 0.00245399 0.0385965
0 0.620399 0.170175 0.00276074 0.0421053
0 0.501074 0.221053 0.00276074 0.045614
0 0.729141 0.269298 0.00306748 0.0473684
0 0.490798 0.188596 0.00306748 0.0403509
0 0.531748 0.231579 0.00276074 0.0385965
0 0.699233 0.420175 0.00398773 0.0578947
0 0.549847 0.307018 0.00337423 0.0526316
0 0.609356 0.325439 0.00337423 0.054386
0 0.525 0.190351 0.00398773 0.0438596
0 0.479908 0.253509 0.00214724 0.0438596
0 0.530368 0.15614 0.00306748 0.0421053
0 0.558436 0.185965 0.00276074 0.0421053
0 0.608436 0.263158 0.00337423 0.0491228
0 0.645706 0.380702 0.00368098 0.0596491
0 0.289417 0.324561 0.00337423 0.0631579
0 0.479448 0.463158 0.00429448 0.0666667
0 0.481442 0.335088 0.00276074 0.0561404
0 0.478988 0.297368 0.00276074 0.054386
0 0.48635 0.561404 0.00521472 0.077193
0 0.602607 0.248246 0.00337423 0.0508772
0 0.557362 0.439474 0.00429448 0.0649123
0 0.615184 0.628947 0.00582822 0.0824561
