0 0.669172 0.249123 0.00276074 0.0385965
0 0.539571 0.163158 0.00306748 0.0385965
0 0.496933 0.219298 0.00245399 0.0421053
0 0.619785 0.329825 0.00337423 0.0491228
0 0.745706 0.310526 0.00306748 0.0526316
0 0.653067 0.170175 0.00306748 0.0421053
0 0.567945 0.218421 0.00276074 0.0403509
0 0.299233 0.341228 0.00337423 0.0473684
0 0.617945 0.257895 0.00276074 0.0491228
0 0.555061 0.350877 0.00337423 0.0561404
0 0.692025 0.437719 0.00429448 0.054386
0 0.485429 0.521053 0.00460123 0.0631579
0 0.511963 0.309649 0.00306748 0.0438596
0 0.545552 0.263158 0.00276074 0.0350877
0 0.615337 0.357018 0.00368098 0.054386
0 0.595245 0.489474 0.00460123 0.0666667
0 0.489417 0.284211 0.00337423 0.045614
0 0.489417 0.361403 0.00337423 0.0561404
0 0.766564 0.526316 0.00490798 0.0736842
0 0.487883 0.589474 0.00521472 0.0807018
0 0.513804 0.205263 0.00368098 0.045614
0 0.484202 0.318421 0.00460123 0.0508772
0 0.668865 0.728947 0.00644172 0.0964912
