0 0.714724 0.351754 0.00368098 0.054386
0 0.458436 0.37193 0.00398773 0.0596491
0 0.468558 0.185088 0.00276074 0.0403509
0 0.436043 0.501754 0.00460123 0.0701754
0 0.505368 0.501754 0.00460123 0.0736842
0 0.446012 0.516667 0.00490798 0.0719298
0 0.41135 0.501754 0.00429448 0.0701754
0 0.515951 0.385088 0.00368098 0.0614035
0 0.477301 0.375439 0.00368098 0.0596491
0 0.402454 0.389474 0.00306748 0.0631579
0 0.423006 0.283333 0.00306748 0.0508772
0 0.24816 0.35614 0.00245399 0.0596491
0 0.446166 0.258772 0.00276074 0.0473684
0 0.396472 0.450877 0.00521472 0.077193
0 0.591104 0.307018 0.00306748 0.0526316
0 0.41365 0.302632 0.00337423 0.0614035
0 0.399386 0.418421 0.00429448 0.0719298
0 0.423006 0.615789 0.00552147 0.0842105
0 0.424387 0.744737 0.00644172 0.0964912
0 0.384816 0.553509 0.00398773 0.0649123
0 0.413497 0.54386 0.00429448 0.077193
0 0.530215 0.55 0.00460123 0.0719298
0 0.362577 0.733333 0.00613497 0.0947368
