0 0.463497 0.376316 0.00368098 0.0578947
0 0.406748 0.392982 0.00306748 0.0561404
0 0.455828 0.519298 0.00490798 0.077193
0 0.469939 0.187719 0.00245399 0.0421053
0 0.248466 0.355263 0.00245399 0.0578947
0 0.485583 0.375439 0.00368098 0.0596491
0 0.426227 0.491228 0.00460123 0.0596491
0 0.443405 0.505263 0.00460123 0.0701754
0 0.42362 0.292105 0.00306748 0.0508772
0 0.404908 0.426316 0.00429448 0.0701754
0 0.711656 0.35 0.00368098 0.0578947
0 0.585736 0.3 0.00337423 0.0526316
0 0.447853 0.266667 0.00306748 0.0491228
0 0.515031 0.503509 0.00429448 0.0736842
0 0.515491 0.390351 0.00398773 0.0614035
0 0.415184 0.304386 0.00276074 0.0578947
0 0.387423 0.564912 0.00368098 0.0631579
0 0.430368 0.724561 0.00613497 0.0947368
0 0.429448 0.614035 0.00552147 0.0807018
0 0.401687 0.448246 0.00582822 0.0789474
0 0.365184 0.739474 0.00644172 0.0964912
0 0.417178 0.521053 0.00429448 0.0701754
0 0.537423 0.557018 0.00429448 0.0719298
