0 0.297393 0.366667 0.00276074 0.045614
0 0.773773 0.573684 0.00582822 0.077193
0 0.50046 0.400877 0.00276074 0.0508772
0 0.503834 0.250877 0.00337423 0.0385965
0 0.77638 0.602632 0.00674847 0.0894737
0 0.767178 0.741228 0.00674847 0.0859649
0 0.571932 0.4 0.00398773 0.0596491
0 0.576074 0.416667 0.00368098 0.0614035
0 0.773313 0.376316 0.00368098 0.0614035
0 0.665031 0.237719 0.00245399 0.0333333
0 0.755521 0.441228 0.00429448 0.0649123
0 0.509969 0.246491 0.00276074 0.0438596
0 0.560429 0.185965 0.00306748 0.0385965
0 0.680982 0.490351 0.00490798 0.0719298
0 0.698773 0.426316 0.00306748 0.0526316
0 0.679141 0.531579 0.00490798 0.0736842
0 0.544018 0.508772 0.00460123 0.0701754
0 0.594018 0.255263 0.00276074 0.0473684
0 0.576994 0.714912 0.00613497 0.0894737
0 0.566718 0.509649 0.00460123 0.0684211
0 0.566411 0.686842 0.00582822 0.0824561
0 0.489417 0.378947 0.00276074 0.0596491
0 0.734663 0.698246 0.00613497 0.0877193
