0 0.472393 0.373684 0.00368098 0.0561404
0 0.42316 0.280702 0.00276074 0.0491228
0 0.453681 0.367544 0.00368098 0.0578947
0 0.394479 0.373684 0.00306748 0.0491228
0 0.521933 0.373684 0.00337423 0.0596491
0 0.469632 0.181579 0.00245399 0.0368421
0 0.248466 0.355263 0.00245399 0.0614035
0 0.492178 0.49386 0.00460123 0.0684211
0 0.447086 0.242982 0.00276074 0.0438596
0 0.603528 0.309649 0.00337423 0.054386
0 0.432362 0.522807 0.00398773 0.0666667
0 0.717945 0.348246 0.00337423 0.0578947
0 0.423773 0.602632 0.00460123 0.0824561
0 0.429141 0.492105 0.00368098 0.0684211
0 0.402301 0.490351 0.00460123 0.0719298
0 0.41089 0.295614 0.00337423 0.0614035
0 0.382362 0.545614 0.00398773 0.0666667
0 0.390337 0.463158 0.00398773 0.077193
0 0.525307 0.542982 0.00521472 0.0789474
0 0.410429 0.564912 0.00429448 0.0877193
0 0.395245 0.412281 0.00460123 0.0736842
0 0.359663 0.72807 0.00644172 0.0947368
0 0.421319 0.764912 0.00644172 0.0982456
