0 0.474387 0.496491 0.00460123 0.0701754
0 0.475 0.428947 0.00398773 0.0578947
0 0.600613 0.380702 0.00368098 0.0596491
0 0.542945 0.423684 0.00368098 0.0578947
0 0.750307 0.351754 0.00368098 0.0578947
0 0.679908 0.422807 0.00398773 0.0596491
0 0.546319 0.446491 0.00429448 0.0614035
0 0.628681 0.288596 0.00337423 0.054386
0 0.663804 0.47193 0.00429448 0.0666667
0 0.643558 0.587719 0.00490798 0.0561404
0 0.46089 0.500877 0.00521472 0.0719298
0 0.515951 0.397368 0.00429448 0.0614035
0 0.578681 0.457018 0.00460123 0.0719298
0 0.592025 0.285088 0.00306748 0.0473684
0 0.560429 0.214035 0.00306748 0.045614
0 0.571166 0.431579 0.00368098 0.0666667
0 0.465951 0.363158 0.00368098 0.0491228
0 0.689724 0.560526 0.00521472 0.0789474
0 0.528528 0.399123 0.00429448 0.0614035
0 0.471472 0.366667 0.00368098 0.0526316
0 0.28865 0.357895 0.00429448 0.0701754
0 0.667025 0.594737 0.00521472 0.0736842
0 0.542791 0.335965 0.00337423 0.0614035
