0 0.650307 0.363158 0.00368098 0.0421053
0 0.645859 0.209649 0.00276074 0.0403509
0 0.495552 0.205263 0.00276074 0.0421053
0 0.558436 0.314912 0.00337423 0.0508772
0 0.642791 0.164035 0.00337423 0.0403509
0 0.300153 0.332456 0.00337423 0.054386
0 0.53635 0.158772 0.00337423 0.0403509
0 0.723313 0.275439 0.00306748 0.0491228
0 0.540644 0.235088 0.00276074 0.0350877
0 0.615337 0.291228 0.00306748 0.0491228
0 0.492485 0.335965 0.00398773 0.0578947
0 0.565337 0.204386 0.00245399 0.0438596
0 0.506288 0.258772 0.00276074 0.0403509
0 0.605675 0.231579 0.00276074 0.045614
0 0.48865 0.478947 0.00429448 0.0666667
0 0.572393 0.423684 0.00368098 0.054386
0 0.490491 0.260526 0.00368098 0.0438596
0 0.497853 0.547368 0.00490798 0.077193
0 0.625307 0.32807 0.00337423 0.0526316
0 0.48681 0.296491 0.00429448 0.0491228
0 0.522393 0.199123 0.00368098 0.0438596
0 0.742485 0.47807 0.00460123 0.0719298
0 0.635276 0.664912 0.00552147 0.0842105
