0 0.758282 0.363158 0.00368098 0.0561404
0 0.48681 0.530702 0.00490798 0.0649123
0 0.546933 0.400877 0.00429448 0.0649123
0 0.671779 0.612281 0.00490798 0.0877193
0 0.483436 0.444737 0.00429448 0.0649123
0 0.491718 0.518421 0.00490798 0.0649123
0 0.548159 0.448246 0.00429448 0.0649123
0 0.699693 0.428947 0.00429448 0.0614035
0 0.605675 0.462281 0.00521472 0.0789474
0 0.596012 0.45614 0.00368098 0.0666667
0 0.290031 0.365789 0.00398773 0.0684211
0 0.595859 0.279825 0.00337423 0.0508772
0 0.477761 0.330702 0.00398773 0.0578947
0 0.546012 0.344737 0.00306748 0.0578947
0 0.570859 0.209649 0.00306748 0.0438596
0 0.517638 0.40614 0.00460123 0.0614035
0 0.512883 0.407018 0.00429448 0.0596491
0 0.483589 0.336842 0.00398773 0.0596491
0 0.63865 0.276316 0.00306748 0.0508772
0 0.707975 0.561404 0.00552147 0.077193
0 0.62408 0.398246 0.00337423 0.0631579
0 0.683896 0.628947 0.00582822 0.0789474
0 0.682975 0.488596 0.00582822 0.0789474
