0 0.702761 0.351754 0.00368098 0.0614035
0 0.462117 0.514035 0.00460123 0.0666667
0 0.251227 0.357018 0.00306748 0.0649123
0 0.463957 0.508772 0.00460123 0.0666667
0 0.47684 0.394737 0.00398773 0.0596491
0 0.502914 0.526316 0.00460123 0.0701754
0 0.433896 0.320175 0.00337423 0.054386
0 0.581595 0.292105 0.00306748 0.0508772
0 0.437577 0.451754 0.00276074 0.0649123
0 0.455521 0.274561 0.00306748 0.0508772
0 0.544632 0.507018 0.00460123 0.0701754
0 0.507669 0.372807 0.00368098 0.0578947
0 0.422393 0.444737 0.00429448 0.0684211
0 0.44954 0.609649 0.00460123 0.0789474
0 0.424233 0.321053 0.00306748 0.0596491
0 0.476227 0.202632 0.00276074 0.0473684
0 0.452301 0.685965 0.00582822 0.0842105
0 0.525767 0.397368 0.00429448 0.0649123
0 0.41089 0.464035 0.00460123 0.0649123
0 0.405521 0.414035 0.00368098 0.0631579
0 0.396166 0.585965 0.00398773 0.0736842
0 0.563957 0.54386 0.00460123 0.0736842
0 0.375767 0.733333 0.00613497 0.0947368
