0 0.41273 0.453509 0.00398773 0.0649123
0 0.252147 0.358772 0.00306748 0.0649123
0 0.47408 0.179825 0.00214724 0.0333333
0 0.464417 0.378947 0.00368098 0.0561404
0 0.395245 0.462281 0.00398773 0.0684211
0 0.386503 0.392105 0.00306748 0.0578947
0 0.483896 0.494737 0.00460123 0.0736842
0 0.493405 0.405263 0.00398773 0.0596491
0 0.608129 0.309649 0.00337423 0.054386
0 0.525307 0.524561 0.00521472 0.0842105
0 0.718865 0.347368 0.00337423 0.0561404
0 0.52454 0.370175 0.00368098 0.0596491
0 0.447699 0.231579 0.00276074 0.045614
0 0.456902 0.587719 0.00521472 0.0807018
0 0.428221 0.615789 0.00552147 0.077193
0 0.38911 0.413158 0.00398773 0.0614035
0 0.424233 0.263158 0.00306748 0.0526316
0 0.374233 0.557018 0.00368098 0.0649123
0 0.407975 0.289474 0.00429448 0.0526316
0 0.432209 0.500877 0.00368098 0.0684211
0 0.420399 0.764035 0.00644172 0.1
0 0.354908 0.722807 0.00613497 0.0947368
0 0.408896 0.559649 0.00429448 0.0912281
