0 0.707055 0.353509 0.00368098 0.0578947
0 0.255061 0.358772 0.00398773 0.0649123
0 0.486043 0.403509 0.00398773 0.0631579
0 0.535736 0.395614 0.00398773 0.0614035
0 0.445092 0.344737 0.00368098 0.0578947
0 0.466411 0.269298 0.00337423 0.0508772
0 0.43819 0.428947 0.00276074 0.0684211
0 0.519939 0.376316 0.00368098 0.0578947
0 0.580215 0.300877 0.00337423 0.054386
0 0.472546 0.523684 0.00398773 0.0719298
0 0.559049 0.518421 0.00460123 0.0754386
0 0.524847 0.520175 0.00490798 0.0754386
0 0.484509 0.526316 0.00521472 0.0701754
0 0.482669 0.210526 0.00276074 0.045614
0 0.459202 0.614035 0.00490798 0.0807018
0 0.432209 0.32193 0.00306748 0.0614035
0 0.412117 0.411404 0.00398773 0.0649123
0 0.427761 0.448246 0.00398773 0.0684211
0 0.466411 0.679825 0.00582822 0.0894737
0 0.570245 0.527193 0.00490798 0.0754386
0 0.414724 0.468421 0.00429448 0.0666667
0 0.377761 0.728947 0.00644172 0.0964912
0 0.401227 0.592105 0.00429448 0.0719298
