0 0.790644 0.579825 0.00582822 0.0789474
0 0.297239 0.362281 0.00306748 0.0508772
0 0.76181 0.735088 0.00644172 0.0631579
0 0.78681 0.590351 0.00613497 0.0824561
0 0.568098 0.389474 0.00368098 0.0596491
0 0.678528 0.447368 0.00429448 0.0561404
0 0.50184 0.242982 0.00306748 0.0438596
0 0.508742 0.235965 0.00276074 0.0438596
0 0.784049 0.37807 0.00368098 0.0578947
0 0.663497 0.227193 0.00245399 0.0333333
0 0.765491 0.429825 0.00398773 0.0631579
0 0.495859 0.388597 0.00337423 0.0508772
0 0.590798 0.249123 0.00306748 0.045614
0 0.572393 0.410526 0.00368098 0.0701754
0 0.693252 0.4 0.00306748 0.0561404
0 0.667638 0.504386 0.00460123 0.0719298
0 0.557822 0.181579 0.00276074 0.0368421
0 0.539724 0.49386 0.00460123 0.0719298
0 0.547086 0.65614 0.00582822 0.0877193
0 0.48819 0.366667 0.00276074 0.0596491
0 0.557055 0.483333 0.00429448 0.0649123
0 0.557362 0.696491 0.00613497 0.0912281
0 0.720552 0.660526 0.00552147 0.0824561
