0 0.470859 0.184211 0.00245399 0.0385965
0 0.547393 0.192982 0.00214724 0.0385965
0 0.730061 0.341228 0.00306748 0.054386
0 0.59862 0.561404 0.00521472 0.0736842
0 0.529294 0.32193 0.00337423 0.054386
0 0.53635 0.403509 0.00398773 0.0596491
0 0.568405 0.325439 0.00306748 0.054386
0 0.592791 0.415789 0.00398773 0.0666667
0 0.502147 0.225439 0.00306748 0.0473684
0 0.568252 0.249123 0.00276074 0.045614
0 0.389417 0.509649 0.00460123 0.0719298
0 0.260583 0.332456 0.00521472 0.0578947
0 0.440491 0.403509 0.00368098 0.0631579
0 0.589571 0.444737 0.00368098 0.0578947
0 0.477147 0.327193 0.00337423 0.0508772
0 0.490031 0.260526 0.00276074 0.0438596
0 0.583896 0.335088 0.00337423 0.0561404
0 0.605675 0.527193 0.00398773 0.0684211
0 0.415031 0.297368 0.00306748 0.0508772
0 0.503988 0.574561 0.00490798 0.0789474
0 0.445092 0.366667 0.00245399 0.045614
0 0.515184 0.281579 0.00337423 0.0508772
0 0.44954 0.770175 0.00705521 0.0982456
