0 0.296472 0.358772 0.00276074 0.0473684
0 0.50092 0.239474 0.00306748 0.0438596
0 0.790951 0.583333 0.00582822 0.0894737
0 0.66181 0.218421 0.00276074 0.0368421
0 0.790184 0.388597 0.00368098 0.0578947
0 0.58819 0.245614 0.00276074 0.045614
0 0.538804 0.485088 0.00460123 0.0649123
0 0.758436 0.754386 0.00705521 0.0912281
0 0.565337 0.385088 0.00368098 0.0578947
0 0.556135 0.179825 0.00306748 0.0333333
0 0.508129 0.233333 0.00276074 0.0421053
0 0.495092 0.382456 0.00368098 0.0561404
0 0.68865 0.386842 0.00306748 0.0508772
0 0.657209 0.501754 0.00460123 0.0701754
0 0.768252 0.423684 0.00398773 0.0649123
0 0.675767 0.440351 0.00429448 0.0666667
0 0.571932 0.409649 0.00337423 0.0684211
0 0.533896 0.634211 0.00521472 0.0789474
0 0.48819 0.360526 0.00276074 0.0614035
0 0.55184 0.475439 0.00429448 0.0631579
0 0.704601 0.613158 0.00552147 0.0754386
0 0.54862 0.67193 0.00582822 0.0877193
