0 0.24954 0.357018 0.00276074 0.0614035
0 0.406288 0.468421 0.00460123 0.0631579
0 0.390031 0.379825 0.00276074 0.054386
0 0.458589 0.369298 0.00368098 0.0508772
0 0.471933 0.179825 0.00214724 0.0333333
0 0.391258 0.408772 0.00398773 0.0596491
0 0.52454 0.371053 0.00368098 0.0578947
0 0.483129 0.387719 0.00368098 0.0596491
0 0.42408 0.266667 0.00337423 0.0526316
0 0.486963 0.492105 0.00460123 0.0719298
0 0.441871 0.546491 0.00460123 0.0754386
0 0.447699 0.236842 0.00276074 0.045614
0 0.718098 0.346491 0.00368098 0.0578947
0 0.607055 0.307895 0.00306748 0.054386
0 0.526534 0.529825 0.00521472 0.0842105
0 0.391564 0.462281 0.00398773 0.0719298
0 0.429141 0.496491 0.00368098 0.0701754
0 0.408282 0.289474 0.00429448 0.0526316
0 0.425 0.607895 0.00521472 0.0789474
0 0.378681 0.55 0.00398773 0.0684211
0 0.357822 0.727193 0.00644172 0.0929825
0 0.420706 0.764912 0.00644172 0.101754
0 0.408742 0.566667 0.00460123 0.0912281
