0 0.5 0.20614 0.00245399 0.0438596
0 0.490031 0.327193 0.00337423 0.0578947
0 0.752761 0.344737 0.00368098 0.0614035
0 0.490031 0.233333 0.00276074 0.045614
0 0.52592 0.42193 0.00398773 0.0649123
0 0.635736 0.199123 0.00276074 0.0403509
0 0.548466 0.335088 0.00368098 0.0561404
0 0.554908 0.240351 0.00306748 0.045614
0 0.623926 0.279825 0.00306748 0.0508772
0 0.715951 0.525439 0.00490798 0.0754386
0 0.668712 0.363158 0.00368098 0.0561404
0 0.284356 0.345614 0.00368098 0.0666667
0 0.481288 0.412281 0.00368098 0.0631579
0 0.642638 0.455263 0.00429448 0.0649123
0 0.539877 0.29386 0.00306748 0.0508772
0 0.660736 0.364035 0.00368098 0.0578947
0 0.534816 0.171053 0.00276074 0.0333333
0 0.474387 0.535088 0.00460123 0.0736842
0 0.478681 0.376316 0.00398773 0.0614035
0 0.675153 0.482456 0.00490798 0.0701754
0 0.468558 0.700877 0.00582822 0.0894737
0 0.592485 0.740351 0.00644172 0.0947368
0 0.576994 0.547368 0.00490798 0.0736842
