0 0.532669 0.397368 0.00398773 0.0614035
0 0.492178 0.222807 0.00276074 0.0421053
0 0.483436 0.402632 0.00306748 0.0649123
0 0.636963 0.188596 0.00276074 0.0368421
0 0.640798 0.424561 0.00429448 0.0631579
0 0.753221 0.335965 0.00337423 0.0578947
0 0.665337 0.334211 0.00368098 0.0614035
0 0.288344 0.337719 0.00368098 0.0649123
0 0.627301 0.265789 0.00306748 0.0508772
0 0.503374 0.210526 0.00306748 0.045614
0 0.490951 0.317544 0.00337423 0.0561404
0 0.660736 0.328947 0.00368098 0.0578947
0 0.55046 0.314912 0.00337423 0.054386
0 0.541104 0.282456 0.00306748 0.0491228
0 0.71273 0.503509 0.00460123 0.0736842
0 0.557975 0.22807 0.00245399 0.045614
0 0.534049 0.171053 0.00306748 0.0333333
0 0.480215 0.364912 0.00460123 0.0666667
0 0.671472 0.465789 0.00429448 0.0684211
0 0.479601 0.519298 0.00460123 0.0736842
0 0.595552 0.722807 0.00644172 0.0947368
0 0.577301 0.531579 0.00490798 0.0736842
0 0.47638 0.683333 0.00613497 0.0894737
