0 0.568558 0.557018 0.00582822 0.0614035
0 0.482209 0.190351 0.00245399 0.0403509
0 0.572086 0.579825 0.00490798 0.0578947
0 0.531902 0.318421 0.00368098 0.0508772
0 0.557515 0.370175 0.00337423 0.0561404
0 0.500307 0.289474 0.00306748 0.045614
0 0.738344 0.354386 0.00368098 0.0561404
0 0.46181 0.445614 0.00337423 0.0561404
0 0.422239 0.513158 0.00460123 0.0684211
0 0.257362 0.352632 0.00490798 0.0596491
0 0.583742 0.272807 0.00306748 0.0473684
0 0.583742 0.35 0.00368098 0.0578947
0 0.56181 0.212281 0.00337423 0.0491228
0 0.609816 0.557018 0.00490798 0.0719298
0 0.470245 0.736842 0.00613497 0.0842105
0 0.434049 0.299123 0.00306748 0.0508772
0 0.547699 0.490351 0.00460123 0.0719298
0 0.437883 0.497368 0.00460123 0.0719298
0 0.604908 0.368421 0.00368098 0.0596491
0 0.516871 0.622807 0.00552147 0.0736842
0 0.622546 0.511404 0.00460123 0.0754386
0 0.478681 0.407018 0.00398773 0.0561404
0 0.521319 0.242982 0.00337423 0.0438596
