0 0.583436 0.526316 0.00490798 0.0736842
0 0.716411 0.359649 0.00398773 0.0596491
0 0.580521 0.510526 0.00460123 0.0736842
0 0.501534 0.222807 0.00245399 0.0421053
0 0.493865 0.271053 0.00306748 0.0438596
0 0.558436 0.394737 0.00398773 0.0526316
0 0.481748 0.623684 0.00521472 0.0719298
0 0.433896 0.340351 0.00276074 0.0561404
0 0.493405 0.417544 0.00398773 0.0631579
0 0.529448 0.378947 0.00368098 0.0596491
0 0.578681 0.308772 0.00337423 0.0526316
0 0.424387 0.453509 0.00337423 0.0578947
0 0.416718 0.411404 0.00398773 0.0649123
0 0.506748 0.529825 0.00490798 0.0666667
0 0.455215 0.384211 0.00490798 0.0666667
0 0.261503 0.362281 0.00460123 0.0649123
0 0.409356 0.485088 0.00398773 0.0649123
0 0.481902 0.692105 0.00613497 0.0929825
0 0.476534 0.537719 0.00460123 0.0719298
0 0.53865 0.50614 0.00490798 0.0719298
0 0.403221 0.587719 0.00460123 0.077193
0 0.444172 0.415789 0.00245399 0.0666667
0 0.384049 0.72807 0.00613497 0.0947368
