0 0.498773 0.232456 0.00245399 0.0438596
0 0.293405 0.354386 0.00276074 0.045614
0 0.765951 0.392982 0.00368098 0.0526316
0 0.779601 0.533333 0.00521472 0.0701754
0 0.671933 0.352632 0.00337423 0.0561404
0 0.550767 0.176316 0.00337423 0.0403509
0 0.492638 0.368421 0.00306748 0.0561404
0 0.797699 0.410526 0.00398773 0.0561404
0 0.504448 0.600877 0.00521472 0.0719298
0 0.487577 0.342982 0.00337423 0.0614035
0 0.506288 0.22807 0.00276074 0.045614
0 0.662577 0.414035 0.00429448 0.0631579
0 0.581442 0.238596 0.00276074 0.045614
0 0.804448 0.588596 0.00521472 0.0789474
0 0.672239 0.545614 0.00460123 0.0561404
0 0.557362 0.373684 0.00368098 0.0596491
0 0.535276 0.464035 0.00429448 0.0684211
0 0.658742 0.201754 0.00337423 0.0421053
0 0.628681 0.490351 0.00460123 0.0719298
0 0.732515 0.713158 0.00613497 0.0824561
0 0.567331 0.410526 0.00337423 0.0666667
0 0.544939 0.463158 0.00398773 0.0666667
0 0.521779 0.648246 0.00613497 0.0859649
