0 0.631442 0.192105 0.00276074 0.0438596
0 0.632055 0.164035 0.00398773 0.0438596
0 0.607669 0.277193 0.00306748 0.0491228
0 0.717178 0.25614 0.00306748 0.045614
0 0.487423 0.25614 0.00306748 0.0491228
0 0.491871 0.197368 0.00337423 0.0403509
0 0.295706 0.329825 0.00368098 0.0631579
0 0.50184 0.237719 0.00306748 0.0438596
0 0.561196 0.197368 0.00276074 0.0438596
0 0.484509 0.286842 0.00337423 0.054386
0 0.533436 0.157018 0.00368098 0.0438596
0 0.53819 0.228947 0.00276074 0.0438596
0 0.620092 0.316667 0.00337423 0.054386
0 0.488037 0.464035 0.00429448 0.0719298
0 0.559509 0.303509 0.00306748 0.0526316
0 0.642638 0.35 0.00368098 0.0578947
0 0.594632 0.226316 0.00337423 0.0491228
0 0.562117 0.413158 0.00398773 0.0578947
0 0.728528 0.45 0.00429448 0.0684211
0 0.496933 0.530702 0.00490798 0.0789474
0 0.48911 0.328947 0.00398773 0.0614035
0 0.52592 0.194737 0.00398773 0.045614
0 0.624847 0.631579 0.00552147 0.0842105
