0 0.535736 0.389474 0.00398773 0.0631579
0 0.753834 0.327193 0.00337423 0.0578947
0 0.483742 0.397368 0.00306748 0.0614035
0 0.63589 0.184211 0.00245399 0.0350877
0 0.494018 0.217544 0.00276074 0.045614
0 0.558129 0.219298 0.00276074 0.0385965
0 0.539571 0.275439 0.00306748 0.0491228
0 0.289417 0.335965 0.00337423 0.0614035
0 0.628834 0.255263 0.00306748 0.0473684
0 0.533589 0.170175 0.00276074 0.0350877
0 0.504908 0.208772 0.00306748 0.045614
0 0.550153 0.303509 0.00337423 0.0491228
0 0.711503 0.494737 0.00460123 0.0736842
0 0.640337 0.414912 0.00398773 0.0614035
0 0.491258 0.312281 0.00337423 0.0561404
0 0.66273 0.328947 0.00337423 0.0614035
0 0.670552 0.466667 0.00429448 0.0701754
0 0.658589 0.319298 0.00368098 0.0596491
0 0.480828 0.363158 0.00398773 0.0631579
0 0.480675 0.514912 0.00429448 0.0719298
0 0.59862 0.715789 0.00644172 0.0947368
0 0.577301 0.523684 0.00490798 0.0754386
0 0.478681 0.676316 0.00582822 0.0894737
