0 0.767791 0.6 0.00674847 0.0877193
0 0.297393 0.369298 0.00276074 0.0473684
0 0.765337 0.573684 0.00674847 0.0807018
0 0.769785 0.371053 0.00398773 0.054386
0 0.663804 0.242105 0.00245399 0.0350877
0 0.571932 0.400877 0.00398773 0.0578947
0 0.577147 0.412281 0.00398773 0.0631579
0 0.502301 0.402632 0.00276074 0.054386
0 0.509969 0.252632 0.00276074 0.0421053
0 0.561503 0.186842 0.00276074 0.0368421
0 0.678374 0.500877 0.00460123 0.0719298
0 0.504601 0.253509 0.00368098 0.0438596
0 0.540644 0.50614 0.00460123 0.0719298
0 0.765644 0.742105 0.00613497 0.0842105
0 0.489724 0.385965 0.00276074 0.0631579
0 0.750614 0.440351 0.00429448 0.0666667
0 0.565337 0.508772 0.00490798 0.0666667
0 0.594785 0.257895 0.00306748 0.045614
0 0.676534 0.539474 0.00521472 0.0754386
0 0.695552 0.427193 0.00337423 0.054386
0 0.733282 0.708772 0.00644172 0.0912281
0 0.567025 0.685088 0.00582822 0.0824561
0 0.578834 0.69386 0.00613497 0.0894737
