0 0.501074 0.207018 0.00276074 0.045614
0 0.752761 0.342105 0.00368098 0.0596491
0 0.490644 0.229825 0.00276074 0.0421053
0 0.636503 0.195614 0.00245399 0.0403509
0 0.527761 0.414035 0.00398773 0.0631579
0 0.490337 0.322807 0.00337423 0.0561404
0 0.625153 0.27807 0.00306748 0.0508772
0 0.54954 0.32807 0.00337423 0.0561404
0 0.556442 0.234211 0.00245399 0.0403509
0 0.667485 0.353509 0.00368098 0.0614035
0 0.28589 0.34386 0.00368098 0.0701754
0 0.715031 0.514035 0.00490798 0.0736842
0 0.643252 0.444737 0.00429448 0.0649123
0 0.541411 0.290351 0.00306748 0.0508772
0 0.482055 0.408772 0.00398773 0.0631579
0 0.661963 0.349123 0.00368098 0.0596491
0 0.673773 0.477193 0.00460123 0.0701754
0 0.534663 0.17193 0.00306748 0.0350877
0 0.47684 0.530702 0.00460123 0.0719298
0 0.593405 0.736842 0.00644172 0.0982456
0 0.576994 0.541228 0.00490798 0.0754386
0 0.479755 0.37193 0.00429448 0.0631579
0 0.471319 0.69386 0.00582822 0.0894737
