0 0.542791 0.436842 0.00398773 0.0631579
0 0.598466 0.377193 0.00368098 0.0491228
0 0.66135 0.469298 0.00429448 0.0649123
0 0.474693 0.492982 0.00460123 0.0701754
0 0.544479 0.447368 0.00429448 0.0666667
0 0.474233 0.431579 0.00429448 0.0596491
0 0.75 0.351754 0.00368098 0.0578947
0 0.627454 0.290351 0.00337423 0.054386
0 0.515951 0.396491 0.00429448 0.0631579
0 0.575613 0.457018 0.00460123 0.0684211
0 0.528221 0.39386 0.00429448 0.0614035
0 0.559509 0.214912 0.00306748 0.0438596
0 0.465031 0.365789 0.00368098 0.0473684
0 0.67684 0.427193 0.00398773 0.0649123
0 0.68911 0.559649 0.00521472 0.077193
0 0.591411 0.285965 0.00306748 0.0491228
0 0.28865 0.358772 0.00429448 0.0719298
0 0.458896 0.499123 0.00490798 0.0719298
0 0.569172 0.428947 0.00398773 0.0684211
0 0.666104 0.590351 0.00521472 0.0754386
0 0.638957 0.592105 0.00490798 0.0649123
0 0.470245 0.370175 0.00368098 0.0491228
0 0.542638 0.335965 0.00368098 0.0614035
