0 0.47546 0.434211 0.00429448 0.0614035
0 0.474233 0.496491 0.00429448 0.0666667
0 0.601227 0.385088 0.00368098 0.0649123
0 0.543098 0.420175 0.00398773 0.0578947
0 0.750614 0.351754 0.00368098 0.0578947
0 0.646626 0.589474 0.00490798 0.0561404
0 0.580675 0.45614 0.00429448 0.0736842
0 0.546626 0.444737 0.00429448 0.0614035
0 0.516258 0.397368 0.00429448 0.0614035
0 0.681135 0.424561 0.00398773 0.0631579
0 0.592331 0.285965 0.00306748 0.0491228
0 0.629294 0.288596 0.00337423 0.054386
0 0.664724 0.474561 0.00429448 0.0684211
0 0.561503 0.212281 0.00337423 0.045614
0 0.690184 0.561404 0.00490798 0.077193
0 0.466411 0.361403 0.00398773 0.0526316
0 0.528528 0.400877 0.00429448 0.0614035
0 0.572699 0.433333 0.00368098 0.0666667
0 0.462577 0.498246 0.00490798 0.0701754
0 0.28865 0.357895 0.00429448 0.0701754
0 0.472239 0.364035 0.00398773 0.054386
0 0.668865 0.596491 0.00521472 0.0736842
0 0.542791 0.335965 0.00337423 0.0614035
