0 0.546626 0.192982 0.00245399 0.0385965
0 0.470552 0.184211 0.00245399 0.0385965
0 0.729601 0.340351 0.00337423 0.0526316
0 0.567945 0.323684 0.00337423 0.054386
0 0.600307 0.559649 0.00490798 0.0666667
0 0.528988 0.319298 0.00337423 0.0561404
0 0.568252 0.249123 0.00276074 0.045614
0 0.501687 0.222807 0.00276074 0.045614
0 0.535736 0.402632 0.00398773 0.0614035
0 0.445092 0.364912 0.00245399 0.045614
0 0.582975 0.333333 0.00337423 0.0561404
0 0.592791 0.414912 0.00398773 0.0649123
0 0.260583 0.333333 0.00521472 0.0596491
0 0.489724 0.259649 0.00276074 0.0421053
0 0.589571 0.442105 0.00368098 0.0596491
0 0.41411 0.298246 0.00306748 0.0526316
0 0.477301 0.324561 0.00306748 0.0491228
0 0.440337 0.403509 0.00398773 0.0631579
0 0.387577 0.510526 0.00460123 0.0736842
0 0.605828 0.519298 0.00429448 0.0701754
0 0.503681 0.573684 0.00490798 0.077193
0 0.514877 0.279825 0.00337423 0.0508772
0 0.450153 0.770175 0.00705521 0.0982456
