0 0.487577 0.319298 0.00337423 0.045614
0 0.531135 0.168421 0.00214724 0.0315789
0 0.750307 0.348246 0.00368098 0.054386
0 0.496626 0.232456 0.00368098 0.0403509
0 0.499847 0.197368 0.00337423 0.0403509
0 0.636196 0.203509 0.00245399 0.0421053
0 0.615337 0.266667 0.00306748 0.0491228
0 0.548926 0.235965 0.00276074 0.0438596
0 0.704601 0.450877 0.00429448 0.0596491
0 0.619785 0.414912 0.00398773 0.0614035
0 0.481135 0.404386 0.00337423 0.054386
0 0.645399 0.367544 0.00368098 0.0578947
0 0.281595 0.35614 0.00306748 0.0526316
0 0.544325 0.339474 0.00337423 0.054386
0 0.477147 0.542105 0.00460123 0.0666667
0 0.524233 0.289474 0.00306748 0.0491228
0 0.480368 0.366667 0.00368098 0.0561404
0 0.639877 0.459649 0.00429448 0.0666667
0 0.600767 0.577193 0.00521472 0.0807018
0 0.485276 0.650877 0.00552147 0.0877193
0 0.720706 0.523684 0.00521472 0.0789474
0 0.618558 0.746491 0.00644172 0.0964912
0 0.533742 0.420175 0.00490798 0.0614035
