0 0.620399 0.185965 0.00276074 0.0385965
0 0.604755 0.269298 0.00276074 0.0508772
0 0.558742 0.187719 0.00276074 0.0385965
0 0.499847 0.22807 0.00276074 0.0421053
0 0.623466 0.168421 0.00337423 0.045614
0 0.718865 0.254386 0.00276074 0.045614
0 0.483742 0.251754 0.00306748 0.0473684
0 0.48819 0.192105 0.00337423 0.0403509
0 0.483436 0.457895 0.00429448 0.0631579
0 0.556135 0.297368 0.00306748 0.0508772
0 0.613037 0.318421 0.00337423 0.054386
0 0.535429 0.226316 0.00276074 0.045614
0 0.530982 0.155263 0.00368098 0.0473684
0 0.292025 0.328947 0.00368098 0.0614035
0 0.71411 0.425439 0.00429448 0.0649123
0 0.642791 0.363158 0.00398773 0.0596491
0 0.491718 0.535965 0.00490798 0.0754386
0 0.484663 0.330702 0.00368098 0.0578947
0 0.52592 0.191228 0.00398773 0.045614
0 0.481442 0.287719 0.00337423 0.0561404
0 0.593712 0.231579 0.00337423 0.0526316
0 0.557362 0.420175 0.00429448 0.0614035
0 0.618712 0.616667 0.00552147 0.0824561
