0 0.439417 0.385088 0.00337423 0.0438596
0 0.549387 0.288596 0.00306748 0.0403509
0 0.439417 0.408772 0.00398773 0.0561404
0 0.545399 0.383333 0.00368098 0.0614035
0 0.506135 0.526316 0.00490798 0.0561404
0 0.734049 0.357895 0.00368098 0.0596491
0 0.505982 0.45 0.00398773 0.0719298
0 0.592178 0.325439 0.00337423 0.054386
0 0.610429 0.413158 0.00429448 0.0614035
0 0.47316 0.385965 0.00276074 0.0526316
0 0.539724 0.235965 0.00276074 0.0438596
0 0.463344 0.416667 0.00337423 0.054386
0 0.445092 0.501754 0.00429448 0.0736842
0 0.604448 0.495614 0.00460123 0.0684211
0 0.480368 0.535965 0.00736196 0.0578947
0 0.528221 0.466667 0.00429448 0.0666667
0 0.453221 0.475439 0.00398773 0.0631579
0 0.269785 0.37193 0.00460123 0.0701754
0 0.635736 0.547368 0.00521472 0.0701754
0 0.566411 0.588596 0.00521472 0.0719298
0 0.51365 0.64386 0.00582822 0.0842105
0 0.431595 0.59386 0.00306748 0.0719298
0 0.421319 0.69386 0.00582822 0.0894737
