0 0.635736 0.195614 0.00276074 0.0438596
0 0.642331 0.351754 0.00368098 0.0508772
0 0.634509 0.165789 0.00398773 0.0438596
0 0.488037 0.258772 0.00306748 0.0508772
0 0.717178 0.261404 0.00306748 0.0491228
0 0.297393 0.328947 0.00337423 0.054386
0 0.492945 0.199123 0.00306748 0.0403509
0 0.502761 0.242105 0.00306748 0.0421053
0 0.562117 0.198246 0.00276074 0.0421053
0 0.609509 0.27807 0.00306748 0.0473684
0 0.534049 0.157018 0.00368098 0.0438596
0 0.485123 0.288596 0.00337423 0.054386
0 0.488037 0.466667 0.00429448 0.0701754
0 0.490031 0.329825 0.00398773 0.0631579
0 0.538804 0.229825 0.00276074 0.0421053
0 0.559356 0.301754 0.00337423 0.0526316
0 0.62316 0.316667 0.00337423 0.054386
0 0.597086 0.222807 0.00337423 0.0526316
0 0.565644 0.413158 0.00368098 0.0578947
0 0.497853 0.535965 0.00490798 0.0754386
0 0.732515 0.457895 0.00429448 0.0666667
0 0.525307 0.196491 0.00398773 0.045614
0 0.62638 0.634211 0.00552147 0.0824561
