0 0.412117 0.45614 0.00398773 0.0631579
0 0.251841 0.359649 0.00306748 0.0666667
0 0.47408 0.178947 0.00214724 0.0315789
0 0.46411 0.37807 0.00368098 0.054386
0 0.394939 0.464035 0.00398773 0.0684211
0 0.386503 0.391228 0.00306748 0.0561404
0 0.492791 0.404386 0.00398773 0.0614035
0 0.484049 0.494737 0.00490798 0.0736842
0 0.608129 0.308772 0.00337423 0.0561404
0 0.718865 0.347368 0.00337423 0.0561404
0 0.525307 0.524561 0.00521472 0.0842105
0 0.52454 0.370175 0.00368098 0.0596491
0 0.447699 0.233333 0.00276074 0.045614
0 0.428067 0.616667 0.00521472 0.0789474
0 0.389417 0.413158 0.00398773 0.0614035
0 0.456442 0.587719 0.00552147 0.0807018
0 0.374233 0.55614 0.00368098 0.0631579
0 0.424387 0.263158 0.00337423 0.0526316
0 0.407975 0.289474 0.00429448 0.0526316
0 0.432209 0.500877 0.00368098 0.0684211
0 0.420399 0.764912 0.00644172 0.101754
0 0.354908 0.722807 0.00613497 0.0947368
0 0.409049 0.560526 0.00460123 0.0894737
