0 0.556442 0.333333 0.00368098 0.0561404
0 0.301534 0.334211 0.00306748 0.0508772
0 0.652454 0.22193 0.00245399 0.0368421
0 0.647086 0.165789 0.00337423 0.0438596
0 0.496626 0.209649 0.00245399 0.0403509
0 0.66319 0.388597 0.00368098 0.0438596
0 0.537423 0.160526 0.00306748 0.0403509
0 0.61089 0.238596 0.00276074 0.045614
0 0.617791 0.304386 0.00306748 0.0508772
0 0.566871 0.208772 0.00245399 0.0421053
0 0.492485 0.342105 0.00398773 0.0561404
0 0.542178 0.24386 0.00276074 0.0350877
0 0.508589 0.277193 0.00306748 0.045614
0 0.731288 0.286842 0.00306748 0.0473684
0 0.491104 0.267544 0.00368098 0.0438596
0 0.488037 0.492105 0.00429448 0.0684211
0 0.579908 0.442105 0.00398773 0.0526316
0 0.496012 0.563158 0.00490798 0.077193
0 0.623926 0.335965 0.00368098 0.054386
0 0.48635 0.304386 0.00398773 0.0473684
0 0.750153 0.492982 0.00460123 0.0701754
0 0.519478 0.201754 0.00398773 0.0421053
0 0.646012 0.691228 0.00613497 0.0877193
