0 0.405061 0.392105 0.00276074 0.0614035
0 0.712423 0.352632 0.00398773 0.0596491
0 0.481595 0.375439 0.00368098 0.0596491
0 0.469018 0.185965 0.00245399 0.0421053
0 0.46089 0.37807 0.00398773 0.0614035
0 0.534202 0.555263 0.00460123 0.0719298
0 0.24816 0.357018 0.00245399 0.0578947
0 0.440031 0.50614 0.00398773 0.0719298
0 0.446933 0.263158 0.00306748 0.0491228
0 0.510429 0.507895 0.00429448 0.0789474
0 0.58727 0.302632 0.00337423 0.054386
0 0.450767 0.519298 0.00460123 0.0736842
0 0.418405 0.5 0.00429448 0.0666667
0 0.423006 0.287719 0.00306748 0.0526316
0 0.515184 0.390351 0.00398773 0.0614035
0 0.402454 0.422807 0.00490798 0.0701754
0 0.415337 0.302632 0.00306748 0.0578947
0 0.399233 0.449123 0.00582822 0.0807018
0 0.38589 0.561404 0.00368098 0.0631579
0 0.415184 0.534211 0.00398773 0.0719298
0 0.42638 0.614912 0.00552147 0.0789474
0 0.427607 0.735088 0.00674847 0.0982456
0 0.364571 0.733333 0.00644172 0.0947368
