0 0.423006 0.278947 0.00306748 0.0491228
0 0.472393 0.373684 0.00368098 0.0561404
0 0.521472 0.373684 0.00368098 0.0596491
0 0.453374 0.368421 0.00368098 0.0561404
0 0.394479 0.372807 0.00306748 0.0473684
0 0.492178 0.49386 0.00460123 0.0684211
0 0.469325 0.181579 0.00245399 0.0368421
0 0.248466 0.35614 0.00245399 0.0631579
0 0.603221 0.309649 0.00337423 0.054386
0 0.432515 0.521053 0.00368098 0.0666667
0 0.717945 0.348246 0.00337423 0.0578947
0 0.447086 0.24386 0.00276074 0.045614
0 0.423773 0.603509 0.00460123 0.0842105
0 0.429141 0.491228 0.00368098 0.0701754
0 0.382362 0.546491 0.00398773 0.0684211
0 0.41089 0.295614 0.00337423 0.0614035
0 0.401994 0.492982 0.00460123 0.0701754
0 0.390337 0.463158 0.00398773 0.077193
0 0.525153 0.542982 0.00490798 0.0789474
0 0.395245 0.412281 0.00460123 0.0701754
0 0.410429 0.564912 0.00429448 0.0877193
0 0.421319 0.764912 0.00644172 0.0982456
0 0.359816 0.72807 0.00613497 0.0947368
