0 0.49954 0.55614 0.00521472 0.0736842
0 0.291871 0.368421 0.00398773 0.0666667
0 0.760583 0.365789 0.00398773 0.0578947
0 0.482669 0.314912 0.00337423 0.054386
0 0.517178 0.412281 0.00429448 0.0596491
0 0.489724 0.450877 0.00460123 0.0666667
0 0.706442 0.431579 0.00429448 0.0666667
0 0.606288 0.463158 0.00398773 0.0701754
0 0.508282 0.534211 0.00490798 0.0578947
0 0.635123 0.404386 0.00398773 0.0684211
0 0.551227 0.348246 0.00306748 0.054386
0 0.550767 0.39386 0.00398773 0.0614035
0 0.510583 0.400877 0.00398773 0.0614035
0 0.596012 0.277193 0.00306748 0.0491228
0 0.547546 0.464035 0.00429448 0.0649123
0 0.616718 0.467544 0.00521472 0.0789474
0 0.715337 0.565789 0.00552147 0.0789474
0 0.682822 0.624561 0.00490798 0.0912281
0 0.489571 0.324561 0.00429448 0.0596491
0 0.690491 0.642982 0.00552147 0.0824561
0 0.571319 0.207018 0.00337423 0.045614
0 0.642178 0.271053 0.00337423 0.0508772
0 0.692178 0.500877 0.00582822 0.0789474
