0 0.495706 0.525439 0.00490798 0.0473684
0 0.491258 0.523684 0.00582822 0.0473684
0 0.532515 0.447368 0.00429448 0.0701754
0 0.746626 0.35 0.00368098 0.0578947
0 0.454141 0.453509 0.00460123 0.0508772
0 0.502761 0.388597 0.00429448 0.0578947
0 0.460583 0.474561 0.00398773 0.0614035
0 0.455675 0.52807 0.00460123 0.0596491
0 0.563497 0.361403 0.00368098 0.0561404
0 0.644785 0.414035 0.00429448 0.0631579
0 0.468252 0.419298 0.00337423 0.0491228
0 0.578067 0.29386 0.00337423 0.0508772
0 0.519785 0.352632 0.00276074 0.0526316
0 0.629448 0.47193 0.00429448 0.0701754
0 0.611196 0.309649 0.00337423 0.054386
0 0.551534 0.624561 0.00552147 0.077193
0 0.45046 0.583333 0.00521472 0.0789474
0 0.47408 0.388597 0.00460123 0.0649123
0 0.53681 0.414035 0.00429448 0.0631579
0 0.272393 0.368421 0.00429448 0.0631579
0 0.540644 0.221053 0.00276074 0.0421053
0 0.664571 0.55 0.00521472 0.0754386
0 0.623466 0.570175 0.00521472 0.0736842
