0 0.634202 0.207895 0.00276074 0.0438596
0 0.753374 0.352632 0.00368098 0.0561404
0 0.652761 0.367544 0.00368098 0.0508772
0 0.533742 0.17193 0.00245399 0.0315789
0 0.278834 0.355263 0.00306748 0.054386
0 0.616718 0.275439 0.00337423 0.0491228
0 0.49862 0.199123 0.00337423 0.0403509
0 0.54862 0.237719 0.00276074 0.0438596
0 0.698773 0.478947 0.00429448 0.0666667
0 0.48635 0.337719 0.00337423 0.0578947
0 0.479294 0.414035 0.00337423 0.0561404
0 0.493865 0.237719 0.00368098 0.0403509
0 0.478681 0.377193 0.00337423 0.0561404
0 0.523926 0.294737 0.00306748 0.0491228
0 0.467178 0.547368 0.00490798 0.077193
0 0.544939 0.350877 0.00337423 0.0561404
0 0.633589 0.438596 0.00398773 0.0666667
0 0.723313 0.527193 0.00552147 0.0824561
0 0.588957 0.576316 0.00490798 0.0789474
0 0.640798 0.446491 0.00429448 0.0684211
0 0.604908 0.757895 0.00674847 0.0947368
0 0.472853 0.683333 0.00582822 0.0894737
0 0.529755 0.424561 0.00490798 0.0631579
