0 0.76089 0.365789 0.00398773 0.0578947
0 0.705215 0.429825 0.00429448 0.0631579
0 0.496166 0.551754 0.00521472 0.0684211
0 0.481595 0.320175 0.00306748 0.054386
0 0.504294 0.532456 0.00490798 0.0684211
0 0.549847 0.394737 0.00398773 0.0631579
0 0.291258 0.364912 0.00398773 0.0666667
0 0.516871 0.412281 0.00429448 0.0596491
0 0.632515 0.402632 0.00368098 0.0649123
0 0.510583 0.403509 0.00398773 0.0631579
0 0.603988 0.462281 0.00368098 0.0649123
0 0.547546 0.464035 0.00429448 0.0649123
0 0.614571 0.465789 0.00521472 0.0789474
0 0.595859 0.277193 0.00337423 0.0491228
0 0.680368 0.62193 0.00490798 0.0894737
0 0.488344 0.451754 0.00429448 0.0684211
0 0.550153 0.345614 0.00337423 0.0561404
0 0.714264 0.565789 0.00521472 0.0754386
0 0.68865 0.641228 0.00552147 0.0824561
0 0.488344 0.327193 0.00429448 0.0614035
0 0.571319 0.20614 0.00337423 0.0438596
0 0.641564 0.27193 0.00337423 0.0526316
0 0.690337 0.500877 0.00582822 0.0789474
