0 0.497546 0.19386 0.00245399 0.0368421
0 0.73727 0.281579 0.00337423 0.0508772
0 0.621012 0.178947 0.00214724 0.0280702
0 0.615031 0.269298 0.00306748 0.0508772
0 0.615031 0.199123 0.00245399 0.0403509
0 0.506902 0.22807 0.00276074 0.0385965
0 0.548926 0.325439 0.00337423 0.0578947
0 0.530675 0.160526 0.00245399 0.0368421
0 0.517945 0.192105 0.00276074 0.0438596
0 0.618252 0.264912 0.00337423 0.045614
0 0.532975 0.244737 0.00276074 0.0403509
0 0.558589 0.187719 0.00245399 0.0421053
0 0.65138 0.402632 0.00398773 0.0614035
0 0.609663 0.342105 0.00337423 0.0561404
0 0.479601 0.474561 0.00460123 0.0684211
0 0.481288 0.259649 0.00245399 0.0491228
0 0.699233 0.429825 0.00398773 0.0666667
0 0.482515 0.347368 0.00306748 0.0596491
0 0.56181 0.457895 0.00460123 0.0666667
0 0.488037 0.592105 0.00552147 0.0824561
0 0.289877 0.324561 0.00368098 0.0631579
0 0.614264 0.651754 0.00582822 0.0859649
0 0.479601 0.307018 0.00337423 0.0596491
