0 0.730675 0.359649 0.00368098 0.0561404
0 0.429294 0.398246 0.00398773 0.0666667
0 0.432822 0.395614 0.00368098 0.0614035
0 0.536656 0.282456 0.00337423 0.045614
0 0.596472 0.407895 0.00398773 0.0614035
0 0.440798 0.489474 0.00429448 0.0666667
0 0.446472 0.423684 0.00398773 0.0508772
0 0.452761 0.45 0.00429448 0.0614035
0 0.58727 0.322807 0.00337423 0.0561404
0 0.533129 0.231579 0.00306748 0.045614
0 0.541718 0.384211 0.00368098 0.0596491
0 0.46227 0.397368 0.00245399 0.054386
0 0.500307 0.446491 0.00429448 0.0684211
0 0.543712 0.595614 0.00521472 0.0719298
0 0.481135 0.530702 0.00644172 0.0614035
0 0.272853 0.369298 0.00460123 0.0684211
0 0.511656 0.52807 0.00490798 0.0666667
0 0.51319 0.664035 0.00613497 0.0859649
0 0.597086 0.502632 0.00460123 0.0719298
0 0.621472 0.542105 0.00490798 0.0736842
0 0.531442 0.478947 0.00460123 0.0701754
0 0.414417 0.70614 0.00613497 0.0929825
0 0.425307 0.592105 0.00276074 0.0684211
