0 0.582822 0.521053 0.00490798 0.0736842
0 0.715951 0.358772 0.00368098 0.0578947
0 0.579908 0.510526 0.00460123 0.0736842
0 0.500767 0.222807 0.00276074 0.045614
0 0.557515 0.394737 0.00398773 0.0526316
0 0.480828 0.626316 0.00521472 0.0736842
0 0.492945 0.271053 0.00306748 0.0473684
0 0.434202 0.338596 0.00276074 0.0561404
0 0.493252 0.417544 0.00429448 0.0631579
0 0.578681 0.307895 0.00337423 0.054386
0 0.424693 0.453509 0.00337423 0.0578947
0 0.528988 0.377193 0.00337423 0.0596491
0 0.481595 0.692105 0.00613497 0.0929825
0 0.506135 0.52807 0.00490798 0.0666667
0 0.416718 0.411404 0.00398773 0.0649123
0 0.454908 0.382456 0.00490798 0.0666667
0 0.409663 0.485088 0.00398773 0.0649123
0 0.53865 0.507018 0.00490798 0.0701754
0 0.47684 0.536842 0.00460123 0.0736842
0 0.261196 0.364035 0.00460123 0.0649123
0 0.443865 0.417544 0.00245399 0.0666667
0 0.403067 0.588596 0.00429448 0.0754386
0 0.383589 0.728947 0.00644172 0.0964912
