0 0.52638 0.452632 0.00429448 0.0596491
0 0.528221 0.459649 0.00429448 0.0561404
0 0.750307 0.346491 0.00368098 0.0578947
0 0.583589 0.364035 0.00337423 0.0508772
0 0.464417 0.391228 0.00368098 0.0491228
0 0.556595 0.416667 0.00398773 0.0649123
0 0.474847 0.50614 0.00429448 0.0649123
0 0.505061 0.394737 0.00460123 0.0631579
0 0.65 0.464912 0.00429448 0.0666667
0 0.663037 0.421053 0.00398773 0.0631579
0 0.460736 0.398246 0.00368098 0.0526316
0 0.521166 0.384211 0.00368098 0.0631579
0 0.58681 0.290351 0.00306748 0.0508772
0 0.678068 0.555263 0.00460123 0.0754386
0 0.469172 0.437719 0.00337423 0.0614035
0 0.557055 0.455263 0.00429448 0.0684211
0 0.285429 0.360526 0.00398773 0.0649123
0 0.621012 0.3 0.00337423 0.0526316
0 0.609049 0.599123 0.00521472 0.0649123
0 0.454601 0.519298 0.00490798 0.0666667
0 0.65138 0.576316 0.00521472 0.0684211
0 0.539264 0.340351 0.00306748 0.0561404
0 0.55092 0.214912 0.00245399 0.0438596
