0 0.703374 0.352632 0.00368098 0.0596491
0 0.495399 0.527193 0.00490798 0.0754386
0 0.459049 0.50614 0.00398773 0.0649123
0 0.25046 0.355263 0.00337423 0.0614035
0 0.43589 0.45614 0.00245399 0.0631579
0 0.582209 0.29386 0.00306748 0.0508772
0 0.47546 0.395614 0.00368098 0.0614035
0 0.431595 0.313158 0.00306748 0.054386
0 0.446933 0.611404 0.00552147 0.0789474
0 0.475614 0.2 0.00276074 0.0491228
0 0.541871 0.507895 0.00460123 0.0719298
0 0.505521 0.374561 0.00368098 0.0578947
0 0.404601 0.414035 0.00368098 0.0631579
0 0.410276 0.464912 0.00460123 0.0666667
0 0.454601 0.273684 0.00306748 0.0491228
0 0.524847 0.397368 0.00368098 0.0614035
0 0.423313 0.321053 0.00306748 0.0596491
0 0.449387 0.688596 0.00613497 0.0894737
0 0.420399 0.440351 0.00398773 0.0701754
0 0.394939 0.582456 0.00398773 0.0736842
0 0.56135 0.549123 0.00429448 0.0701754
0 0.375307 0.737719 0.00644172 0.0964912
