0 0.514417 0.277193 0.00306748 0.0421053
0 0.455828 0.412281 0.00306748 0.0631579
0 0.722546 0.360526 0.00398773 0.0578947
0 0.515184 0.224561 0.00276074 0.045614
0 0.449847 0.414035 0.00276074 0.0596491
0 0.573773 0.401754 0.00398773 0.0631579
0 0.496012 0.425439 0.00429448 0.0649123
0 0.476687 0.547368 0.00490798 0.077193
0 0.424233 0.410526 0.00429448 0.0561404
0 0.495859 0.696491 0.00582822 0.0947368
0 0.42592 0.370175 0.00398773 0.0701754
0 0.58635 0.514035 0.00460123 0.0736842
0 0.580828 0.314035 0.00337423 0.0561404
0 0.411963 0.586842 0.00306748 0.0684211
0 0.419939 0.454386 0.00429448 0.0526316
0 0.414571 0.487719 0.00521472 0.0631579
0 0.536196 0.382456 0.00368098 0.0596491
0 0.598466 0.530702 0.00490798 0.0719298
0 0.505368 0.619298 0.00582822 0.0807018
0 0.53589 0.495614 0.00429448 0.0719298
0 0.396319 0.723684 0.00613497 0.0964912
0 0.266104 0.365789 0.00460123 0.0684211
0 0.51227 0.528947 0.00490798 0.0754386
