0 0.73773 0.281579 0.00368098 0.0508772
0 0.739724 0.283333 0.00337423 0.0508772
0 0.498466 0.19386 0.00245399 0.0368421
0 0.618252 0.275439 0.00337423 0.0526316
0 0.621626 0.17807 0.00214724 0.0263158
0 0.621166 0.269298 0.00306748 0.0473684
0 0.616104 0.201754 0.00276074 0.0421053
0 0.548773 0.327193 0.00368098 0.0578947
0 0.530675 0.162281 0.00245399 0.0368421
0 0.515798 0.191228 0.00276074 0.0421053
0 0.509049 0.231579 0.00276074 0.0421053
0 0.558589 0.186842 0.00245399 0.0403509
0 0.610583 0.349123 0.00337423 0.0561404
0 0.653221 0.40614 0.00398773 0.0578947
0 0.483282 0.349123 0.00337423 0.0596491
0 0.699386 0.431579 0.00429448 0.0666667
0 0.534202 0.25 0.00276074 0.0438596
0 0.482515 0.264912 0.00245399 0.0491228
0 0.56365 0.460526 0.00460123 0.0649123
0 0.479908 0.475439 0.00460123 0.0666667
0 0.479908 0.313158 0.00398773 0.0649123
0 0.488497 0.596491 0.00521472 0.0807018
0 0.290337 0.323684 0.00337423 0.0614035
0 0.61365 0.65614 0.00582822 0.0877193
