0 0.621779 0.187719 0.00245399 0.0385965
0 0.500153 0.227193 0.00276074 0.0438596
0 0.558896 0.189474 0.00245399 0.0385965
0 0.604908 0.269298 0.00306748 0.0508772
0 0.718252 0.255263 0.00276074 0.0473684
0 0.488497 0.192105 0.00337423 0.0438596
0 0.557055 0.297368 0.00306748 0.0508772
0 0.484202 0.457018 0.00398773 0.0614035
0 0.62454 0.167544 0.00368098 0.0473684
0 0.716411 0.430702 0.00398773 0.0649123
0 0.531442 0.155263 0.00337423 0.0473684
0 0.292638 0.329825 0.00368098 0.0666667
0 0.615184 0.316667 0.00337423 0.054386
0 0.536043 0.226316 0.00276074 0.045614
0 0.642638 0.359649 0.00368098 0.0596491
0 0.484663 0.252632 0.00306748 0.0491228
0 0.485429 0.330702 0.00398773 0.0614035
0 0.52592 0.190351 0.00398773 0.0473684
0 0.593098 0.229825 0.00337423 0.0526316
0 0.557822 0.419298 0.00398773 0.0596491
0 0.482055 0.288596 0.00337423 0.054386
0 0.492331 0.533333 0.00490798 0.0736842
0 0.620552 0.615789 0.00552147 0.0807018
