0 0.498466 0.233333 0.00245399 0.0421053
0 0.293098 0.354386 0.00214724 0.0491228
0 0.765184 0.392105 0.00398773 0.0508772
0 0.661503 0.415789 0.00398773 0.0631579
0 0.503528 0.599123 0.00521472 0.0754386
0 0.55046 0.175439 0.00337423 0.0421053
0 0.580828 0.238596 0.00276074 0.045614
0 0.505982 0.228947 0.00276074 0.0473684
0 0.670399 0.35 0.00337423 0.054386
0 0.492331 0.368421 0.00306748 0.0561404
0 0.780061 0.535965 0.00490798 0.0684211
0 0.487423 0.340351 0.00306748 0.0596491
0 0.797086 0.410526 0.00398773 0.0561404
0 0.557055 0.37193 0.00368098 0.0596491
0 0.658589 0.201754 0.00306748 0.0421053
0 0.534049 0.464035 0.00429448 0.0684211
0 0.671166 0.54386 0.00490798 0.0596491
0 0.804448 0.586842 0.00521472 0.0824561
0 0.519172 0.651754 0.00582822 0.0824561
0 0.544479 0.463158 0.00429448 0.0666667
0 0.62684 0.492982 0.00460123 0.0736842
0 0.731902 0.714912 0.00613497 0.0894737
0 0.566718 0.410526 0.00337423 0.0666667
