0 0.619172 0.318421 0.00337423 0.0473684
0 0.53865 0.161404 0.00306748 0.0421053
0 0.496933 0.214912 0.00245399 0.0403509
0 0.739571 0.298246 0.00306748 0.045614
0 0.650767 0.169298 0.00337423 0.0438596
0 0.300153 0.336842 0.00337423 0.0526316
0 0.661503 0.232456 0.00276074 0.0333333
0 0.555982 0.34386 0.00337423 0.0561404
0 0.490491 0.274561 0.00306748 0.0403509
0 0.614877 0.248246 0.00276074 0.0473684
0 0.567638 0.214912 0.00276074 0.0438596
0 0.678681 0.419298 0.00398773 0.0491228
0 0.544325 0.255263 0.00276074 0.0368421
0 0.491258 0.351754 0.00337423 0.054386
0 0.510429 0.29386 0.00306748 0.0438596
0 0.618865 0.347368 0.00398773 0.0526316
0 0.486656 0.509649 0.00460123 0.0649123
0 0.485123 0.310526 0.00398773 0.0491228
0 0.58773 0.469298 0.00429448 0.0614035
0 0.760276 0.513158 0.00460123 0.0719298
0 0.516104 0.202632 0.00398773 0.0438596
0 0.491871 0.574561 0.00521472 0.0789474
0 0.658589 0.718421 0.00613497 0.0894737
