0 0.575767 0.407895 0.00429448 0.0614035
0 0.767638 0.579825 0.00582822 0.0789474
0 0.297393 0.369298 0.00276074 0.0473684
0 0.768865 0.598246 0.00644172 0.0842105
0 0.771166 0.37193 0.00368098 0.0526316
0 0.66411 0.242105 0.00245399 0.0350877
0 0.577147 0.413158 0.00398773 0.0614035
0 0.501994 0.4 0.00276074 0.0526316
0 0.510276 0.25 0.00276074 0.0438596
0 0.572086 0.401754 0.00368098 0.0596491
0 0.752761 0.441228 0.00429448 0.0649123
0 0.561196 0.186842 0.00276074 0.0368421
0 0.541871 0.507895 0.00460123 0.0684211
0 0.765491 0.741228 0.00644172 0.0859649
0 0.504601 0.251754 0.00306748 0.0438596
0 0.566104 0.512281 0.00460123 0.0666667
0 0.489417 0.385965 0.00276074 0.0631579
0 0.677147 0.536842 0.00521472 0.077193
0 0.679141 0.497368 0.00490798 0.0719298
0 0.594632 0.257895 0.00276074 0.045614
0 0.696932 0.42807 0.00306748 0.0526316
0 0.734049 0.708772 0.00613497 0.0912281
0 0.567025 0.681579 0.00582822 0.0859649
0 0.579141 0.697368 0.00613497 0.0894737
