0 0.517331 0.280702 0.00337423 0.0421053
0 0.450767 0.409649 0.00276074 0.0614035
0 0.425613 0.409649 0.00398773 0.054386
0 0.499693 0.696491 0.00613497 0.0912281
0 0.455675 0.415789 0.00337423 0.0666667
0 0.477761 0.544737 0.00582822 0.0789474
0 0.723006 0.360526 0.00368098 0.0578947
0 0.576534 0.401754 0.00398773 0.0596491
0 0.602147 0.530702 0.00490798 0.0684211
0 0.58773 0.511404 0.00490798 0.0754386
0 0.517331 0.223684 0.00276074 0.0438596
0 0.42546 0.37193 0.00368098 0.0631579
0 0.421472 0.449123 0.00429448 0.0526316
0 0.417485 0.485088 0.00490798 0.0614035
0 0.495859 0.430702 0.00398773 0.0649123
0 0.581748 0.314912 0.00337423 0.054386
0 0.413344 0.591228 0.00337423 0.0701754
0 0.53681 0.381579 0.00368098 0.0614035
0 0.39862 0.724561 0.00644172 0.0947368
0 0.267178 0.365789 0.00429448 0.0649123
0 0.535276 0.496491 0.00490798 0.0736842
0 0.51227 0.529825 0.00490798 0.077193
0 0.509049 0.615789 0.00582822 0.0842105
