0 0.705215 0.354386 0.00368098 0.0561404
0 0.253681 0.358772 0.00306748 0.0649123
0 0.484202 0.401754 0.00398773 0.0631579
0 0.568865 0.52807 0.00460123 0.0736842
0 0.43773 0.431579 0.00306748 0.0701754
0 0.580521 0.297368 0.00337423 0.054386
0 0.469632 0.524561 0.00490798 0.0701754
0 0.441871 0.338596 0.00337423 0.0561404
0 0.461656 0.270175 0.00306748 0.0491228
0 0.46319 0.680702 0.00613497 0.0877193
0 0.516564 0.373684 0.00368098 0.0596491
0 0.554908 0.516667 0.00490798 0.0754386
0 0.479908 0.209649 0.00276074 0.0473684
0 0.532055 0.397368 0.00398773 0.0614035
0 0.479448 0.524561 0.00490798 0.0666667
0 0.519325 0.523684 0.00490798 0.0754386
0 0.413344 0.468421 0.00460123 0.0631579
0 0.430061 0.322807 0.00306748 0.0596491
0 0.426534 0.447368 0.00398773 0.0701754
0 0.410276 0.412281 0.00398773 0.0631579
0 0.399847 0.589474 0.00398773 0.0736842
0 0.456748 0.607895 0.00552147 0.0754386
0 0.378988 0.72807 0.00644172 0.0947368
