0 0.423313 0.275439 0.00306748 0.0491228
0 0.522699 0.370175 0.00368098 0.0596491
0 0.473313 0.376316 0.00368098 0.054386
0 0.454755 0.368421 0.00337423 0.0561404
0 0.393558 0.372807 0.00306748 0.0473684
0 0.470245 0.180702 0.00245399 0.0350877
0 0.718098 0.346491 0.00368098 0.0578947
0 0.248466 0.35614 0.00245399 0.0631579
0 0.402914 0.485965 0.00460123 0.0666667
0 0.410429 0.29386 0.00306748 0.0614035
0 0.604755 0.309649 0.00337423 0.054386
0 0.490644 0.492982 0.00460123 0.0701754
0 0.432669 0.527193 0.00398773 0.0649123
0 0.423926 0.602632 0.00429448 0.0824561
0 0.447086 0.242105 0.00276074 0.045614
0 0.52546 0.542105 0.00490798 0.0807018
0 0.428681 0.492105 0.00398773 0.0719298
0 0.394479 0.412281 0.00429448 0.0736842
0 0.382055 0.545614 0.00398773 0.0666667
0 0.390184 0.462281 0.00429448 0.0754386
0 0.410123 0.565789 0.00429448 0.0859649
0 0.421319 0.764912 0.00644172 0.0982456
0 0.358742 0.726316 0.00644172 0.0947368
