0 0.544632 0.189474 0.00214724 0.0385965
0 0.469018 0.183333 0.00245399 0.0368421
0 0.729448 0.339474 0.00306748 0.054386
0 0.527147 0.314912 0.00337423 0.054386
0 0.499233 0.224561 0.00276074 0.045614
0 0.26135 0.327193 0.00490798 0.0614035
0 0.382975 0.500877 0.00460123 0.0684211
0 0.567331 0.244737 0.00276074 0.0473684
0 0.566411 0.320175 0.00337423 0.0508772
0 0.534202 0.392105 0.00398773 0.0614035
0 0.580521 0.328947 0.00337423 0.054386
0 0.444785 0.353509 0.00245399 0.0473684
0 0.440184 0.391228 0.00368098 0.0596491
0 0.58911 0.435088 0.00398773 0.0596491
0 0.411043 0.298246 0.00306748 0.0526316
0 0.477761 0.314912 0.00337423 0.0508772
0 0.590951 0.40614 0.00398773 0.0649123
0 0.488804 0.25614 0.00276074 0.045614
0 0.513957 0.27807 0.00337423 0.0508772
0 0.606135 0.50614 0.00429448 0.0754386
0 0.451534 0.765789 0.00674847 0.0964912
0 0.60138 0.547368 0.00582822 0.0807018
0 0.503681 0.562281 0.00490798 0.0789474
