0 0.454294 0.505263 0.00368098 0.0631579
0 0.488957 0.547368 0.00552147 0.0421053
0 0.743252 0.350877 0.00368098 0.0596491
0 0.454294 0.473684 0.00490798 0.0596491
0 0.459202 0.424561 0.00429448 0.0596491
0 0.459969 0.388597 0.00460123 0.0614035
0 0.444785 0.560526 0.00368098 0.0719298
0 0.556135 0.371053 0.00368098 0.0578947
0 0.634202 0.413158 0.00398773 0.0614035
0 0.571472 0.294737 0.00306748 0.0526316
0 0.480215 0.548246 0.00766871 0.0473684
0 0.620706 0.483333 0.00460123 0.0719298
0 0.605215 0.314912 0.00306748 0.054386
0 0.605828 0.573684 0.00552147 0.0736842
0 0.490031 0.395614 0.00398773 0.0614035
0 0.506135 0.364912 0.00306748 0.0596491
0 0.440951 0.628947 0.00582822 0.0824561
0 0.522239 0.651754 0.00582822 0.0859649
0 0.520245 0.449123 0.00368098 0.0701754
0 0.539264 0.22807 0.00306748 0.045614
0 0.266411 0.377193 0.00460123 0.0631579
0 0.656135 0.547368 0.00490798 0.0736842
0 0.529601 0.42807 0.00398773 0.0631579
