0 0.296012 0.357895 0.00306748 0.0491228
0 0.500767 0.238596 0.00276074 0.045614
0 0.790184 0.559649 0.00490798 0.0736842
0 0.792945 0.588596 0.00552147 0.0859649
0 0.791104 0.391228 0.00368098 0.0596491
0 0.587577 0.244737 0.00276074 0.0438596
0 0.700613 0.602632 0.00552147 0.0649123
0 0.53911 0.483333 0.00460123 0.0649123
0 0.530061 0.623684 0.00552147 0.0684211
0 0.756135 0.74386 0.00674847 0.0947368
0 0.661503 0.219298 0.00276074 0.0350877
0 0.555675 0.178947 0.00276074 0.0350877
0 0.507975 0.233333 0.00245399 0.0421053
0 0.675 0.436842 0.00398773 0.0631579
0 0.655061 0.495614 0.00460123 0.0684211
0 0.564417 0.384211 0.00368098 0.0561404
0 0.769018 0.421053 0.00429448 0.0666667
0 0.494939 0.380702 0.00337423 0.0561404
0 0.571932 0.409649 0.00337423 0.0684211
0 0.687423 0.386842 0.00306748 0.0508772
0 0.55092 0.472807 0.00429448 0.0649123
0 0.487883 0.358772 0.00276074 0.0578947
0 0.546626 0.668421 0.00552147 0.0877193
