0 0.254448 0.358772 0.00337423 0.0649123
0 0.707055 0.353509 0.00368098 0.0578947
0 0.485736 0.402632 0.00398773 0.0649123
0 0.465644 0.269298 0.00306748 0.0403509
0 0.471626 0.523684 0.00398773 0.0719298
0 0.534816 0.396491 0.00398773 0.0596491
0 0.437883 0.430702 0.00276074 0.0684211
0 0.518252 0.374561 0.00337423 0.0578947
0 0.444632 0.341228 0.00337423 0.0578947
0 0.431595 0.324561 0.00306748 0.0596491
0 0.580521 0.3 0.00337423 0.0526316
0 0.523926 0.518421 0.00490798 0.0754386
0 0.481595 0.211404 0.00245399 0.0473684
0 0.427301 0.448246 0.00429448 0.0684211
0 0.557362 0.516667 0.00490798 0.0754386
0 0.414417 0.469298 0.00429448 0.0649123
0 0.458436 0.612281 0.00521472 0.077193
0 0.464571 0.679825 0.00582822 0.0894737
0 0.569479 0.526316 0.00460123 0.0736842
0 0.482822 0.524561 0.00490798 0.0701754
0 0.411503 0.411404 0.00398773 0.0614035
0 0.378374 0.728947 0.00644172 0.0964912
0 0.400767 0.592105 0.00398773 0.0719298
