0 0.634816 0.207895 0.00276074 0.0438596
0 0.691871 0.496491 0.00460123 0.0701754
0 0.752147 0.350877 0.00368098 0.0561404
0 0.661043 0.383333 0.00368098 0.0614035
0 0.279448 0.352632 0.00306748 0.0561404
0 0.720092 0.533333 0.00521472 0.077193
0 0.549847 0.242982 0.00276074 0.0438596
0 0.618405 0.281579 0.00306748 0.0508772
0 0.492331 0.237719 0.00306748 0.0403509
0 0.496933 0.200877 0.00306748 0.0403509
0 0.526994 0.299123 0.00306748 0.0473684
0 0.478988 0.414912 0.00337423 0.054386
0 0.645245 0.421053 0.00398773 0.0631579
0 0.526994 0.426316 0.00490798 0.0596491
0 0.486503 0.335088 0.00306748 0.0561404
0 0.478681 0.381579 0.00337423 0.054386
0 0.464571 0.550877 0.00521472 0.0736842
0 0.637117 0.445614 0.00490798 0.0701754
0 0.544939 0.35 0.00337423 0.054386
0 0.534816 0.172807 0.00276074 0.0333333
0 0.582209 0.57193 0.00552147 0.0807018
0 0.465951 0.701754 0.00613497 0.0912281
0 0.597086 0.750877 0.00644172 0.0947368
