0 0.780982 0.527193 0.00490798 0.0578947
0 0.294325 0.354386 0.00214724 0.045614
0 0.499693 0.22807 0.00245399 0.0421053
0 0.796626 0.400877 0.00368098 0.0473684
0 0.768252 0.402632 0.00398773 0.0578947
0 0.677301 0.359649 0.00306748 0.0526316
0 0.667485 0.42193 0.00368098 0.0614035
0 0.677914 0.554386 0.00490798 0.0526316
0 0.48773 0.346491 0.00306748 0.0578947
0 0.551994 0.177193 0.00337423 0.0385965
0 0.506595 0.22807 0.00276074 0.045614
0 0.494172 0.371053 0.00368098 0.0578947
0 0.583282 0.240351 0.00276074 0.045614
0 0.659202 0.205263 0.00306748 0.0385965
0 0.802301 0.583333 0.00521472 0.0824561
0 0.559509 0.374561 0.00368098 0.0578947
0 0.510583 0.603509 0.00521472 0.077193
0 0.737883 0.713158 0.00582822 0.0719298
0 0.546166 0.464912 0.00460123 0.0666667
0 0.63589 0.491228 0.00490798 0.0736842
0 0.538497 0.472807 0.00460123 0.0684211
0 0.569479 0.409649 0.00337423 0.0649123
0 0.529601 0.647368 0.00582822 0.0842105
