0 0.525767 0.305263 0.00306748 0.0491228
0 0.479448 0.185965 0.00245399 0.0350877
0 0.551534 0.357895 0.00368098 0.0596491
0 0.572393 0.557895 0.00429448 0.0561404
0 0.563957 0.566667 0.00521472 0.0631579
0 0.456135 0.422807 0.00306748 0.0491228
0 0.496933 0.282456 0.00306748 0.0421053
0 0.735583 0.351754 0.00368098 0.0578947
0 0.258589 0.34386 0.00490798 0.0596491
0 0.460583 0.759649 0.00644172 0.0842105
0 0.421626 0.523684 0.00460123 0.0754386
0 0.51089 0.581579 0.00521472 0.054386
0 0.580521 0.345614 0.00337423 0.0561404
0 0.578681 0.265789 0.00276074 0.0473684
0 0.558896 0.208772 0.00368098 0.045614
0 0.604908 0.519298 0.00490798 0.0666667
0 0.428528 0.3 0.00306748 0.0526316
0 0.516718 0.238596 0.00337423 0.045614
0 0.59908 0.359649 0.00368098 0.0561404
0 0.437577 0.472807 0.00460123 0.0684211
0 0.613804 0.480702 0.00429448 0.0701754
0 0.545399 0.465789 0.00429448 0.0684211
0 0.476687 0.379825 0.00368098 0.054386
