0 0.43681 0.385088 0.00368098 0.054386
0 0.606595 0.411404 0.00398773 0.0508772
0 0.436043 0.407018 0.00398773 0.0596491
0 0.543558 0.285965 0.00306748 0.045614
0 0.732669 0.359649 0.00398773 0.0596491
0 0.544018 0.384211 0.00337423 0.0596491
0 0.503374 0.448246 0.00429448 0.0684211
0 0.590951 0.323684 0.00337423 0.054386
0 0.442945 0.496491 0.00429448 0.0736842
0 0.53773 0.234211 0.00306748 0.0438596
0 0.630982 0.546491 0.00490798 0.0684211
0 0.510276 0.531579 0.00460123 0.0596491
0 0.599847 0.501754 0.00460123 0.0701754
0 0.271319 0.372807 0.00460123 0.0719298
0 0.457669 0.422807 0.00368098 0.0526316
0 0.558129 0.590351 0.00521472 0.0719298
0 0.453067 0.464912 0.00429448 0.0631579
0 0.513497 0.653509 0.00552147 0.0859649
0 0.480982 0.531579 0.00674847 0.0631579
0 0.528988 0.474561 0.00460123 0.0684211
0 0.419632 0.695614 0.00613497 0.0929825
0 0.468558 0.394737 0.00276074 0.0596491
0 0.429448 0.592105 0.00368098 0.0754386
