0 0.496626 0.229825 0.00245399 0.045614
0 0.759202 0.377193 0.00368098 0.0561404
0 0.291411 0.354386 0.00245399 0.0491228
0 0.790031 0.405263 0.00398773 0.0631579
0 0.48681 0.334211 0.00306748 0.054386
0 0.548006 0.173684 0.00337423 0.0421053
0 0.65138 0.407018 0.00398773 0.0596491
0 0.505215 0.227193 0.00306748 0.0473684
0 0.66181 0.338596 0.00337423 0.0561404
0 0.489571 0.364035 0.00306748 0.0578947
0 0.577147 0.236842 0.00276074 0.045614
0 0.495552 0.595614 0.00521472 0.0754386
0 0.52638 0.45 0.00429448 0.0684211
0 0.657669 0.198246 0.00306748 0.0421053
0 0.61365 0.488596 0.00460123 0.0719298
0 0.554294 0.362281 0.00368098 0.0578947
0 0.540798 0.457895 0.00429448 0.0631579
0 0.665184 0.552632 0.00460123 0.0736842
0 0.772699 0.522807 0.00490798 0.0736842
0 0.507975 0.662281 0.00613497 0.0894737
0 0.562883 0.407895 0.00306748 0.0649123
0 0.730061 0.729825 0.00613497 0.0947368
0 0.802301 0.577193 0.00521472 0.0807018
