0 0.250153 0.357018 0.00276074 0.0649123
0 0.408282 0.462281 0.00429448 0.0684211
0 0.38911 0.382456 0.00337423 0.0561404
0 0.472393 0.179825 0.00245399 0.0333333
0 0.52454 0.371053 0.00368098 0.0578947
0 0.459816 0.375439 0.00368098 0.0596491
0 0.485583 0.391228 0.00368098 0.0596491
0 0.390337 0.408772 0.00398773 0.0596491
0 0.607515 0.307895 0.00337423 0.054386
0 0.718405 0.346491 0.00368098 0.0578947
0 0.42408 0.265789 0.00337423 0.054386
0 0.445245 0.554386 0.00460123 0.077193
0 0.485736 0.492982 0.00460123 0.0701754
0 0.447699 0.235088 0.00276074 0.045614
0 0.52592 0.528947 0.00521472 0.0859649
0 0.392178 0.461404 0.00398773 0.0701754
0 0.408282 0.288596 0.00429448 0.0508772
0 0.377761 0.550877 0.00398773 0.0701754
0 0.425 0.607895 0.00582822 0.0789474
0 0.429755 0.496491 0.00368098 0.0701754
0 0.356902 0.728947 0.00644172 0.0929825
0 0.420706 0.764035 0.00644172 0.1
0 0.408589 0.565789 0.00429448 0.0894737
