0 0.715031 0.358772 0.00368098 0.0578947
0 0.580368 0.523684 0.00429448 0.0719298
0 0.555215 0.398246 0.00368098 0.0561404
0 0.579141 0.511404 0.00429448 0.0684211
0 0.499233 0.222807 0.00276074 0.045614
0 0.478834 0.630702 0.00490798 0.0789474
0 0.490951 0.273684 0.00337423 0.0491228
0 0.434816 0.335088 0.00276074 0.0561404
0 0.505215 0.528947 0.00490798 0.0649123
0 0.493098 0.416667 0.00398773 0.0649123
0 0.425153 0.452632 0.00368098 0.0596491
0 0.578528 0.307895 0.00368098 0.054386
0 0.26089 0.364912 0.00460123 0.0666667
0 0.416718 0.410526 0.00398773 0.0631579
0 0.528374 0.377193 0.00337423 0.0596491
0 0.481288 0.692982 0.00613497 0.0912281
0 0.410736 0.485088 0.00429448 0.0649123
0 0.538497 0.507018 0.00460123 0.0701754
0 0.454601 0.379825 0.00490798 0.0649123
0 0.47684 0.536842 0.00460123 0.0736842
0 0.443405 0.419298 0.00276074 0.0631579
0 0.402454 0.590351 0.00429448 0.0719298
0 0.382669 0.728947 0.00644172 0.0964912
