0 0.784356 0.585088 0.00613497 0.0859649
0 0.297239 0.364912 0.00306748 0.045614
0 0.763957 0.741228 0.00644172 0.0754386
0 0.573006 0.409649 0.00368098 0.0649123
0 0.569479 0.392982 0.00398773 0.0596491
0 0.496933 0.395614 0.00306748 0.0508772
0 0.502147 0.244737 0.00306748 0.0438596
0 0.782209 0.377193 0.00368098 0.0526316
0 0.664417 0.229825 0.00245399 0.0350877
0 0.509202 0.237719 0.00245399 0.0438596
0 0.679448 0.461404 0.00429448 0.0631579
0 0.558742 0.183333 0.00276074 0.0368421
0 0.592178 0.250877 0.00276074 0.045614
0 0.763037 0.435088 0.00398773 0.0666667
0 0.554294 0.670175 0.00613497 0.0877193
0 0.541258 0.5 0.00460123 0.0736842
0 0.673159 0.511404 0.00460123 0.0719298
0 0.563497 0.707895 0.00613497 0.0964912
0 0.695399 0.405263 0.00306748 0.0526316
0 0.729141 0.682456 0.00613497 0.077193
0 0.488497 0.370175 0.00276074 0.0596491
0 0.560429 0.489474 0.00429448 0.0631579
