0 0.491411 0.54386 0.00490798 0.0385965
0 0.463804 0.415789 0.00368098 0.0491228
0 0.744632 0.349123 0.00398773 0.0596491
0 0.465644 0.386842 0.00490798 0.0649123
0 0.456288 0.492105 0.00460123 0.0649123
0 0.483896 0.545614 0.00705521 0.0421053
0 0.639417 0.413158 0.00398773 0.0614035
0 0.495245 0.39386 0.00398773 0.0578947
0 0.608129 0.311404 0.00337423 0.054386
0 0.559049 0.366667 0.00337423 0.0561404
0 0.574233 0.29386 0.00306748 0.0508772
0 0.445552 0.611404 0.00521472 0.0789474
0 0.454294 0.463158 0.00490798 0.0561404
0 0.624693 0.477193 0.00460123 0.0701754
0 0.525 0.449123 0.00398773 0.0701754
0 0.533282 0.638596 0.00582822 0.0842105
0 0.539571 0.226316 0.00306748 0.045614
0 0.268252 0.376316 0.00398773 0.0614035
0 0.51227 0.360526 0.00306748 0.0578947
0 0.614571 0.570175 0.00521472 0.0666667
0 0.44954 0.542105 0.00521472 0.0631579
0 0.659202 0.55 0.00490798 0.0754386
0 0.532515 0.420175 0.00429448 0.0649123
