0 0.499233 0.205263 0.00276074 0.045614
0 0.488804 0.330702 0.00337423 0.0578947
0 0.490337 0.234211 0.00276074 0.0473684
0 0.752761 0.349123 0.00368098 0.0596491
0 0.635583 0.202632 0.00245399 0.0403509
0 0.547699 0.338596 0.00337423 0.0526316
0 0.622699 0.281579 0.00306748 0.0508772
0 0.668712 0.371053 0.00368098 0.0614035
0 0.554601 0.24386 0.00306748 0.045614
0 0.525 0.427193 0.00398773 0.0684211
0 0.478374 0.377193 0.00398773 0.0596491
0 0.716411 0.526316 0.00521472 0.077193
0 0.473006 0.541228 0.00490798 0.0719298
0 0.283282 0.347368 0.00337423 0.0631579
0 0.53865 0.297368 0.00306748 0.0508772
0 0.480675 0.413158 0.00368098 0.0614035
0 0.641718 0.457018 0.00429448 0.0684211
0 0.659663 0.375439 0.00398773 0.0631579
0 0.676534 0.485088 0.00460123 0.0719298
0 0.577454 0.551754 0.00521472 0.0754386
0 0.535123 0.171053 0.00276074 0.0333333
0 0.592025 0.746491 0.00674847 0.0964912
0 0.466718 0.704386 0.00644172 0.0929825
