0 0.48773 0.512281 0.00490798 0.0631579
0 0.482975 0.442105 0.00460123 0.0631579
0 0.489571 0.513158 0.00490798 0.0614035
0 0.548773 0.446491 0.00429448 0.0614035
0 0.484969 0.533333 0.00490798 0.0736842
0 0.546319 0.40614 0.00429448 0.0684211
0 0.757209 0.361403 0.00398773 0.0596491
0 0.698466 0.432456 0.00429448 0.0578947
0 0.603988 0.464912 0.00490798 0.0736842
0 0.594172 0.453509 0.00368098 0.0684211
0 0.670092 0.609649 0.00460123 0.0859649
0 0.595706 0.279825 0.00306748 0.0508772
0 0.476687 0.332456 0.00368098 0.0578947
0 0.545399 0.344737 0.00306748 0.0578947
0 0.706902 0.563158 0.00521472 0.0736842
0 0.289724 0.364912 0.00398773 0.0701754
0 0.570399 0.210526 0.00337423 0.045614
0 0.63819 0.274561 0.00337423 0.0508772
0 0.482362 0.338596 0.00398773 0.0596491
0 0.622086 0.394737 0.00306748 0.0631579
0 0.513344 0.40614 0.00398773 0.0614035
0 0.518252 0.405263 0.00460123 0.0631579
0 0.681902 0.62807 0.00552147 0.0842105
0 0.681442 0.490351 0.00582822 0.0789474
