0 0.540031 0.376316 0.00398773 0.0614035
0 0.483436 0.386842 0.00306748 0.0614035
0 0.632209 0.180702 0.00245399 0.0315789
0 0.656902 0.319298 0.00337423 0.0526316
0 0.753374 0.325439 0.00368098 0.0578947
0 0.532822 0.166667 0.00245399 0.0350877
0 0.496933 0.211404 0.00245399 0.0403509
0 0.653834 0.310526 0.00337423 0.0631579
0 0.290644 0.333333 0.00337423 0.0631579
0 0.558282 0.211404 0.00245399 0.0403509
0 0.507055 0.20614 0.00306748 0.0473684
0 0.634816 0.4 0.00398773 0.0631579
0 0.628374 0.245614 0.00276074 0.045614
0 0.536503 0.264035 0.00306748 0.0473684
0 0.491258 0.309649 0.00337423 0.054386
0 0.669172 0.458772 0.00460123 0.0684211
0 0.548926 0.292105 0.00337423 0.0508772
0 0.709356 0.481579 0.00460123 0.0719298
0 0.481135 0.351754 0.00460123 0.0684211
0 0.481135 0.505263 0.00460123 0.0701754
0 0.577147 0.515789 0.00460123 0.0701754
0 0.60184 0.704386 0.00613497 0.0929825
0 0.482362 0.664035 0.00582822 0.0894737
