0 0.545705 0.382456 0.00368098 0.0596491
0 0.440031 0.385088 0.00337423 0.0438596
0 0.439877 0.408772 0.00368098 0.0561404
0 0.549847 0.290351 0.00337423 0.0438596
0 0.505215 0.526316 0.00490798 0.0561404
0 0.734356 0.357895 0.00368098 0.0596491
0 0.592485 0.325439 0.00337423 0.054386
0 0.506595 0.45 0.00398773 0.0719298
0 0.61089 0.413158 0.00398773 0.0614035
0 0.473773 0.385965 0.00276074 0.0526316
0 0.539877 0.235088 0.00306748 0.045614
0 0.527914 0.466667 0.00429448 0.0666667
0 0.46411 0.416667 0.00368098 0.054386
0 0.480368 0.535965 0.00797546 0.0578947
0 0.269785 0.372807 0.00460123 0.0684211
0 0.445399 0.502632 0.00429448 0.0754386
0 0.636196 0.55 0.00490798 0.0719298
0 0.605061 0.496491 0.00460123 0.0701754
0 0.567025 0.590351 0.00521472 0.0719298
0 0.453374 0.475439 0.00429448 0.0631579
0 0.432055 0.594737 0.00337423 0.0736842
0 0.51365 0.64386 0.00582822 0.0842105
0 0.421319 0.692105 0.00582822 0.0894737
