0 0.501994 0.271053 0.00337423 0.0438596
0 0.564264 0.396491 0.00398773 0.0526316
0 0.455982 0.394737 0.00398773 0.0701754
0 0.494632 0.416667 0.00398773 0.0614035
0 0.432055 0.344737 0.00276074 0.0614035
0 0.422086 0.450877 0.00429448 0.0561404
0 0.719018 0.362281 0.00368098 0.0578947
0 0.491104 0.626316 0.00552147 0.0666667
0 0.506135 0.220175 0.00306748 0.0438596
0 0.589877 0.526316 0.00490798 0.0701754
0 0.582822 0.508772 0.00429448 0.0736842
0 0.579295 0.310526 0.00337423 0.0561404
0 0.509816 0.534211 0.00490798 0.0649123
0 0.532055 0.379825 0.00337423 0.0578947
0 0.417945 0.413158 0.00398773 0.0614035
0 0.445706 0.414912 0.00245399 0.0649123
0 0.476074 0.539474 0.00490798 0.0684211
0 0.486963 0.69386 0.00582822 0.0894737
0 0.407515 0.49386 0.00398773 0.0614035
0 0.405215 0.590351 0.00429448 0.0719298
0 0.537883 0.499123 0.00460123 0.0719298
0 0.263037 0.363158 0.00460123 0.0701754
0 0.38819 0.729825 0.00644172 0.0947368
