0 0.505061 0.219298 0.00276074 0.045614
0 0.544785 0.171053 0.00306748 0.0403509
0 0.494325 0.22807 0.00276074 0.0421053
0 0.778681 0.378947 0.00398773 0.0526316
0 0.73911 0.344737 0.00337423 0.0368421
0 0.290337 0.355263 0.00276074 0.0508772
0 0.486043 0.327193 0.00337423 0.054386
0 0.48635 0.357895 0.00337423 0.0526316
0 0.655675 0.189474 0.00276074 0.0385965
0 0.649847 0.323684 0.00337423 0.054386
0 0.638804 0.408772 0.00398773 0.0596491
0 0.572853 0.235088 0.00276074 0.045614
0 0.515951 0.432456 0.00429448 0.0649123
0 0.551534 0.354386 0.00368098 0.0596491
0 0.602147 0.471053 0.00429448 0.0684211
0 0.534509 0.448246 0.00398773 0.0614035
0 0.488344 0.601754 0.00490798 0.0807018
0 0.557669 0.405263 0.00368098 0.0666667
0 0.766104 0.518421 0.00460123 0.0719298
0 0.494018 0.675439 0.00582822 0.0877193
0 0.66135 0.571053 0.00490798 0.0789474
0 0.726687 0.745614 0.00613497 0.0947368
0 0.792791 0.573684 0.00521472 0.0807018
