0 0.715031 0.359649 0.00368098 0.0596491
0 0.47684 0.631579 0.00521472 0.0842105
0 0.497699 0.221053 0.00276074 0.045614
0 0.489264 0.275439 0.00306748 0.0526316
0 0.578528 0.514035 0.00429448 0.0701754
0 0.435123 0.334211 0.00276074 0.054386
0 0.492791 0.414912 0.00398773 0.0649123
0 0.503988 0.530702 0.00490798 0.0684211
0 0.552914 0.398246 0.00398773 0.0631579
0 0.260583 0.363158 0.00460123 0.0666667
0 0.578681 0.307895 0.00337423 0.054386
0 0.528067 0.377193 0.00337423 0.0596491
0 0.454294 0.378947 0.00490798 0.0666667
0 0.480828 0.690351 0.00644172 0.0894737
0 0.416718 0.410526 0.00398773 0.0631579
0 0.537883 0.507018 0.00460123 0.0701754
0 0.425767 0.451754 0.00368098 0.0614035
0 0.477147 0.535965 0.00460123 0.0719298
0 0.411503 0.485088 0.00398773 0.0649123
0 0.442945 0.419298 0.00245399 0.0631579
0 0.40184 0.589474 0.00429448 0.0736842
0 0.381595 0.728947 0.00613497 0.0929825
