0 0.663957 0.500877 0.00460123 0.054386
0 0.737423 0.438596 0.00429448 0.0526316
0 0.74816 0.569298 0.00552147 0.0754386
0 0.501687 0.268421 0.00337423 0.0421053
0 0.762577 0.37193 0.00368098 0.0526316
0 0.496166 0.397368 0.00276074 0.0578947
0 0.296012 0.374561 0.00245399 0.0578947
0 0.508896 0.27193 0.00306748 0.0491228
0 0.595706 0.265789 0.00306748 0.0473684
0 0.568865 0.40614 0.00398773 0.0578947
0 0.526227 0.490351 0.00460123 0.0719298
0 0.567178 0.639474 0.00552147 0.0719298
0 0.552914 0.655263 0.00582822 0.0859649
0 0.657209 0.252632 0.00337423 0.0491228
0 0.565337 0.194737 0.00306748 0.0421053
0 0.736503 0.685965 0.00613497 0.0807018
0 0.720706 0.703509 0.00644172 0.0912281
0 0.676074 0.422807 0.00368098 0.0666667
0 0.57454 0.391228 0.00368098 0.0631579
0 0.507362 0.408772 0.00306748 0.0596491
0 0.555521 0.47807 0.00429448 0.0649123
0 0.653374 0.524561 0.00613497 0.077193
0 0.738957 0.566667 0.00736196 0.0982456
