0 0.571319 0.397368 0.00398773 0.0508772
0 0.721166 0.364035 0.00368098 0.0578947
0 0.51089 0.279825 0.00337423 0.0438596
0 0.456135 0.405263 0.00306748 0.0631579
0 0.495706 0.423684 0.00429448 0.0614035
0 0.411043 0.494737 0.00429448 0.0631579
0 0.448466 0.413158 0.00245399 0.0578947
0 0.512423 0.224561 0.00276074 0.0421053
0 0.422239 0.411404 0.00398773 0.054386
0 0.41089 0.585088 0.00337423 0.0719298
0 0.503067 0.625439 0.00552147 0.0684211
0 0.596472 0.527193 0.00521472 0.0719298
0 0.535276 0.383333 0.00368098 0.0578947
0 0.419939 0.452632 0.00429448 0.0526316
0 0.427454 0.362281 0.00398773 0.0719298
0 0.580061 0.314035 0.00368098 0.0561404
0 0.494172 0.69386 0.00613497 0.0894737
0 0.47638 0.544737 0.00429448 0.0754386
0 0.584663 0.514035 0.00490798 0.0736842
0 0.536963 0.497368 0.00460123 0.0719298
0 0.265031 0.364912 0.00429448 0.0666667
0 0.394172 0.721053 0.00613497 0.0947368
0 0.511963 0.529825 0.00490798 0.0736842
