0 0.519018 0.373684 0.00368098 0.0631579
0 0.453681 0.364912 0.00368098 0.0526316
0 0.422699 0.280702 0.00306748 0.0491228
0 0.496012 0.495614 0.00429448 0.0649123
0 0.396626 0.378947 0.00306748 0.0561404
0 0.24862 0.355263 0.00276074 0.0614035
0 0.468712 0.181579 0.00245399 0.0368421
0 0.471166 0.373684 0.00368098 0.0596491
0 0.392331 0.459649 0.00429448 0.077193
0 0.717485 0.35 0.00368098 0.0578947
0 0.436963 0.514912 0.00460123 0.0719298
0 0.600153 0.311404 0.00337423 0.054386
0 0.446779 0.248246 0.00276074 0.0473684
0 0.431288 0.49386 0.00368098 0.0684211
0 0.402914 0.500877 0.00460123 0.0719298
0 0.42316 0.607018 0.00460123 0.0807018
0 0.411503 0.298246 0.00337423 0.0631579
0 0.396319 0.413158 0.00429448 0.0719298
0 0.383589 0.547368 0.00398773 0.0701754
0 0.411043 0.558772 0.00429448 0.0824561
0 0.525153 0.545614 0.00490798 0.077193
0 0.36089 0.728947 0.00644172 0.0964912
0 0.421319 0.762281 0.00644172 0.1
