0 0.53635 0.387719 0.00398773 0.0631579
0 0.483282 0.394737 0.00337423 0.0666667
0 0.753988 0.328947 0.00368098 0.0578947
0 0.635123 0.183333 0.00276074 0.0368421
0 0.494632 0.217544 0.00276074 0.045614
0 0.533589 0.169298 0.00276074 0.0333333
0 0.558129 0.217544 0.00276074 0.0385965
0 0.289724 0.335965 0.00337423 0.0614035
0 0.480982 0.362281 0.00429448 0.0649123
0 0.628834 0.252632 0.00306748 0.0491228
0 0.539264 0.27193 0.00306748 0.0491228
0 0.639264 0.414035 0.00368098 0.0596491
0 0.661503 0.326316 0.00337423 0.0596491
0 0.491258 0.312281 0.00337423 0.0561404
0 0.657362 0.319298 0.00368098 0.0596491
0 0.71089 0.492982 0.00460123 0.0736842
0 0.670245 0.464912 0.00429448 0.0701754
0 0.55 0.301754 0.00306748 0.0491228
0 0.505368 0.207895 0.00337423 0.0473684
0 0.59908 0.710526 0.00613497 0.0912281
0 0.480982 0.511404 0.00429448 0.0719298
0 0.577301 0.523684 0.00490798 0.0754386
0 0.479601 0.672807 0.00582822 0.0894737
