0 0.513497 0.27807 0.00306748 0.0403509
0 0.573466 0.399123 0.00398773 0.0614035
0 0.455828 0.411404 0.00306748 0.0649123
0 0.514264 0.225439 0.00276074 0.0438596
0 0.722393 0.362281 0.00368098 0.0578947
0 0.496012 0.424561 0.00429448 0.0631579
0 0.449387 0.414912 0.00245399 0.0614035
0 0.495399 0.695614 0.00613497 0.0929825
0 0.42362 0.409649 0.00429448 0.054386
0 0.476534 0.547368 0.00460123 0.077193
0 0.41181 0.585965 0.00337423 0.0701754
0 0.419939 0.454386 0.00429448 0.0526316
0 0.580828 0.314035 0.00337423 0.0561404
0 0.58589 0.514035 0.00490798 0.0736842
0 0.426227 0.368421 0.00398773 0.0701754
0 0.597546 0.529825 0.00490798 0.0736842
0 0.536196 0.382456 0.00368098 0.0596491
0 0.504448 0.618421 0.00582822 0.0824561
0 0.41365 0.489474 0.00460123 0.0631579
0 0.536196 0.495614 0.00429448 0.0719298
0 0.265798 0.365789 0.00460123 0.0684211
0 0.395706 0.722807 0.00613497 0.0947368
0 0.51227 0.528947 0.00490798 0.0754386
