0 0.780982 0.380702 0.00368098 0.0421053
0 0.545399 0.17193 0.00306748 0.0421053
0 0.494632 0.227193 0.00276074 0.0403509
0 0.486043 0.330702 0.00337423 0.0578947
0 0.290644 0.352632 0.00276074 0.0491228
0 0.505061 0.222807 0.00276074 0.045614
0 0.486963 0.357895 0.00337423 0.0561404
0 0.656135 0.190351 0.00306748 0.0403509
0 0.743865 0.354386 0.00368098 0.0561404
0 0.652147 0.327193 0.00368098 0.054386
0 0.573466 0.235088 0.00276074 0.045614
0 0.517791 0.438596 0.00429448 0.0666667
0 0.640951 0.414035 0.00398773 0.0631579
0 0.55184 0.35614 0.00368098 0.0596491
0 0.535583 0.451754 0.00429448 0.0649123
0 0.767178 0.517544 0.00490798 0.0736842
0 0.558896 0.40614 0.00368098 0.0684211
0 0.603067 0.477193 0.00429448 0.0666667
0 0.496166 0.674561 0.00582822 0.0859649
0 0.66181 0.566667 0.00521472 0.0807018
0 0.489571 0.599123 0.00552147 0.0789474
0 0.727761 0.741228 0.00644172 0.0929825
0 0.795245 0.573684 0.00521472 0.0807018
