0 0.470706 0.183333 0.00214724 0.0368421
0 0.547086 0.19386 0.00214724 0.0403509
0 0.599233 0.561404 0.00521472 0.0701754
0 0.729601 0.341228 0.00337423 0.054386
0 0.529294 0.321053 0.00337423 0.0561404
0 0.568098 0.324561 0.00306748 0.0526316
0 0.50184 0.223684 0.00306748 0.0473684
0 0.536043 0.404386 0.00398773 0.0614035
0 0.568252 0.249123 0.00276074 0.045614
0 0.440337 0.403509 0.00398773 0.0631579
0 0.388344 0.511404 0.00490798 0.0719298
0 0.583282 0.335088 0.00337423 0.0561404
0 0.477301 0.327193 0.00306748 0.0508772
0 0.592791 0.414912 0.00398773 0.0649123
0 0.260583 0.333333 0.00521472 0.0596491
0 0.589571 0.442982 0.00368098 0.0578947
0 0.605828 0.524561 0.00429448 0.0701754
0 0.490031 0.260526 0.00276074 0.0438596
0 0.414724 0.297368 0.00306748 0.0508772
0 0.445092 0.366667 0.00245399 0.045614
0 0.503988 0.574561 0.00490798 0.0754386
0 0.514877 0.280702 0.00337423 0.0526316
0 0.449847 0.770175 0.00705521 0.0982456
