0 0.712423 0.359649 0.00398773 0.0596491
0 0.50046 0.531579 0.00460123 0.0561404
0 0.57454 0.519298 0.00490798 0.077193
0 0.481748 0.273684 0.00337423 0.0526316
0 0.548006 0.397368 0.00398773 0.0614035
0 0.259049 0.362281 0.00460123 0.0684211
0 0.491258 0.412281 0.00398773 0.0631579
0 0.578988 0.307895 0.00337423 0.054386
0 0.441258 0.422807 0.00276074 0.0631579
0 0.427914 0.450877 0.00368098 0.0631579
0 0.43589 0.333333 0.00306748 0.0561404
0 0.477301 0.530702 0.00429448 0.0719298
0 0.52546 0.378947 0.00368098 0.0596491
0 0.535736 0.514912 0.00460123 0.0684211
0 0.452454 0.368421 0.00490798 0.0666667
0 0.493098 0.216667 0.00276074 0.0473684
0 0.470399 0.62807 0.00521472 0.0807018
0 0.414877 0.478947 0.00398773 0.0631579
0 0.40092 0.590351 0.00429448 0.0754386
0 0.416411 0.410526 0.00398773 0.0666667
0 0.47546 0.688596 0.00613497 0.0929825
0 0.378067 0.724561 0.00644172 0.0947368
