0 0.295859 0.357018 0.00276074 0.0473684
0 0.500767 0.236842 0.00276074 0.045614
0 0.793865 0.587719 0.00552147 0.0877193
0 0.790184 0.55614 0.00490798 0.0736842
0 0.792025 0.391228 0.00368098 0.0596491
0 0.587423 0.24386 0.00245399 0.0421053
0 0.555368 0.179825 0.00276074 0.0368421
0 0.755061 0.735965 0.00644172 0.0929825
0 0.507975 0.231579 0.00245399 0.0421053
0 0.698466 0.595614 0.00490798 0.0614035
0 0.563957 0.384211 0.00398773 0.0596491
0 0.674693 0.435088 0.00398773 0.0631579
0 0.539724 0.484211 0.00460123 0.0666667
0 0.494939 0.380702 0.00337423 0.0561404
0 0.66135 0.218421 0.00306748 0.0368421
0 0.686656 0.383333 0.00276074 0.0508772
0 0.769172 0.418421 0.00398773 0.0649123
0 0.571932 0.409649 0.00337423 0.0684211
0 0.653221 0.494737 0.00460123 0.0701754
0 0.488037 0.357895 0.00245399 0.0596491
0 0.550307 0.471053 0.00429448 0.0649123
0 0.528528 0.622807 0.00552147 0.0736842
0 0.545245 0.664035 0.00582822 0.0894737
