0 0.411196 0.457895 0.00398773 0.0596491
0 0.251687 0.359649 0.00276074 0.0666667
0 0.38681 0.390351 0.00306748 0.054386
0 0.473926 0.178947 0.00245399 0.0315789
0 0.394325 0.463158 0.00398773 0.0666667
0 0.463497 0.380702 0.00368098 0.0596491
0 0.491564 0.401754 0.00398773 0.0631579
0 0.525307 0.524561 0.00521472 0.0842105
0 0.718865 0.347368 0.00337423 0.0561404
0 0.428067 0.615789 0.00521472 0.0807018
0 0.608129 0.307895 0.00337423 0.054386
0 0.52454 0.370175 0.00368098 0.0596491
0 0.374693 0.554386 0.00398773 0.0631579
0 0.484202 0.494737 0.00460123 0.0736842
0 0.447699 0.231579 0.00276074 0.045614
0 0.455368 0.582456 0.00521472 0.0807018
0 0.389417 0.412281 0.00398773 0.0631579
0 0.424387 0.263158 0.00337423 0.0526316
0 0.407822 0.289474 0.00460123 0.0526316
0 0.431748 0.499123 0.00337423 0.0684211
0 0.420399 0.764912 0.00644172 0.101754
0 0.355215 0.723684 0.00613497 0.0964912
0 0.408896 0.560526 0.00429448 0.0894737
