0 0.64908 0.217544 0.00245399 0.0385965
0 0.496319 0.207018 0.00245399 0.0385965
0 0.645399 0.161404 0.00306748 0.0421053
0 0.300767 0.334211 0.00337423 0.0508772
0 0.558129 0.311404 0.00337423 0.0508772
0 0.53681 0.159649 0.00306748 0.0421053
0 0.507515 0.265789 0.00276074 0.0403509
0 0.727607 0.280702 0.00306748 0.045614
0 0.609049 0.236842 0.00276074 0.045614
0 0.575307 0.431579 0.00398773 0.0526316
0 0.565951 0.208772 0.00245399 0.045614
0 0.492485 0.341228 0.00398773 0.0578947
0 0.541258 0.238596 0.00276074 0.0385965
0 0.656135 0.376316 0.00368098 0.0403509
0 0.616871 0.297368 0.00306748 0.0508772
0 0.488037 0.484211 0.00429448 0.0666667
0 0.496933 0.555263 0.00490798 0.0789474
0 0.486656 0.298246 0.00398773 0.0491228
0 0.625 0.330702 0.00337423 0.054386
0 0.490798 0.264912 0.00368098 0.045614
0 0.745245 0.492982 0.00460123 0.0701754
0 0.640337 0.675439 0.00582822 0.0842105
0 0.520859 0.200877 0.00368098 0.0438596
