0 0.500307 0.486842 0.00490798 0.0614035
0 0.748926 0.349123 0.00398773 0.0561404
0 0.569018 0.360526 0.00368098 0.054386
0 0.502914 0.492105 0.00460123 0.0614035
0 0.461503 0.515789 0.00460123 0.0631579
0 0.53773 0.447368 0.00490798 0.0701754
0 0.470859 0.414912 0.00368098 0.0508772
0 0.649847 0.414035 0.00398773 0.0631579
0 0.542791 0.414035 0.00460123 0.0736842
0 0.507975 0.387719 0.00368098 0.0596491
0 0.463804 0.464912 0.00429448 0.0631579
0 0.61411 0.30614 0.00306748 0.054386
0 0.453067 0.568421 0.00490798 0.077193
0 0.580675 0.29386 0.00306748 0.0473684
0 0.542485 0.220175 0.00276074 0.0438596
0 0.454755 0.433333 0.00398773 0.0561404
0 0.567791 0.613158 0.00552147 0.0684211
0 0.668558 0.548246 0.00521472 0.0754386
0 0.482055 0.388597 0.00460123 0.0684211
0 0.634356 0.467544 0.00429448 0.0684211
0 0.526227 0.348246 0.00276074 0.054386
0 0.276227 0.368421 0.00398773 0.0631579
0 0.631748 0.570175 0.00521472 0.0736842
