0 0.519325 0.374561 0.00368098 0.0614035
0 0.453221 0.364912 0.00337423 0.0526316
0 0.422699 0.280702 0.00306748 0.0491228
0 0.248773 0.354386 0.00245399 0.0631579
0 0.396012 0.376316 0.00306748 0.054386
0 0.468712 0.182456 0.00245399 0.0385965
0 0.717485 0.35 0.00368098 0.0578947
0 0.471166 0.373684 0.00368098 0.0596491
0 0.495399 0.492982 0.00429448 0.0666667
0 0.436656 0.512281 0.00460123 0.0701754
0 0.446779 0.247368 0.00276074 0.045614
0 0.60046 0.311404 0.00337423 0.054386
0 0.391871 0.458772 0.00460123 0.0754386
0 0.402607 0.5 0.00460123 0.0736842
0 0.41135 0.297368 0.00306748 0.0614035
0 0.42316 0.60614 0.00460123 0.0824561
0 0.430982 0.49386 0.00368098 0.0684211
0 0.396166 0.413158 0.00460123 0.0719298
0 0.383282 0.545614 0.00398773 0.0666667
0 0.525153 0.54386 0.00490798 0.077193
0 0.411043 0.559649 0.00429448 0.0842105
0 0.36089 0.72807 0.00644172 0.0947368
0 0.421319 0.762281 0.00644172 0.1
