0 0.731902 0.348246 0.00368098 0.0578947
0 0.552301 0.201754 0.00276074 0.0421053
0 0.474847 0.184211 0.00245399 0.0350877
0 0.447853 0.389474 0.00245399 0.045614
0 0.536656 0.336842 0.00337423 0.0561404
0 0.57316 0.333333 0.00337423 0.0526316
0 0.584049 0.572807 0.00490798 0.054386
0 0.594325 0.471053 0.00337423 0.0578947
0 0.405061 0.509649 0.00460123 0.0614035
0 0.572239 0.257018 0.00276074 0.0473684
0 0.595245 0.539474 0.00460123 0.0719298
0 0.492791 0.264912 0.00276074 0.0385965
0 0.598313 0.442105 0.00398773 0.0631579
0 0.507975 0.231579 0.00306748 0.0491228
0 0.259816 0.336842 0.00490798 0.0561404
0 0.47592 0.347368 0.00337423 0.0526316
0 0.541871 0.42807 0.00398773 0.0631579
0 0.439877 0.432456 0.00368098 0.0614035
0 0.420399 0.3 0.00337423 0.0526316
0 0.590644 0.345614 0.00337423 0.0561404
0 0.504601 0.564912 0.00490798 0.0736842
0 0.453221 0.77193 0.00705521 0.0982456
0 0.519018 0.292105 0.00306748 0.0508772
