0 0.471626 0.269298 0.00337423 0.0473684
0 0.709202 0.353509 0.00368098 0.0578947
0 0.489417 0.402632 0.00398773 0.0614035
0 0.44862 0.353509 0.00398773 0.0614035
0 0.256902 0.359649 0.00398773 0.0631579
0 0.539724 0.395614 0.00398773 0.0614035
0 0.438497 0.425439 0.00276074 0.0684211
0 0.434049 0.326316 0.00306748 0.0596491
0 0.530061 0.518421 0.00490798 0.0754386
0 0.563804 0.520175 0.00490798 0.0754386
0 0.474847 0.525439 0.00429448 0.0719298
0 0.579601 0.303509 0.00337423 0.0526316
0 0.521166 0.377193 0.00368098 0.0596491
0 0.489877 0.525439 0.00490798 0.0684211
0 0.48589 0.214912 0.00306748 0.0473684
0 0.469785 0.682456 0.00582822 0.0912281
0 0.428681 0.448246 0.00398773 0.0684211
0 0.401534 0.591228 0.00429448 0.0736842
0 0.413957 0.410526 0.00398773 0.0631579
0 0.415644 0.47193 0.00429448 0.0631579
0 0.461656 0.617544 0.00552147 0.0807018
0 0.571626 0.519298 0.00460123 0.077193
0 0.37638 0.725439 0.00613497 0.0964912
