0 0.450613 0.402632 0.00245399 0.0473684
0 0.733282 0.351754 0.00337423 0.0578947
0 0.543712 0.440351 0.00398773 0.0631579
0 0.476687 0.183333 0.00245399 0.0333333
0 0.554601 0.205263 0.00306748 0.045614
0 0.542178 0.344737 0.00337423 0.054386
0 0.41319 0.514912 0.00429448 0.0508772
0 0.521626 0.298246 0.00337423 0.0491228
0 0.586043 0.54386 0.00460123 0.0666667
0 0.599387 0.486842 0.00368098 0.0578947
0 0.570245 0.565789 0.00490798 0.0684211
0 0.494325 0.27193 0.00276074 0.0421053
0 0.576227 0.340351 0.00337423 0.0561404
0 0.505828 0.564912 0.00490798 0.0596491
0 0.57454 0.260526 0.00306748 0.0473684
0 0.51181 0.234211 0.00337423 0.0473684
0 0.603834 0.454386 0.00460123 0.0666667
0 0.259356 0.340351 0.00521472 0.0561404
0 0.424233 0.297368 0.00306748 0.0508772
0 0.438344 0.448246 0.00429448 0.0649123
0 0.476074 0.360526 0.00368098 0.054386
0 0.594325 0.350877 0.00337423 0.0561404
0 0.457362 0.765789 0.00674847 0.0964912
