0 0.410429 0.457018 0.00429448 0.0614035
0 0.387423 0.385965 0.00306748 0.0596491
0 0.25138 0.358772 0.00276074 0.0649123
0 0.47362 0.179825 0.00245399 0.0333333
0 0.462577 0.381579 0.00368098 0.0578947
0 0.490337 0.4 0.00398773 0.0631579
0 0.427761 0.615789 0.00460123 0.0807018
0 0.718865 0.347368 0.00337423 0.0561404
0 0.52546 0.525439 0.00552147 0.0859649
0 0.52454 0.370175 0.00368098 0.0596491
0 0.608129 0.307895 0.00337423 0.054386
0 0.393712 0.462281 0.00398773 0.0684211
0 0.484202 0.496491 0.00460123 0.0736842
0 0.447699 0.231579 0.00276074 0.045614
0 0.389417 0.410526 0.00398773 0.0631579
0 0.375 0.553509 0.00398773 0.0649123
0 0.453681 0.575439 0.00490798 0.0807018
0 0.424387 0.264035 0.00337423 0.054386
0 0.407822 0.289474 0.00460123 0.0526316
0 0.431595 0.499123 0.00368098 0.0684211
0 0.420399 0.764912 0.00644172 0.101754
0 0.355368 0.723684 0.00644172 0.0964912
0 0.408896 0.562281 0.00429448 0.0894737
