0 0.707669 0.355263 0.00368098 0.0578947
0 0.446626 0.349123 0.00368098 0.0596491
0 0.487423 0.402632 0.00429448 0.0649123
0 0.467945 0.273684 0.00337423 0.0526316
0 0.255828 0.359649 0.00429448 0.0631579
0 0.43819 0.427193 0.00276074 0.0684211
0 0.487883 0.526316 0.00521472 0.0596491
0 0.527914 0.519298 0.00490798 0.0736842
0 0.536656 0.396491 0.00398773 0.0596491
0 0.561043 0.518421 0.00490798 0.0754386
0 0.473466 0.524561 0.00460123 0.0701754
0 0.580215 0.302632 0.00337423 0.054386
0 0.520245 0.377193 0.00368098 0.0596491
0 0.483896 0.209649 0.00276074 0.0473684
0 0.432822 0.322807 0.00306748 0.0596491
0 0.428067 0.449123 0.00398773 0.0701754
0 0.570706 0.524561 0.00460123 0.077193
0 0.460276 0.615789 0.00521472 0.0807018
0 0.41273 0.411404 0.00398773 0.0649123
0 0.468865 0.681579 0.00582822 0.0859649
0 0.377147 0.728947 0.00644172 0.0964912
0 0.40138 0.592982 0.00398773 0.0736842
0 0.415031 0.469298 0.00429448 0.0649123
