0 0.497393 0.229825 0.00276074 0.0421053
0 0.292331 0.355263 0.00245399 0.0508772
0 0.793405 0.40614 0.00398773 0.0578947
0 0.76411 0.387719 0.00368098 0.0596491
0 0.498466 0.592105 0.00490798 0.0754386
0 0.665491 0.341228 0.00337423 0.0578947
0 0.549233 0.175439 0.00337423 0.0421053
0 0.774847 0.525439 0.00490798 0.0684211
0 0.529448 0.457018 0.00429448 0.0684211
0 0.505368 0.22807 0.00276074 0.045614
0 0.578681 0.237719 0.00276074 0.0438596
0 0.655675 0.413158 0.00398773 0.0649123
0 0.487117 0.338596 0.00306748 0.0561404
0 0.618865 0.491228 0.00460123 0.0701754
0 0.555521 0.367544 0.00368098 0.0578947
0 0.657975 0.199123 0.00306748 0.0403509
0 0.803528 0.585088 0.00521472 0.0789474
0 0.542331 0.459649 0.00429448 0.0666667
0 0.490798 0.364912 0.00306748 0.0561404
0 0.667178 0.547368 0.00490798 0.0701754
0 0.513497 0.65614 0.00613497 0.0912281
0 0.564724 0.408772 0.00368098 0.0666667
0 0.730982 0.721053 0.00613497 0.0912281
