0 0.471166 0.182456 0.00245399 0.0350877
0 0.597393 0.562281 0.00521472 0.0754386
0 0.547699 0.194737 0.00214724 0.0385965
0 0.729908 0.341228 0.00337423 0.054386
0 0.529755 0.323684 0.00368098 0.054386
0 0.568558 0.249123 0.00276074 0.045614
0 0.592791 0.416667 0.00398773 0.0649123
0 0.568558 0.325439 0.00337423 0.054386
0 0.589877 0.447368 0.00368098 0.0596491
0 0.536656 0.405263 0.00398773 0.0631579
0 0.502454 0.227193 0.00306748 0.0473684
0 0.490337 0.260526 0.00276074 0.0403509
0 0.390184 0.510526 0.00490798 0.0701754
0 0.440337 0.403509 0.00398773 0.0631579
0 0.260276 0.333333 0.00521472 0.0596491
0 0.584202 0.335088 0.00337423 0.0561404
0 0.605368 0.528947 0.00398773 0.0684211
0 0.477147 0.32807 0.00337423 0.0491228
0 0.415337 0.297368 0.00306748 0.0508772
0 0.503988 0.574561 0.00490798 0.0789474
0 0.445245 0.366667 0.00214724 0.045614
0 0.44908 0.771053 0.00674847 0.0964912
0 0.515491 0.283333 0.00337423 0.0508772
