0 0.705368 0.35614 0.00337423 0.0596491
0 0.253834 0.358772 0.00276074 0.0649123
0 0.484509 0.401754 0.00398773 0.0631579
0 0.555521 0.517544 0.00490798 0.0736842
0 0.480675 0.523684 0.00490798 0.0649123
0 0.442485 0.337719 0.00337423 0.054386
0 0.43773 0.431579 0.00306748 0.0701754
0 0.470092 0.524561 0.00460123 0.0701754
0 0.580521 0.299123 0.00337423 0.054386
0 0.461963 0.270175 0.00306748 0.0491228
0 0.480215 0.210526 0.00276074 0.045614
0 0.46319 0.681579 0.00613497 0.0894737
0 0.516564 0.374561 0.00368098 0.0578947
0 0.520859 0.52193 0.00490798 0.0754386
0 0.532362 0.397368 0.00398773 0.0614035
0 0.413497 0.468421 0.00429448 0.0631579
0 0.569018 0.528947 0.00429448 0.0719298
0 0.430368 0.324561 0.00306748 0.0596491
0 0.426687 0.448246 0.00429448 0.0684211
0 0.457209 0.607895 0.00521472 0.0754386
0 0.410583 0.411404 0.00398773 0.0614035
0 0.4 0.589474 0.00429448 0.0701754
0 0.378988 0.72807 0.00644172 0.0947368
