0 0.544632 0.170175 0.00276074 0.0421053
0 0.494325 0.227193 0.00276074 0.0438596
0 0.735583 0.336842 0.00368098 0.0421053
0 0.485736 0.357895 0.00337423 0.0526316
0 0.290184 0.355263 0.00245399 0.0473684
0 0.485583 0.324561 0.00368098 0.0526316
0 0.505061 0.215789 0.00337423 0.045614
0 0.777607 0.377193 0.00368098 0.0526316
0 0.655521 0.186842 0.00306748 0.0403509
0 0.647853 0.319298 0.00368098 0.0561404
0 0.636963 0.410526 0.00398773 0.0631579
0 0.51411 0.433333 0.00429448 0.0631579
0 0.551074 0.351754 0.00337423 0.0578947
0 0.572239 0.234211 0.00276074 0.0438596
0 0.486963 0.600877 0.00521472 0.0719298
0 0.556748 0.405263 0.00368098 0.0666667
0 0.765031 0.517544 0.00490798 0.0701754
0 0.532975 0.442982 0.00398773 0.0649123
0 0.600767 0.464035 0.00460123 0.0684211
0 0.491564 0.673684 0.00582822 0.0842105
0 0.661043 0.574561 0.00490798 0.0754386
0 0.725767 0.75 0.00613497 0.0929825
0 0.790031 0.566667 0.00521472 0.0807018
