0 0.498773 0.401754 0.00306748 0.0596491
0 0.762423 0.372807 0.00398773 0.0508772
0 0.50046 0.272807 0.00337423 0.0403509
0 0.745706 0.569298 0.00552147 0.0754386
0 0.295859 0.372807 0.00276074 0.0578947
0 0.656442 0.498246 0.00490798 0.077193
0 0.595859 0.266667 0.00276074 0.045614
0 0.733129 0.436842 0.00429448 0.0666667
0 0.567945 0.404386 0.00398773 0.0578947
0 0.507975 0.27807 0.00306748 0.0473684
0 0.521626 0.488596 0.00460123 0.0719298
0 0.508589 0.407018 0.00306748 0.0596491
0 0.718712 0.7 0.00613497 0.0912281
0 0.565798 0.196491 0.00337423 0.0421053
0 0.672239 0.419298 0.00398773 0.0666667
0 0.572853 0.385965 0.00398773 0.0666667
0 0.547393 0.641228 0.00582822 0.0824561
0 0.731288 0.680702 0.00613497 0.0842105
0 0.560123 0.633333 0.00552147 0.0807018
0 0.655675 0.252632 0.00337423 0.0526316
0 0.553374 0.47193 0.00429448 0.0666667
0 0.648773 0.515789 0.00613497 0.0842105
0 0.733896 0.564912 0.00705521 0.0982456
