0 0.410123 0.45 0.00736196 0.0754386
0 0.707669 0.351754 0.00368098 0.0578947
0 0.469325 0.385088 0.00368098 0.0578947
0 0.248466 0.355263 0.00245399 0.0614035
0 0.404908 0.414912 0.00429448 0.0649123
0 0.583129 0.295614 0.00306748 0.0508772
0 0.450767 0.510526 0.00398773 0.0701754
0 0.494479 0.37807 0.00368098 0.0614035
0 0.42546 0.296491 0.00306748 0.0526316
0 0.47316 0.192105 0.00276074 0.0473684
0 0.472239 0.522807 0.00460123 0.0736842
0 0.436656 0.613158 0.00460123 0.0824561
0 0.407515 0.455263 0.00521472 0.0789474
0 0.450613 0.271053 0.00306748 0.0473684
0 0.526074 0.503509 0.00429448 0.0736842
0 0.517945 0.394737 0.00398773 0.0631579
0 0.417485 0.312281 0.00306748 0.0561404
0 0.440644 0.496491 0.00460123 0.0701754
0 0.436656 0.707895 0.00582822 0.0929825
0 0.411656 0.433333 0.00429448 0.0736842
0 0.390031 0.576316 0.00398773 0.0649123
0 0.42316 0.492982 0.00398773 0.0701754
0 0.548159 0.557018 0.00429448 0.0684211
0 0.370552 0.74386 0.00613497 0.0947368
