0 0.458282 0.512281 0.00429448 0.0631579
0 0.250153 0.354386 0.00337423 0.0596491
0 0.703681 0.352632 0.00368098 0.0596491
0 0.475 0.392982 0.00398773 0.0596491
0 0.456748 0.503509 0.00368098 0.0666667
0 0.430521 0.308772 0.00337423 0.0561404
0 0.404141 0.412281 0.00398773 0.0631579
0 0.434509 0.463158 0.00276074 0.0631579
0 0.582669 0.29386 0.00337423 0.054386
0 0.494172 0.526316 0.00490798 0.0736842
0 0.475307 0.199123 0.00276074 0.0508772
0 0.445706 0.612281 0.00490798 0.0807018
0 0.409969 0.463158 0.00460123 0.0666667
0 0.53911 0.504386 0.00460123 0.0719298
0 0.524387 0.396491 0.00398773 0.0631579
0 0.503681 0.373684 0.00368098 0.0596491
0 0.454294 0.274561 0.00306748 0.0508772
0 0.422393 0.319298 0.00306748 0.0561404
0 0.419325 0.440351 0.00429448 0.0701754
0 0.394479 0.581579 0.00429448 0.0719298
0 0.447853 0.692982 0.00613497 0.0912281
0 0.375 0.739474 0.00644172 0.0964912
0 0.559816 0.55 0.00429448 0.0684211
