0 0.291564 0.355263 0.00337423 0.0473684
0 0.708896 0.307018 0.00306748 0.0421053
0 0.495706 0.22807 0.00306748 0.045614
0 0.600153 0.425439 0.00398773 0.0614035
0 0.499233 0.407018 0.00398773 0.0526316
0 0.766258 0.358772 0.00368098 0.0578947
0 0.542791 0.167544 0.00276074 0.0438596
0 0.485276 0.317544 0.00429448 0.0561404
0 0.568865 0.230702 0.00276074 0.0438596
0 0.621933 0.403509 0.00398773 0.0596491
0 0.549233 0.322807 0.00337423 0.0526316
0 0.552301 0.391228 0.00398773 0.0631579
0 0.779448 0.55 0.00490798 0.0754386
0 0.481135 0.349123 0.00337423 0.0561404
0 0.634509 0.297368 0.00337423 0.054386
0 0.750614 0.532456 0.00490798 0.0684211
0 0.654755 0.180702 0.00276074 0.0385965
0 0.522086 0.396491 0.00368098 0.0596491
0 0.506288 0.211404 0.00398773 0.0438596
0 0.484356 0.644737 0.00552147 0.0859649
0 0.477301 0.588596 0.00552147 0.0789474
0 0.649233 0.591228 0.00521472 0.077193
0 0.713804 0.761404 0.00613497 0.0982456
