0 0.511963 0.524561 0.00552147 0.0736842
0 0.703988 0.353509 0.00368098 0.0578947
0 0.514417 0.524561 0.00490798 0.0736842
0 0.481902 0.398246 0.00429448 0.0631579
0 0.253067 0.357018 0.00306748 0.0614035
0 0.472853 0.520175 0.00460123 0.0684211
0 0.467485 0.52193 0.00490798 0.0719298
0 0.530215 0.396491 0.00398773 0.0631579
0 0.438957 0.331579 0.00368098 0.0561404
0 0.458589 0.271053 0.00306748 0.0473684
0 0.513497 0.374561 0.00368098 0.0578947
0 0.478067 0.207895 0.00276074 0.0473684
0 0.459049 0.679825 0.00582822 0.0894737
0 0.580828 0.297368 0.00337423 0.054386
0 0.55184 0.514912 0.00490798 0.0754386
0 0.455061 0.607018 0.00582822 0.077193
0 0.437883 0.437719 0.00276074 0.0649123
0 0.428067 0.32193 0.00337423 0.0614035
0 0.567485 0.536842 0.00429448 0.0736842
0 0.41227 0.466667 0.00429448 0.0631579
0 0.408436 0.413158 0.00398773 0.0649123
0 0.425613 0.446491 0.00398773 0.0684211
0 0.378221 0.729825 0.00613497 0.0947368
0 0.398466 0.587719 0.00429448 0.0736842
