0 0.765337 0.389474 0.00429448 0.0561404
0 0.76411 0.385088 0.00429448 0.0473684
0 0.497853 0.231579 0.00245399 0.0421053
0 0.292791 0.352632 0.00214724 0.0491228
0 0.50138 0.59386 0.00521472 0.0754386
0 0.795552 0.408772 0.00398773 0.0596491
0 0.505675 0.22807 0.00276074 0.045614
0 0.531748 0.457895 0.00460123 0.0701754
0 0.549847 0.175439 0.00337423 0.0421053
0 0.668405 0.346491 0.00368098 0.0578947
0 0.579908 0.238596 0.00276074 0.045614
0 0.48727 0.339474 0.00337423 0.0578947
0 0.659049 0.413158 0.00398773 0.0614035
0 0.62316 0.49386 0.00460123 0.0719298
0 0.491564 0.365789 0.00337423 0.0578947
0 0.51411 0.65614 0.00613497 0.0736842
0 0.777607 0.532456 0.00490798 0.0719298
0 0.556442 0.368421 0.00368098 0.0561404
0 0.658282 0.201754 0.00306748 0.0421053
0 0.669018 0.544737 0.00490798 0.0684211
0 0.804141 0.581579 0.00521472 0.0824561
0 0.543558 0.462281 0.00429448 0.0649123
0 0.731442 0.719298 0.00644172 0.0947368
0 0.565644 0.408772 0.00368098 0.0666667
