0 0.500153 0.222807 0.00276074 0.045614
0 0.442638 0.19386 0.00245399 0.0403509
0 0.714724 0.347368 0.00368098 0.0596491
0 0.284969 0.500877 0.00490798 0.0754386
0 0.28911 0.513158 0.00521472 0.0754386
0 0.542331 0.351754 0.00368098 0.0578947
0 0.508436 0.345614 0.00337423 0.0596491
0 0.521012 0.402632 0.00398773 0.0614035
0 0.480521 0.346491 0.00337423 0.0578947
0 0.400613 0.260526 0.00306748 0.0508772
0 0.532822 0.271053 0.00306748 0.0508772
0 0.570245 0.440351 0.00429448 0.0666667
0 0.508896 0.461404 0.00429448 0.0666667
0 0.386503 0.35 0.00368098 0.0578947
0 0.352147 0.262281 0.00306748 0.0473684
0 0.268252 0.631579 0.00521472 0.077193
0 0.552147 0.568421 0.00490798 0.077193
0 0.236656 0.39386 0.00337423 0.0684211
0 0.491871 0.282456 0.00398773 0.0631579
0 0.417791 0.472807 0.00429448 0.0649123
0 0.561963 0.566667 0.00490798 0.077193
0 0.445245 0.496491 0.00460123 0.0666667
0 0.412577 0.614035 0.00552147 0.0842105
