0 0.681595 0.34386 0.00368098 0.0596491
0 0.25092 0.440351 0.00429448 0.0666667
0 0.497393 0.245614 0.00276074 0.045614
0 0.327147 0.323684 0.00337423 0.054386
0 0.398006 0.391228 0.00398773 0.0631579
0 0.205215 0.374561 0.00306748 0.0578947
0 0.552454 0.348246 0.00368098 0.0578947
0 0.202147 0.52193 0.00490798 0.0684211
0 0.490337 0.390351 0.00398773 0.0614035
0 0.454755 0.245614 0.00276074 0.045614
0 0.313037 0.688596 0.00644172 0.0929825
0 0.431748 0.403509 0.00398773 0.0631579
0 0.192331 0.532456 0.00490798 0.0719298
0 0.337883 0.497368 0.00521472 0.0719298
0 0.347393 0.532456 0.00460123 0.0719298
0 0.396933 0.445614 0.00429448 0.0736842
0 0.349387 0.294737 0.00429448 0.0561404
0 0.558896 0.552632 0.00490798 0.077193
0 0.419632 0.563158 0.00490798 0.0701754
0 0.468558 0.536842 0.00460123 0.0842105
0 0.511656 0.52193 0.00490798 0.0754386
0 0.431595 0.614035 0.00552147 0.077193
0 0.456442 0.700877 0.00613497 0.0894737
