0 0.701534 0.34386 0.00368098 0.0561404
0 0.402301 0.233333 0.00276074 0.045614
0 0.315184 0.304386 0.00337423 0.054386
0 0.505061 0.501754 0.00460123 0.0701754
0 0.205828 0.570175 0.00490798 0.0736842
0 0.390798 0.347368 0.00368098 0.0596491
0 0.557055 0.460526 0.00429448 0.0684211
0 0.458282 0.360526 0.00368098 0.0578947
0 0.451994 0.330702 0.00337423 0.054386
0 0.302607 0.488596 0.00460123 0.0649123
0 0.498159 0.377193 0.00368098 0.0596491
0 0.515644 0.264912 0.00306748 0.0491228
0 0.512117 0.599123 0.00521472 0.0824561
0 0.494632 0.240351 0.00276074 0.045614
0 0.536196 0.368421 0.00368098 0.0596491
0 0.375767 0.272807 0.00368098 0.0578947
0 0.213804 0.405263 0.00429448 0.0631579
0 0.387117 0.50614 0.00490798 0.0719298
0 0.427607 0.528947 0.00490798 0.0719298
0 0.372393 0.616667 0.00552147 0.0824561
0 0.508129 0.441228 0.00460123 0.0719298
0 0.530061 0.623684 0.00552147 0.0824561
0 0.212423 0.540351 0.00705521 0.077193
