0 0.568712 0.35 0.00306748 0.0508772
0 0.468405 0.399123 0.00306748 0.0508772
0 0.566564 0.362281 0.00368098 0.054386
0 0.524693 0.17193 0.00276074 0.0385965
0 0.465337 0.290351 0.00306748 0.0473684
0 0.736656 0.346491 0.00337423 0.0578947
0 0.551074 0.424561 0.00398773 0.0666667
0 0.578067 0.244737 0.00276074 0.0473684
0 0.470552 0.455263 0.00368098 0.0649123
0 0.27684 0.349123 0.00398773 0.0631579
0 0.604141 0.345614 0.00337423 0.0561404
0 0.592485 0.523684 0.00460123 0.0754386
0 0.47684 0.47193 0.00521472 0.0701754
0 0.495706 0.40614 0.00368098 0.0473684
0 0.43635 0.241228 0.00276074 0.0473684
0 0.515798 0.294737 0.00337423 0.0491228
0 0.590951 0.454386 0.00398773 0.0631579
0 0.532362 0.289474 0.00398773 0.0596491
0 0.619632 0.440351 0.00429448 0.0666667
0 0.409816 0.457018 0.00429448 0.0684211
0 0.538497 0.602632 0.00521472 0.0824561
0 0.438804 0.677193 0.00582822 0.0877193
0 0.585736 0.523684 0.00521472 0.0894737
