0 0.379294 0.362281 0.00398773 0.0614035
0 0.306902 0.471053 0.00460123 0.0614035
0 0.457362 0.183333 0.00245399 0.0333333
0 0.713957 0.344737 0.00337423 0.0578947
0 0.326994 0.498246 0.00490798 0.0736842
0 0.487423 0.231579 0.00245399 0.0350877
0 0.516104 0.331579 0.00337423 0.0561404
0 0.535123 0.263158 0.00276074 0.0491228
0 0.571626 0.426316 0.00398773 0.0631579
0 0.548006 0.337719 0.00337423 0.054386
0 0.490951 0.336842 0.00337423 0.0561404
0 0.531288 0.39386 0.00368098 0.0614035
0 0.521166 0.459649 0.00429448 0.0666667
0 0.367331 0.251754 0.00276074 0.0473684
0 0.415491 0.252632 0.00337423 0.045614
0 0.500614 0.272807 0.00368098 0.0578947
0 0.301074 0.654386 0.00582822 0.0807018
0 0.566718 0.554386 0.00521472 0.0736842
0 0.434049 0.432456 0.00429448 0.0649123
0 0.577147 0.558772 0.00521472 0.0789474
0 0.247699 0.378947 0.00337423 0.0736842
0 0.445552 0.484211 0.00460123 0.0666667
0 0.430215 0.619298 0.00582822 0.0842105
