0 0.713344 0.779825 0.00582822 0.0789474
0 0.498313 0.20614 0.00276074 0.0403509
0 0.526534 0.564912 0.00398773 0.077193
0 0.758282 0.351754 0.00368098 0.0578947
0 0.71411 0.749123 0.00552147 0.0807018
0 0.432362 0.553509 0.00521472 0.0754386
0 0.626687 0.292982 0.00306748 0.0491228
0 0.556595 0.680702 0.00521472 0.0807018
0 0.469479 0.335965 0.00337423 0.054386
0 0.679908 0.416667 0.00398773 0.0614035
0 0.611043 0.450877 0.00429448 0.0666667
0 0.53773 0.37193 0.00368098 0.0526316
0 0.527301 0.535088 0.00552147 0.0736842
0 0.603528 0.369298 0.00337423 0.0578947
0 0.588497 0.709649 0.00644172 0.0894737
0 0.710429 0.560526 0.00490798 0.0789474
0 0.682515 0.557895 0.00490798 0.0701754
0 0.624847 0.591228 0.00490798 0.077193
0 0.560583 0.270175 0.00337423 0.045614
0 0.596933 0.245614 0.00552147 0.0596491
0 0.484202 0.577193 0.00521472 0.0807018
0 0.568405 0.367544 0.00306748 0.0508772
0 0.256748 0.389474 0.00552147 0.0596491
