0 0.556748 0.471053 0.00429448 0.0684211
0 0.700767 0.344737 0.00337423 0.0578947
0 0.197546 0.569298 0.00490798 0.0684211
0 0.389571 0.350877 0.00368098 0.0596491
0 0.447239 0.339474 0.00306748 0.054386
0 0.397393 0.235088 0.00337423 0.045614
0 0.455521 0.360526 0.00368098 0.0578947
0 0.310583 0.311404 0.00337423 0.054386
0 0.498159 0.380702 0.00368098 0.0596491
0 0.51365 0.263158 0.00276074 0.0491228
0 0.505982 0.505263 0.00460123 0.0701754
0 0.305061 0.492982 0.00460123 0.0736842
0 0.505828 0.600877 0.00552147 0.0789474
0 0.37362 0.275439 0.00368098 0.0596491
0 0.535583 0.368421 0.00368098 0.0596491
0 0.492178 0.239474 0.00276074 0.0438596
0 0.21135 0.403509 0.00429448 0.0631579
0 0.368098 0.627193 0.00552147 0.0824561
0 0.383282 0.508772 0.00460123 0.0701754
0 0.508282 0.445614 0.00429448 0.0666667
0 0.42546 0.530702 0.00490798 0.0684211
0 0.205675 0.542105 0.00705521 0.077193
0 0.525153 0.62807 0.00552147 0.0842105
