0 0.161656 0.541228 0.00552147 0.0649123
0 0.682515 0.345614 0.00368098 0.0596491
0 0.346166 0.29386 0.00337423 0.054386
0 0.435583 0.380702 0.00368098 0.0561404
0 0.159663 0.549123 0.00644172 0.0736842
0 0.267945 0.381579 0.00398773 0.0614035
0 0.492791 0.387719 0.00398773 0.0631579
0 0.194785 0.395614 0.00306748 0.054386
0 0.500153 0.257895 0.00276074 0.0491228
0 0.470552 0.242982 0.00245399 0.0438596
0 0.318712 0.507018 0.00490798 0.0736842
0 0.544785 0.361403 0.00368098 0.0596491
0 0.388037 0.372807 0.00368098 0.0614035
0 0.462423 0.609649 0.00460123 0.0789474
0 0.553528 0.514912 0.00460123 0.0754386
0 0.419939 0.557895 0.00429448 0.077193
0 0.505982 0.490351 0.00460123 0.0684211
0 0.323313 0.675439 0.00613497 0.0807018
0 0.410583 0.426316 0.00460123 0.077193
0 0.483742 0.670175 0.00552147 0.0842105
0 0.353681 0.523684 0.00490798 0.0719298
0 0.490798 0.532456 0.00490798 0.0754386
