0 0.517791 0.171053 0.00368098 0.0473684
0 0.476994 0.336842 0.00368098 0.0526316
0 0.266564 0.34386 0.00306748 0.0666667
0 0.552914 0.226316 0.00276074 0.0421053
0 0.462117 0.305263 0.00337423 0.0491228
0 0.409356 0.238596 0.00276074 0.045614
0 0.437423 0.287719 0.00306748 0.045614
0 0.594325 0.381579 0.00398773 0.0614035
0 0.717025 0.32807 0.00337423 0.0561404
0 0.536043 0.392105 0.00398773 0.0614035
0 0.541258 0.325439 0.00337423 0.054386
0 0.459816 0.444737 0.00429448 0.0649123
0 0.576534 0.318421 0.00337423 0.054386
0 0.483436 0.274561 0.00306748 0.0473684
0 0.564417 0.373684 0.00368098 0.0526316
0 0.528374 0.307018 0.00398773 0.0526316
0 0.382822 0.458772 0.00429448 0.0614035
0 0.598006 0.578947 0.00521472 0.0807018
0 0.39816 0.655263 0.00552147 0.0824561
0 0.505215 0.540351 0.00490798 0.0736842
0 0.603067 0.522807 0.00490798 0.0701754
0 0.523466 0.263158 0.00398773 0.0631579
0 0.434509 0.461404 0.00582822 0.0807018
