0 0.36365 0.331579 0.00398773 0.0561404
0 0.521166 0.370175 0.00368098 0.0596491
0 0.714417 0.355263 0.00368098 0.0578947
0 0.469632 0.613158 0.00552147 0.0824561
0 0.236503 0.372807 0.00245399 0.054386
0 0.444325 0.237719 0.00276074 0.0438596
0 0.486656 0.2 0.00276074 0.0421053
0 0.466258 0.445614 0.00429448 0.0666667
0 0.435276 0.408772 0.00368098 0.0596491
0 0.335429 0.571053 0.00521472 0.0614035
0 0.404448 0.513158 0.00460123 0.0649123
0 0.477301 0.509649 0.00490798 0.0649123
0 0.431902 0.642105 0.00429448 0.0807018
0 0.564264 0.355263 0.00337423 0.0578947
0 0.302914 0.583333 0.00460123 0.0754386
0 0.482209 0.604386 0.00552147 0.0789474
0 0.366718 0.621053 0.00521472 0.0842105
0 0.390491 0.281579 0.00306748 0.0508772
0 0.369479 0.481579 0.00460123 0.0719298
0 0.422853 0.628947 0.00460123 0.0754386
0 0.311503 0.483333 0.00460123 0.0719298
0 0.538037 0.529825 0.00490798 0.0736842
0 0.414571 0.485088 0.00398773 0.0719298
