0 0.396472 0.713158 0.00644172 0.0719298
0 0.394939 0.691228 0.00582822 0.077193
0 0.393712 0.710526 0.00582822 0.077193
0 0.398006 0.567544 0.00521472 0.0649123
0 0.238957 0.365789 0.00245399 0.0508772
0 0.390031 0.332456 0.00337423 0.0508772
0 0.506288 0.228947 0.00276074 0.0438596
0 0.404294 0.280702 0.00429448 0.0561404
0 0.724233 0.357018 0.00368098 0.0578947
0 0.433129 0.455263 0.00429448 0.0684211
0 0.437883 0.245614 0.00276074 0.045614
0 0.506902 0.529825 0.00398773 0.0736842
0 0.408436 0.583333 0.00521472 0.0684211
0 0.519939 0.375439 0.00368098 0.0596491
0 0.558589 0.364912 0.00368098 0.0596491
0 0.457822 0.484211 0.00460123 0.0701754
0 0.550614 0.570175 0.00490798 0.077193
0 0.454141 0.583333 0.00582822 0.0789474
0 0.450307 0.680702 0.00490798 0.0982456
0 0.414417 0.485965 0.00429448 0.077193
0 0.427147 0.660526 0.00582822 0.0789474
0 0.378374 0.444737 0.00460123 0.0649123
0 0.342485 0.589474 0.00460123 0.077193
0 0.415951 0.744737 0.00736196 0.0929825
