0 0.447853 0.647368 0.00552147 0.0807018
0 0.502454 0.220175 0.00245399 0.0438596
0 0.449387 0.662281 0.00552147 0.0859649
0 0.465031 0.635088 0.00552147 0.0842105
0 0.40046 0.52193 0.00460123 0.0438596
0 0.38635 0.332456 0.00337423 0.054386
0 0.470706 0.654386 0.00582822 0.0877193
0 0.245092 0.367544 0.00245399 0.0578947
0 0.439877 0.435088 0.00429448 0.0666667
0 0.463804 0.464035 0.00429448 0.0684211
0 0.44862 0.242105 0.00276074 0.0421053
0 0.50046 0.52193 0.00460123 0.0684211
0 0.722546 0.355263 0.00337423 0.0578947
0 0.400153 0.289474 0.00276074 0.0491228
0 0.523006 0.370175 0.00368098 0.0596491
0 0.354294 0.641228 0.00552147 0.0824561
0 0.420399 0.544737 0.00521472 0.0684211
0 0.365644 0.679825 0.00613497 0.0894737
0 0.562577 0.364912 0.00368098 0.0596491
0 0.557209 0.573684 0.00521472 0.0807018
0 0.352454 0.452632 0.00429448 0.0666667
0 0.330368 0.595614 0.00429448 0.0754386
0 0.42408 0.473684 0.00398773 0.077193
