0 0.730215 0.335088 0.00337423 0.0561404
0 0.496933 0.292105 0.00368098 0.0508772
0 0.537423 0.282456 0.00306748 0.0526316
0 0.492485 0.363158 0.00276074 0.0561404
0 0.579755 0.333333 0.00490798 0.0596491
0 0.50046 0.475439 0.00460123 0.0701754
0 0.578834 0.242982 0.00306748 0.0473684
0 0.598773 0.447368 0.00429448 0.0596491
0 0.467485 0.298246 0.00306748 0.0526316
0 0.497393 0.357018 0.00337423 0.054386
0 0.450767 0.244737 0.00276074 0.0473684
0 0.526841 0.174561 0.00337423 0.0368421
0 0.480982 0.454386 0.00368098 0.0596491
0 0.422699 0.45 0.00429448 0.0684211
0 0.28635 0.346491 0.00276074 0.0649123
0 0.605368 0.332456 0.00337423 0.054386
0 0.454755 0.685088 0.00521472 0.0894737
0 0.566718 0.434211 0.00398773 0.0649123
0 0.622699 0.42193 0.00429448 0.0649123
0 0.6 0.510526 0.00429448 0.0666667
0 0.542791 0.59386 0.00521472 0.0789474
0 0.610583 0.5 0.00460123 0.0701754
