0 0.572699 0.337719 0.00368098 0.054386
0 0.473773 0.385965 0.00337423 0.0561404
0 0.734663 0.341228 0.00368098 0.0578947
0 0.517945 0.297368 0.00398773 0.0473684
0 0.580828 0.248246 0.00276074 0.0473684
0 0.496933 0.392105 0.00368098 0.054386
0 0.526841 0.176316 0.00337423 0.0403509
0 0.466411 0.298246 0.00337423 0.0526316
0 0.575307 0.35614 0.00521472 0.0561404
0 0.594785 0.467544 0.00429448 0.0684211
0 0.444018 0.244737 0.00276074 0.0473684
0 0.281595 0.353509 0.00245399 0.0578947
0 0.592331 0.503509 0.00429448 0.0701754
0 0.604755 0.340351 0.00337423 0.0561404
0 0.476227 0.461404 0.00398773 0.0666667
0 0.536196 0.60614 0.00552147 0.0824561
0 0.557669 0.440351 0.00429448 0.0666667
0 0.416871 0.457018 0.00429448 0.0684211
0 0.443712 0.690351 0.00582822 0.0894737
0 0.48911 0.477193 0.00582822 0.0736842
0 0.621779 0.447368 0.00429448 0.0666667
0 0.534663 0.296491 0.00429448 0.0596491
0 0.597239 0.517544 0.00490798 0.0736842
