0 0.569018 0.350877 0.00368098 0.0526316
0 0.567638 0.363158 0.00337423 0.0526316
0 0.525 0.172807 0.00276074 0.0368421
0 0.468712 0.399123 0.00306748 0.054386
0 0.465337 0.292982 0.00306748 0.0491228
0 0.73681 0.346491 0.00368098 0.0578947
0 0.55138 0.427193 0.00398773 0.0684211
0 0.578374 0.244737 0.00276074 0.0473684
0 0.495706 0.404386 0.00368098 0.0473684
0 0.277301 0.349123 0.00429448 0.0631579
0 0.591104 0.455263 0.00429448 0.0649123
0 0.604141 0.344737 0.00337423 0.054386
0 0.592025 0.521053 0.00490798 0.0736842
0 0.43727 0.242105 0.00276074 0.045614
0 0.516411 0.294737 0.00337423 0.0491228
0 0.471166 0.45614 0.00368098 0.0666667
0 0.478067 0.47193 0.00521472 0.0736842
0 0.410429 0.45614 0.00429448 0.0666667
0 0.620092 0.44386 0.00398773 0.0666667
0 0.43911 0.67807 0.00582822 0.0894737
0 0.53819 0.600877 0.00521472 0.0824561
0 0.532515 0.292105 0.00429448 0.0578947
0 0.58589 0.522807 0.00552147 0.0877193
