0 0.503834 0.35 0.00337423 0.054386
0 0.731288 0.336842 0.00368098 0.0561404
0 0.502607 0.335965 0.00337423 0.054386
0 0.578834 0.32193 0.00368098 0.0578947
0 0.536503 0.27807 0.00306748 0.0508772
0 0.568558 0.414035 0.00398773 0.0631579
0 0.504755 0.468421 0.00582822 0.077193
0 0.28865 0.341228 0.00306748 0.0719298
0 0.622853 0.415789 0.00398773 0.0631579
0 0.605675 0.32807 0.00337423 0.0561404
0 0.576534 0.238596 0.00276074 0.045614
0 0.470552 0.292982 0.00306748 0.0526316
0 0.492025 0.282456 0.00368098 0.0491228
0 0.582515 0.323684 0.00429448 0.0578947
0 0.482975 0.447368 0.00398773 0.0631579
0 0.455061 0.239474 0.00276074 0.0473684
0 0.525767 0.173684 0.00368098 0.0385965
0 0.60046 0.435965 0.00398773 0.0649123
0 0.42362 0.442105 0.00429448 0.0666667
0 0.461196 0.681579 0.00582822 0.0894737
0 0.547086 0.581579 0.00521472 0.0789474
0 0.616258 0.494737 0.00490798 0.0736842
0 0.604448 0.515789 0.00460123 0.0701754
