0 0.415951 0.45 0.00429448 0.0649123
0 0.253528 0.358772 0.00276074 0.0649123
0 0.475 0.17807 0.00214724 0.0333333
0 0.465798 0.389474 0.00398773 0.0631579
0 0.384509 0.402632 0.00337423 0.0614035
0 0.372699 0.55614 0.00368098 0.0631579
0 0.388957 0.421053 0.00368098 0.0596491
0 0.398466 0.461404 0.00368098 0.0701754
0 0.499233 0.411404 0.00398773 0.0614035
0 0.52454 0.519298 0.00552147 0.0807018
0 0.718865 0.346491 0.00337423 0.0578947
0 0.447393 0.230702 0.00276074 0.0438596
0 0.481442 0.495614 0.00460123 0.0684211
0 0.607822 0.308772 0.00337423 0.0561404
0 0.433589 0.504386 0.00337423 0.0684211
0 0.423466 0.262281 0.00337423 0.054386
0 0.52454 0.370175 0.00368098 0.0596491
0 0.431288 0.62193 0.00552147 0.0789474
0 0.407515 0.287719 0.00460123 0.0561404
0 0.463804 0.610526 0.00552147 0.0842105
0 0.420399 0.764912 0.00644172 0.101754
0 0.353067 0.720175 0.00613497 0.0929825
0 0.408896 0.555263 0.00429448 0.0894737
