0 0.412117 0.5 0.00460123 0.0701754
0 0.438804 0.436842 0.00398773 0.0631579
0 0.441258 0.247368 0.00276074 0.045614
0 0.408129 0.319298 0.00337423 0.0526316
0 0.367178 0.614035 0.00552147 0.0701754
0 0.248466 0.357018 0.00368098 0.0614035
0 0.408436 0.501754 0.00398773 0.0701754
0 0.42408 0.265789 0.00398773 0.054386
0 0.717025 0.345614 0.00337423 0.0561404
0 0.466411 0.400877 0.00398773 0.0578947
0 0.565337 0.35614 0.00368098 0.0596491
0 0.504755 0.234211 0.00276074 0.0438596
0 0.564264 0.564912 0.00521472 0.0736842
0 0.507669 0.382456 0.00368098 0.0596491
0 0.396012 0.438596 0.00429448 0.0666667
0 0.43681 0.680702 0.00613497 0.0912281
0 0.371166 0.549123 0.00490798 0.0877193
0 0.51135 0.532456 0.00490798 0.0684211
0 0.394939 0.696491 0.00582822 0.0912281
0 0.414724 0.616667 0.00552147 0.0754386
0 0.397546 0.562281 0.00490798 0.0754386
0 0.468252 0.575439 0.00521472 0.0666667
0 0.362883 0.755263 0.00736196 0.103509
