0 0.399847 0.736842 0.0107362 0.0421053
0 0.409049 0.582456 0.00398773 0.077193
0 0.505061 0.232456 0.00276074 0.0438596
0 0.43635 0.251754 0.00276074 0.0438596
0 0.445552 0.485088 0.00460123 0.0614035
0 0.41181 0.317544 0.00337423 0.0491228
0 0.411043 0.555263 0.00368098 0.0684211
0 0.394172 0.765789 0.00797546 0.110526
0 0.238957 0.362281 0.00245399 0.0578947
0 0.422393 0.651754 0.00552147 0.0824561
0 0.72362 0.355263 0.00368098 0.0578947
0 0.443558 0.702632 0.00552147 0.0964912
0 0.516258 0.374561 0.00368098 0.0578947
0 0.554601 0.367544 0.00368098 0.0578947
0 0.414877 0.274561 0.00398773 0.0508772
0 0.390798 0.451754 0.00429448 0.0684211
0 0.407209 0.671053 0.00766871 0.0894737
0 0.54908 0.563158 0.00490798 0.077193
0 0.509356 0.544737 0.00460123 0.0754386
0 0.351687 0.573684 0.00521472 0.0912281
0 0.440644 0.552632 0.00521472 0.0736842
0 0.411503 0.496491 0.00398773 0.0701754
0 0.460583 0.489474 0.00460123 0.0701754
