0 0.472393 0.592105 0.00490798 0.0684211
0 0.470399 0.608772 0.00460123 0.0736842
0 0.296472 0.495614 0.00460123 0.054386
0 0.365491 0.47193 0.00460123 0.0631579
0 0.479448 0.190351 0.00245399 0.0368421
0 0.43911 0.235965 0.00276074 0.0438596
0 0.437883 0.401754 0.00398773 0.0631579
0 0.236503 0.373684 0.00245399 0.0561404
0 0.520552 0.370175 0.00368098 0.0596491
0 0.466718 0.430702 0.00398773 0.0614035
0 0.526074 0.518421 0.00490798 0.0754386
0 0.418405 0.564035 0.00368098 0.0684211
0 0.57408 0.339474 0.00337423 0.054386
0 0.71227 0.352632 0.00368098 0.0561404
0 0.32638 0.54386 0.00490798 0.0596491
0 0.402301 0.492105 0.00460123 0.0649123
0 0.388804 0.277193 0.00337423 0.0526316
0 0.357515 0.323684 0.00460123 0.0578947
0 0.467025 0.511404 0.00460123 0.0719298
0 0.296166 0.557895 0.00521472 0.0736842
0 0.432975 0.652632 0.00460123 0.0807018
0 0.408282 0.513158 0.00429448 0.0859649
0 0.36089 0.602632 0.00521472 0.0684211
