0 0.681288 0.345614 0.00368098 0.0596491
0 0.397086 0.384211 0.00398773 0.0596491
0 0.248466 0.436842 0.00429448 0.0631579
0 0.32684 0.32193 0.00337423 0.054386
0 0.497393 0.246491 0.00276074 0.0438596
0 0.431748 0.405263 0.00398773 0.0631579
0 0.194785 0.521053 0.00490798 0.0561404
0 0.55184 0.349123 0.00368098 0.0561404
0 0.203834 0.374561 0.00337423 0.0578947
0 0.490337 0.390351 0.00398773 0.0614035
0 0.455982 0.244737 0.00276074 0.0438596
0 0.346933 0.29386 0.00429448 0.0578947
0 0.186043 0.529825 0.00521472 0.0736842
0 0.311503 0.689474 0.00644172 0.0912281
0 0.510736 0.517544 0.00490798 0.0736842
0 0.347086 0.533333 0.00460123 0.0736842
0 0.469939 0.535965 0.00429448 0.0824561
0 0.419632 0.564035 0.00490798 0.0684211
0 0.558436 0.55 0.00521472 0.0789474
0 0.336196 0.497368 0.00490798 0.0719298
0 0.397393 0.442982 0.00460123 0.0754386
0 0.458436 0.698246 0.00582822 0.0877193
0 0.432975 0.612281 0.00521472 0.0736842
