0 0.68773 0.338596 0.00368098 0.0561404
0 0.253681 0.514035 0.00490798 0.0491228
0 0.282362 0.444737 0.00398773 0.0684211
0 0.42362 0.549123 0.00429448 0.0561404
0 0.339877 0.329825 0.00368098 0.045614
0 0.49862 0.242105 0.00276074 0.045614
0 0.215031 0.383333 0.00368098 0.0684211
0 0.448313 0.242982 0.00276074 0.0438596
0 0.352607 0.537719 0.00460123 0.0684211
0 0.372239 0.281579 0.00460123 0.0508772
0 0.557822 0.34386 0.00337423 0.0561404
0 0.432055 0.414035 0.00398773 0.0631579
0 0.404755 0.4 0.00398773 0.0631579
0 0.238497 0.523684 0.00460123 0.0719298
0 0.466718 0.557018 0.00521472 0.0789474
0 0.42362 0.616667 0.00552147 0.0824561
0 0.490798 0.390351 0.00368098 0.0614035
0 0.33681 0.692105 0.00613497 0.0859649
0 0.56181 0.574561 0.00521472 0.0789474
0 0.518252 0.525439 0.00460123 0.0754386
0 0.396166 0.452632 0.00460123 0.0736842
0 0.349387 0.492982 0.00490798 0.0701754
0 0.444785 0.717544 0.00490798 0.105263
