0 0.241411 0.359649 0.00245399 0.0561404
0 0.414417 0.327193 0.00306748 0.0438596
0 0.439724 0.532456 0.00460123 0.0684211
0 0.397853 0.720175 0.00674847 0.0614035
0 0.435736 0.246491 0.00276074 0.0368421
0 0.72362 0.352632 0.00368098 0.0596491
0 0.393865 0.642982 0.00552147 0.0754386
0 0.504141 0.233333 0.00276074 0.045614
0 0.444479 0.47807 0.00429448 0.0684211
0 0.421166 0.532456 0.00429448 0.0684211
0 0.46089 0.462281 0.00460123 0.0684211
0 0.51319 0.378947 0.00368098 0.0561404
0 0.54862 0.55614 0.00521472 0.077193
0 0.553988 0.368421 0.00368098 0.0561404
0 0.401994 0.572807 0.00460123 0.0789474
0 0.406288 0.504386 0.00398773 0.0684211
0 0.509356 0.538597 0.00460123 0.0736842
0 0.393865 0.451754 0.00429448 0.0684211
0 0.420552 0.272807 0.00429448 0.054386
0 0.448313 0.702632 0.00582822 0.0929825
0 0.418712 0.642105 0.00552147 0.0807018
0 0.379755 0.752632 0.00858896 0.115789
0 0.359356 0.569298 0.00582822 0.103509
