0 0.388804 0.696491 0.00582822 0.0912281
0 0.699233 0.342982 0.00337423 0.0578947
0 0.502914 0.234211 0.00276074 0.0438596
0 0.330215 0.565789 0.00521472 0.0649123
0 0.42546 0.414912 0.00429448 0.0649123
0 0.443405 0.242982 0.00276074 0.0438596
0 0.416411 0.259649 0.00276074 0.0385965
0 0.384816 0.320175 0.00460123 0.054386
0 0.465184 0.424561 0.00398773 0.0631579
0 0.496472 0.392105 0.00398773 0.0614035
0 0.237883 0.383333 0.00337423 0.0508772
0 0.331135 0.508772 0.00582822 0.0701754
0 0.382669 0.525439 0.00337423 0.0649123
0 0.568558 0.341228 0.00337423 0.0578947
0 0.356595 0.449123 0.00521472 0.0701754
0 0.392945 0.560526 0.00429448 0.0719298
0 0.410429 0.475439 0.00368098 0.0631579
0 0.420552 0.752632 0.00490798 0.0947368
0 0.436043 0.563158 0.00521472 0.0736842
0 0.419172 0.64386 0.00582822 0.0807018
0 0.465491 0.568421 0.00521472 0.0807018
0 0.571166 0.604386 0.00552147 0.0824561
0 0.52638 0.542982 0.00490798 0.0754386
