0 0.397086 0.74386 0.00889571 0.045614
0 0.435583 0.463158 0.00429448 0.0526316
0 0.238037 0.365789 0.00245399 0.054386
0 0.436503 0.248246 0.00245399 0.0438596
0 0.399847 0.328947 0.00337423 0.0508772
0 0.72362 0.357018 0.00368098 0.0578947
0 0.506288 0.232456 0.00276074 0.0438596
0 0.408129 0.595614 0.00460123 0.0754386
0 0.404294 0.764035 0.00736196 0.0929825
0 0.403528 0.591228 0.00521472 0.077193
0 0.556135 0.367544 0.00368098 0.0578947
0 0.442945 0.694737 0.00490798 0.0947368
0 0.457822 0.490351 0.00460123 0.0684211
0 0.406135 0.280702 0.00429448 0.0526316
0 0.425307 0.658772 0.00521472 0.0824561
0 0.507055 0.539474 0.00490798 0.0719298
0 0.518558 0.37807 0.00337423 0.0578947
0 0.409816 0.704386 0.00674847 0.0824561
0 0.548006 0.568421 0.00521472 0.0807018
0 0.385123 0.446491 0.00398773 0.0649123
0 0.445552 0.581579 0.00521472 0.0789474
0 0.346012 0.586842 0.00490798 0.0859649
0 0.41319 0.490351 0.00429448 0.0789474
