0 0.574847 0.325439 0.00429448 0.0508772
0 0.576074 0.34386 0.00490798 0.0596491
0 0.732515 0.337719 0.00368098 0.054386
0 0.478221 0.374561 0.00306748 0.054386
0 0.579908 0.246491 0.00276074 0.0473684
0 0.498159 0.37807 0.00368098 0.054386
0 0.467178 0.298246 0.00306748 0.0526316
0 0.596626 0.47193 0.00429448 0.0701754
0 0.512117 0.296491 0.00398773 0.0491228
0 0.494325 0.478947 0.00460123 0.077193
0 0.446166 0.244737 0.00276074 0.0473684
0 0.605675 0.338596 0.00337423 0.0561404
0 0.561043 0.445614 0.00429448 0.0666667
0 0.526994 0.176316 0.00368098 0.0403509
0 0.477914 0.460526 0.00429448 0.0649123
0 0.60184 0.508772 0.00490798 0.0736842
0 0.419632 0.455263 0.00429448 0.0684211
0 0.595092 0.502632 0.00429448 0.0719298
0 0.622086 0.438596 0.00429448 0.0666667
0 0.538037 0.602632 0.00552147 0.0859649
0 0.446012 0.688596 0.00613497 0.0894737
0 0.535583 0.291228 0.00429448 0.0596491
0 0.283589 0.351754 0.00276074 0.0614035
