0 0.234049 0.540351 0.00552147 0.0842105
0 0.707822 0.348246 0.00337423 0.0578947
0 0.465491 0.360526 0.00398773 0.0578947
0 0.415031 0.22193 0.00245399 0.0438596
0 0.224386 0.580702 0.00521472 0.0701754
0 0.292791 0.492105 0.00460123 0.0649123
0 0.502301 0.485965 0.00460123 0.0701754
0 0.326687 0.289474 0.00306748 0.0526316
0 0.50046 0.235965 0.00276074 0.0473684
0 0.395399 0.342105 0.00368098 0.0561404
0 0.519785 0.267544 0.00276074 0.0473684
0 0.498773 0.369298 0.00368098 0.0578947
0 0.221012 0.403509 0.00337423 0.0631579
0 0.53635 0.366667 0.00398773 0.0596491
0 0.560736 0.451754 0.00429448 0.0684211
0 0.465491 0.314035 0.00337423 0.0561404
0 0.382055 0.269298 0.00337423 0.054386
0 0.432822 0.521053 0.00490798 0.0701754
0 0.383896 0.609649 0.00582822 0.0859649
0 0.396779 0.498246 0.00460123 0.0701754
0 0.508896 0.432456 0.00490798 0.0789474
0 0.524233 0.592105 0.00552147 0.0789474
0 0.540491 0.607018 0.00552147 0.0807018
