0 0.505982 0.17193 0.00398773 0.0491228
0 0.371166 0.657018 0.00552147 0.0824561
0 0.709356 0.328947 0.00337423 0.0578947
0 0.536043 0.309649 0.00337423 0.0508772
0 0.263804 0.345614 0.00306748 0.0701754
0 0.545245 0.235088 0.00276074 0.045614
0 0.396319 0.241228 0.00306748 0.0473684
0 0.563344 0.317544 0.00337423 0.0561404
0 0.420399 0.310526 0.00337423 0.0526316
0 0.549387 0.368421 0.00368098 0.0561404
0 0.527147 0.407895 0.00398773 0.0614035
0 0.584202 0.384211 0.00398773 0.0596491
0 0.462577 0.352632 0.00368098 0.0561404
0 0.511656 0.298246 0.00368098 0.0526316
0 0.362883 0.464912 0.00429448 0.0666667
0 0.589571 0.572807 0.00490798 0.0789474
0 0.593558 0.515789 0.00490798 0.0701754
0 0.449693 0.453509 0.00429448 0.0614035
0 0.408742 0.474561 0.00460123 0.0684211
0 0.516871 0.264912 0.00368098 0.0631579
0 0.46365 0.284211 0.00398773 0.0526316
0 0.470245 0.253509 0.00368098 0.054386
0 0.484663 0.557895 0.00490798 0.077193
