0 0.39862 0.739474 0.00766871 0.0614035
0 0.396779 0.757895 0.00766871 0.101754
0 0.505368 0.232456 0.00276074 0.0438596
0 0.43635 0.25 0.00276074 0.0438596
0 0.408589 0.315789 0.00306748 0.045614
0 0.408896 0.579825 0.00429448 0.0754386
0 0.442945 0.476316 0.00429448 0.0614035
0 0.23865 0.360526 0.00245399 0.0578947
0 0.72362 0.355263 0.00368098 0.0578947
0 0.423466 0.649123 0.00582822 0.0842105
0 0.517178 0.375439 0.00368098 0.0596491
0 0.459356 0.489474 0.00460123 0.0701754
0 0.411963 0.274561 0.00429448 0.054386
0 0.389571 0.451754 0.00429448 0.0684211
0 0.554908 0.366667 0.00368098 0.0561404
0 0.442485 0.561404 0.00521472 0.077193
0 0.54862 0.565789 0.00521472 0.0789474
0 0.442638 0.699123 0.00552147 0.0964912
0 0.508896 0.54386 0.00490798 0.0736842
0 0.349387 0.579825 0.00490798 0.0894737
0 0.412117 0.49386 0.00398773 0.0719298
0 0.409049 0.681579 0.00705521 0.0929825
