0 0.521166 0.368421 0.00368098 0.0596491
0 0.484356 0.198246 0.00245399 0.0421053
0 0.442791 0.236842 0.00276074 0.0421053
0 0.435429 0.407018 0.00398773 0.0631579
0 0.469172 0.614035 0.00521472 0.0842105
0 0.305982 0.485965 0.00460123 0.0666667
0 0.236503 0.372807 0.00245399 0.054386
0 0.713497 0.355263 0.00368098 0.0578947
0 0.30046 0.571053 0.00521472 0.0754386
0 0.566104 0.351754 0.00337423 0.0578947
0 0.365951 0.614912 0.00490798 0.0824561
0 0.432362 0.635965 0.00398773 0.0754386
0 0.480215 0.600877 0.00521472 0.0824561
0 0.403834 0.504386 0.00460123 0.0684211
0 0.331595 0.564912 0.00490798 0.0701754
0 0.367791 0.480702 0.00429448 0.0666667
0 0.466564 0.440351 0.00429448 0.0666667
0 0.533896 0.528947 0.00460123 0.0754386
0 0.389877 0.280702 0.00306748 0.0526316
0 0.474387 0.511404 0.00460123 0.0684211
0 0.362117 0.328947 0.00460123 0.0578947
0 0.41227 0.490351 0.00429448 0.0719298
0 0.422853 0.607895 0.00460123 0.0754386
