0 0.412577 0.223684 0.00245399 0.0438596
0 0.324233 0.291228 0.00306748 0.0526316
0 0.502761 0.487719 0.00490798 0.0701754
0 0.394939 0.341228 0.00337423 0.054386
0 0.499847 0.238596 0.00276074 0.045614
0 0.498466 0.37193 0.00368098 0.0596491
0 0.294632 0.494737 0.00460123 0.0736842
0 0.463804 0.362281 0.00368098 0.0578947
0 0.707209 0.345614 0.00337423 0.0561404
0 0.518865 0.267544 0.00276074 0.0508772
0 0.559816 0.453509 0.00429448 0.0684211
0 0.536196 0.367544 0.00368098 0.0614035
0 0.463037 0.315789 0.00337423 0.0561404
0 0.221319 0.584211 0.00521472 0.077193
0 0.229294 0.54386 0.00705521 0.0842105
0 0.219479 0.400877 0.00398773 0.0614035
0 0.380675 0.268421 0.00306748 0.0526316
0 0.522853 0.594737 0.00521472 0.0807018
0 0.381288 0.610526 0.00552147 0.0842105
0 0.432055 0.52193 0.00460123 0.0684211
0 0.538344 0.609649 0.00552147 0.0824561
0 0.395245 0.5 0.00460123 0.0701754
0 0.508589 0.434211 0.00490798 0.0789474
