0 0.569939 0.341228 0.00368098 0.0508772
0 0.525 0.173684 0.00276074 0.0385965
0 0.570092 0.364912 0.00460123 0.0526316
0 0.465951 0.294737 0.00306748 0.0491228
0 0.736503 0.345614 0.00368098 0.0596491
0 0.469018 0.397368 0.00306748 0.0578947
0 0.591411 0.457018 0.00429448 0.0649123
0 0.551994 0.433333 0.00398773 0.0666667
0 0.579141 0.247368 0.00306748 0.045614
0 0.517331 0.294737 0.00337423 0.0491228
0 0.586503 0.518421 0.00490798 0.0859649
0 0.591258 0.521053 0.00460123 0.077193
0 0.277607 0.350877 0.00429448 0.0631579
0 0.496012 0.407018 0.00368098 0.0491228
0 0.604141 0.34386 0.00337423 0.0561404
0 0.437883 0.242982 0.00276074 0.0473684
0 0.472239 0.457018 0.00398773 0.0649123
0 0.53727 0.600877 0.00521472 0.0824561
0 0.411503 0.455263 0.00460123 0.0649123
0 0.439724 0.681579 0.00582822 0.0894737
0 0.620245 0.44386 0.00429448 0.0666667
0 0.479908 0.475439 0.00521472 0.077193
0 0.533129 0.292982 0.00429448 0.0596491
