0 0.410429 0.494737 0.00429448 0.0701754
0 0.408896 0.5 0.00368098 0.0701754
0 0.715644 0.347368 0.00368098 0.0596491
0 0.438497 0.436842 0.00398773 0.0631579
0 0.408129 0.321053 0.00337423 0.0491228
0 0.424693 0.264035 0.00337423 0.0508772
0 0.248773 0.357895 0.00368098 0.0631579
0 0.468098 0.399123 0.00368098 0.054386
0 0.441718 0.249123 0.00245399 0.045614
0 0.365184 0.615789 0.00521472 0.0666667
0 0.504755 0.234211 0.00276074 0.0438596
0 0.566564 0.35614 0.00368098 0.0596491
0 0.396012 0.438596 0.00429448 0.0666667
0 0.432975 0.684211 0.00644172 0.0877193
0 0.507055 0.383333 0.00368098 0.0614035
0 0.394785 0.702632 0.00613497 0.0929825
0 0.513037 0.532456 0.00460123 0.0684211
0 0.567025 0.573684 0.00521472 0.077193
0 0.415644 0.610526 0.00552147 0.0736842
0 0.371472 0.539474 0.00490798 0.0929825
0 0.398773 0.563158 0.00490798 0.0736842
0 0.468098 0.579825 0.00552147 0.0719298
0 0.36181 0.753509 0.00766871 0.107018
