0 0.278834 0.510526 0.00429448 0.0421053
0 0.395859 0.335965 0.00337423 0.0508772
0 0.502301 0.467544 0.00460123 0.0684211
0 0.270245 0.527193 0.00429448 0.0719298
0 0.434509 0.202632 0.00276074 0.0438596
0 0.713804 0.346491 0.00368098 0.0578947
0 0.503681 0.351754 0.00368098 0.0578947
0 0.515184 0.410526 0.00398773 0.0631579
0 0.50092 0.225439 0.00245399 0.0438596
0 0.528067 0.271053 0.00276074 0.0473684
0 0.539877 0.354386 0.00368098 0.0596491
0 0.343865 0.269298 0.00306748 0.0508772
0 0.394785 0.264912 0.00368098 0.0526316
0 0.567485 0.444737 0.00429448 0.0649123
0 0.475307 0.349123 0.00337423 0.0561404
0 0.231595 0.4 0.00306748 0.0631579
0 0.252454 0.614912 0.00552147 0.0824561
0 0.542638 0.575439 0.00490798 0.077193
0 0.441564 0.507895 0.00460123 0.0684211
0 0.410583 0.481579 0.00460123 0.0684211
0 0.554448 0.57807 0.00521472 0.0789474
0 0.484356 0.292982 0.00368098 0.0596491
0 0.402761 0.611404 0.00552147 0.0824561
