0 0.175153 0.557018 0.00490798 0.0684211
0 0.430982 0.380702 0.00429448 0.0736842
0 0.692638 0.34386 0.00368098 0.0596491
0 0.385276 0.360526 0.00368098 0.0614035
0 0.496779 0.386842 0.00398773 0.0614035
0 0.294018 0.338596 0.00337423 0.0561404
0 0.445706 0.371053 0.00368098 0.0614035
0 0.310276 0.494737 0.00460123 0.0701754
0 0.483282 0.242105 0.00276074 0.045614
0 0.375767 0.252632 0.00368098 0.0491228
0 0.507669 0.262281 0.00306748 0.0473684
0 0.503988 0.527193 0.00490798 0.0754386
0 0.555675 0.484211 0.00460123 0.0701754
0 0.201994 0.403509 0.00398773 0.0596491
0 0.539877 0.369298 0.00368098 0.0578947
0 0.364417 0.281579 0.00368098 0.0649123
0 0.422086 0.54386 0.00490798 0.0736842
0 0.369632 0.514912 0.00490798 0.0719298
0 0.349233 0.65 0.00582822 0.0859649
0 0.182975 0.542982 0.00705521 0.0824561
0 0.48773 0.60614 0.00552147 0.0789474
0 0.507209 0.646491 0.00582822 0.0824561
0 0.508282 0.461404 0.00429448 0.0666667
