0 0.500767 0.218421 0.00276074 0.0438596
0 0.383282 0.328947 0.00337423 0.0438596
0 0.391718 0.518421 0.00490798 0.0684211
0 0.523006 0.364912 0.00368098 0.0561404
0 0.242945 0.366667 0.00245399 0.0561404
0 0.470399 0.64386 0.00521472 0.0877193
0 0.418252 0.548246 0.00460123 0.0578947
0 0.446626 0.649123 0.00490798 0.077193
0 0.43819 0.430702 0.00398773 0.0649123
0 0.449233 0.24386 0.00276074 0.045614
0 0.721779 0.355263 0.00368098 0.0578947
0 0.465031 0.459649 0.00429448 0.0701754
0 0.46227 0.639474 0.00490798 0.0789474
0 0.398006 0.289474 0.00276074 0.0491228
0 0.356135 0.633333 0.00552147 0.0842105
0 0.452301 0.662281 0.00521472 0.0789474
0 0.366718 0.67193 0.00582822 0.0912281
0 0.561656 0.366667 0.00368098 0.0596491
0 0.496012 0.522807 0.00490798 0.0701754
0 0.345092 0.458772 0.00429448 0.0684211
0 0.554448 0.566667 0.00521472 0.0807018
0 0.424387 0.470175 0.00398773 0.0736842
0 0.326074 0.595614 0.00429448 0.0754386
