0 0.247393 0.357018 0.00337423 0.0614035
0 0.414877 0.507895 0.00460123 0.0719298
0 0.409356 0.323684 0.00337423 0.0508772
0 0.462883 0.408772 0.00368098 0.0596491
0 0.718712 0.35 0.00368098 0.0578947
0 0.37454 0.619298 0.00552147 0.0736842
0 0.440184 0.247368 0.00245399 0.045614
0 0.504755 0.233333 0.00276074 0.045614
0 0.56319 0.355263 0.00368098 0.0578947
0 0.370859 0.550877 0.00429448 0.0807018
0 0.407362 0.499123 0.00368098 0.0684211
0 0.558589 0.559649 0.00490798 0.0736842
0 0.440491 0.446491 0.00429448 0.0649123
0 0.508896 0.378947 0.00368098 0.0596491
0 0.509663 0.529825 0.00460123 0.0736842
0 0.396626 0.439474 0.00429448 0.0684211
0 0.42316 0.266667 0.00460123 0.0561404
0 0.443558 0.684211 0.00613497 0.0807018
0 0.395399 0.695614 0.00613497 0.0929825
0 0.463804 0.553509 0.00552147 0.0719298
0 0.396319 0.561404 0.00490798 0.0736842
0 0.415031 0.619298 0.00552147 0.0807018
0 0.367638 0.742982 0.00828221 0.110526
