0 0.462577 0.181579 0.00245399 0.0333333
0 0.380675 0.359649 0.00368098 0.0561404
0 0.31319 0.468421 0.00429448 0.0631579
0 0.71181 0.342105 0.00337423 0.0561404
0 0.336656 0.496491 0.00460123 0.0736842
0 0.482975 0.239474 0.00276074 0.0403509
0 0.55 0.336842 0.00368098 0.0561404
0 0.517331 0.32807 0.00337423 0.0561404
0 0.309049 0.655263 0.00582822 0.0789474
0 0.534816 0.262281 0.00276074 0.0473684
0 0.492178 0.332456 0.00337423 0.054386
0 0.572393 0.420175 0.00429448 0.0649123
0 0.421779 0.249123 0.00306748 0.045614
0 0.569172 0.554386 0.00521472 0.0736842
0 0.533129 0.392105 0.00368098 0.0614035
0 0.370399 0.248246 0.00276074 0.0473684
0 0.521472 0.45614 0.00429448 0.0666667
0 0.249233 0.375439 0.00337423 0.0736842
0 0.502454 0.271053 0.00368098 0.0578947
0 0.43727 0.423684 0.00398773 0.0614035
0 0.579448 0.557018 0.00490798 0.0789474
0 0.444172 0.480702 0.00429448 0.0666667
0 0.434202 0.621053 0.00582822 0.0842105
