0 0.681135 0.34386 0.00337423 0.0596491
0 0.395706 0.376316 0.00368098 0.054386
0 0.326687 0.317544 0.00368098 0.0561404
0 0.247086 0.42807 0.00460123 0.0596491
0 0.497393 0.248246 0.00276074 0.0438596
0 0.343098 0.297368 0.00337423 0.054386
0 0.184816 0.526316 0.00460123 0.0631579
0 0.55092 0.351754 0.00368098 0.054386
0 0.490337 0.390351 0.00398773 0.0614035
0 0.201687 0.375439 0.00337423 0.0596491
0 0.177301 0.533333 0.00490798 0.0701754
0 0.333742 0.498246 0.00490798 0.0701754
0 0.432055 0.404386 0.00398773 0.0649123
0 0.457669 0.24386 0.00245399 0.045614
0 0.509509 0.515789 0.00429448 0.0736842
0 0.311043 0.686842 0.00613497 0.0894737
0 0.347393 0.532456 0.00460123 0.0719298
0 0.557209 0.541228 0.00521472 0.0754386
0 0.398313 0.442982 0.00460123 0.0754386
0 0.43727 0.609649 0.00521472 0.0754386
0 0.461196 0.694737 0.00582822 0.0912281
0 0.472086 0.533333 0.00429448 0.077193
0 0.419632 0.564035 0.00490798 0.0684211
