0 0.595245 0.55 0.00582822 0.054386
0 0.486196 0.194737 0.00245399 0.0421053
0 0.507209 0.317544 0.00337423 0.045614
0 0.411963 0.520175 0.00490798 0.0719298
0 0.588037 0.360526 0.00368098 0.0578947
0 0.253067 0.369298 0.00490798 0.0578947
0 0.560276 0.403509 0.00398773 0.0631579
0 0.472086 0.503509 0.00368098 0.0631579
0 0.742331 0.355263 0.00368098 0.0578947
0 0.481748 0.475439 0.00460123 0.0596491
0 0.593865 0.279825 0.00306748 0.0508772
0 0.619018 0.390351 0.00368098 0.0578947
0 0.509816 0.714035 0.00613497 0.0877193
0 0.490337 0.744737 0.00644172 0.0859649
0 0.448466 0.54386 0.00490798 0.077193
0 0.628374 0.644737 0.00582822 0.0824561
0 0.442638 0.309649 0.00306748 0.054386
0 0.643098 0.569298 0.00521472 0.0789474
0 0.567178 0.219298 0.00368098 0.0491228
0 0.53865 0.337719 0.00368098 0.054386
0 0.532975 0.253509 0.00337423 0.0438596
0 0.552454 0.549123 0.00490798 0.0701754
0 0.603221 0.624561 0.00705521 0.0701754
