0 0.279141 0.510526 0.00429448 0.045614
0 0.435583 0.200877 0.00245399 0.0368421
0 0.395706 0.333333 0.00306748 0.0421053
0 0.713804 0.346491 0.00368098 0.0578947
0 0.502147 0.466667 0.00429448 0.0666667
0 0.272393 0.524561 0.00429448 0.0736842
0 0.47592 0.347368 0.00337423 0.0561404
0 0.504601 0.350877 0.00368098 0.0596491
0 0.528528 0.27193 0.00306748 0.0491228
0 0.500767 0.225439 0.00276074 0.0438596
0 0.344785 0.269298 0.00306748 0.0508772
0 0.515798 0.408772 0.00398773 0.0631579
0 0.540031 0.355263 0.00337423 0.0578947
0 0.567791 0.444737 0.00429448 0.0649123
0 0.395552 0.264912 0.00337423 0.0526316
0 0.232209 0.400877 0.00306748 0.0649123
0 0.485429 0.288596 0.00398773 0.0614035
0 0.543405 0.575439 0.00521472 0.077193
0 0.441871 0.50614 0.00460123 0.0684211
0 0.254294 0.618421 0.00552147 0.0824561
0 0.411503 0.481579 0.00460123 0.0684211
0 0.403988 0.609649 0.00552147 0.0824561
0 0.555368 0.57807 0.00521472 0.0789474
