0 0.409049 0.227193 0.00276074 0.0473684
0 0.321012 0.292982 0.00337423 0.0526316
0 0.393712 0.342982 0.00337423 0.054386
0 0.704755 0.34386 0.00337423 0.0561404
0 0.503834 0.49386 0.00460123 0.0684211
0 0.461963 0.359649 0.00368098 0.0596491
0 0.297853 0.492982 0.00429448 0.0701754
0 0.215491 0.578947 0.00521472 0.0736842
0 0.458742 0.324561 0.00337423 0.0561404
0 0.498313 0.373684 0.00337423 0.0596491
0 0.498006 0.235965 0.00276074 0.0438596
0 0.517638 0.265789 0.00276074 0.0473684
0 0.536503 0.366667 0.00368098 0.0596491
0 0.558742 0.455263 0.00460123 0.0684211
0 0.534356 0.614035 0.00552147 0.0807018
0 0.217638 0.402632 0.00398773 0.0649123
0 0.378834 0.270175 0.00368098 0.0561404
0 0.429755 0.525439 0.00490798 0.0719298
0 0.518252 0.598246 0.00521472 0.0807018
0 0.391871 0.501754 0.00460123 0.0666667
0 0.378221 0.609649 0.00552147 0.0824561
0 0.508129 0.435965 0.00460123 0.0719298
0 0.222853 0.542105 0.00705521 0.0807018
