0 0.402454 0.534211 0.00490798 0.0508772
0 0.387883 0.331579 0.00337423 0.0526316
0 0.245706 0.366667 0.00245399 0.0596491
0 0.505368 0.224561 0.00276074 0.045614
0 0.402761 0.285088 0.00306748 0.0508772
0 0.441104 0.657018 0.00490798 0.0824561
0 0.724233 0.357018 0.00368098 0.0578947
0 0.438037 0.447368 0.00429448 0.0666667
0 0.362883 0.682456 0.00552147 0.0736842
0 0.413957 0.555263 0.00460123 0.0578947
0 0.462117 0.474561 0.00460123 0.0684211
0 0.466411 0.616667 0.00582822 0.0929825
0 0.444325 0.242105 0.00276074 0.045614
0 0.522393 0.374561 0.00368098 0.0578947
0 0.463037 0.670175 0.00521472 0.0947368
0 0.373313 0.715789 0.00613497 0.0912281
0 0.56227 0.365789 0.00368098 0.0614035
0 0.506135 0.530702 0.00429448 0.0754386
0 0.558129 0.577193 0.00521472 0.0807018
0 0.337423 0.589474 0.00429448 0.0736842
0 0.366258 0.445614 0.00429448 0.0666667
0 0.429294 0.703509 0.00644172 0.0807018
0 0.419632 0.478947 0.00368098 0.0736842
