0 0.348466 0.611404 0.00552147 0.054386
0 0.476687 0.183333 0.00245399 0.0333333
0 0.418252 0.539474 0.00398773 0.0684211
0 0.23681 0.373684 0.00245399 0.0561404
0 0.438497 0.234211 0.00276074 0.0438596
0 0.581902 0.332456 0.00306748 0.054386
0 0.295092 0.499123 0.00490798 0.0508772
0 0.469785 0.42807 0.00398773 0.0561404
0 0.401534 0.478947 0.00429448 0.0631579
0 0.712883 0.352632 0.00368098 0.0561404
0 0.440951 0.4 0.00398773 0.0631579
0 0.461963 0.516667 0.00490798 0.0684211
0 0.364417 0.473684 0.00429448 0.0666667
0 0.519939 0.370175 0.00368098 0.0596491
0 0.390337 0.273684 0.00337423 0.0526316
0 0.478834 0.611404 0.00552147 0.0754386
0 0.329141 0.530702 0.00490798 0.0578947
0 0.465491 0.59386 0.00521472 0.0754386
0 0.359049 0.317544 0.00460123 0.0526316
0 0.519325 0.513158 0.00490798 0.0754386
0 0.426074 0.679825 0.00490798 0.0929825
0 0.299693 0.54386 0.00552147 0.0701754
0 0.406288 0.528947 0.00460123 0.0929825
