0 0.469479 0.592982 0.00521472 0.0736842
0 0.471626 0.608772 0.00521472 0.0736842
0 0.478221 0.186842 0.00245399 0.0333333
0 0.43865 0.234211 0.00306748 0.0438596
0 0.365031 0.470175 0.00429448 0.0631579
0 0.43911 0.399123 0.00398773 0.0614035
0 0.577147 0.338596 0.00337423 0.0561404
0 0.236503 0.373684 0.00245399 0.0561404
0 0.467485 0.42807 0.00429448 0.0631579
0 0.523313 0.517544 0.00490798 0.0736842
0 0.417791 0.55614 0.00368098 0.0701754
0 0.295245 0.498246 0.00460123 0.0561404
0 0.356135 0.600877 0.00552147 0.0614035
0 0.520245 0.370175 0.00368098 0.0596491
0 0.71227 0.353509 0.00368098 0.0578947
0 0.32638 0.539474 0.00490798 0.0614035
0 0.401534 0.487719 0.00429448 0.0666667
0 0.465337 0.514912 0.00490798 0.0719298
0 0.38911 0.277193 0.00337423 0.0526316
0 0.357209 0.324561 0.00460123 0.0561404
0 0.431135 0.657018 0.00460123 0.0824561
0 0.296319 0.551754 0.00552147 0.0719298
0 0.407515 0.517544 0.00460123 0.0877193
