0 0.167025 0.533333 0.00460123 0.0631579
0 0.680368 0.342105 0.00368098 0.0596491
0 0.340031 0.299123 0.00337423 0.0578947
0 0.250307 0.408772 0.00368098 0.0596491
0 0.393252 0.372807 0.00368098 0.0614035
0 0.432362 0.400877 0.00398773 0.0649123
0 0.329448 0.30614 0.00306748 0.0508772
0 0.497699 0.252632 0.00276074 0.045614
0 0.548773 0.355263 0.00368098 0.0614035
0 0.328681 0.505263 0.00460123 0.0736842
0 0.19862 0.381579 0.00337423 0.0578947
0 0.490644 0.388597 0.00398773 0.0614035
0 0.160123 0.548246 0.00552147 0.0649123
0 0.46181 0.244737 0.00276074 0.0473684
0 0.31181 0.684211 0.00644172 0.0912281
0 0.506902 0.509649 0.00460123 0.0719298
0 0.443865 0.611404 0.00552147 0.0754386
0 0.348773 0.532456 0.00490798 0.0684211
0 0.555828 0.534211 0.00490798 0.0754386
0 0.419632 0.563158 0.00490798 0.0701754
0 0.40184 0.438596 0.00490798 0.0807018
0 0.468405 0.686842 0.00613497 0.0894737
0 0.477761 0.533333 0.00460123 0.077193
