0 0.683129 0.34386 0.00368098 0.0631579
0 0.348773 0.281579 0.00368098 0.0578947
0 0.347699 0.290351 0.00337423 0.054386
0 0.161963 0.548246 0.00613497 0.0719298
0 0.437423 0.37807 0.00368098 0.0578947
0 0.270399 0.379825 0.00398773 0.0614035
0 0.492791 0.386842 0.00398773 0.0614035
0 0.544172 0.361403 0.00368098 0.0596491
0 0.194632 0.398246 0.00337423 0.0526316
0 0.500767 0.257018 0.00276074 0.0473684
0 0.317791 0.505263 0.00490798 0.0736842
0 0.471933 0.24386 0.00276074 0.045614
0 0.387423 0.370175 0.00368098 0.0596491
0 0.326534 0.670175 0.00582822 0.0877193
0 0.48589 0.667544 0.00552147 0.0859649
0 0.420092 0.55614 0.00460123 0.077193
0 0.506288 0.489474 0.00460123 0.0701754
0 0.553374 0.513158 0.00490798 0.0754386
0 0.354294 0.524561 0.00490798 0.0736842
0 0.492485 0.529825 0.00460123 0.077193
0 0.463344 0.611404 0.00582822 0.0754386
0 0.41227 0.422807 0.00490798 0.0736842
