0 0.39816 0.739474 0.00920245 0.0684211
0 0.409049 0.578947 0.00460123 0.077193
0 0.396012 0.759649 0.00736196 0.101754
0 0.443712 0.479825 0.00460123 0.0578947
0 0.505368 0.232456 0.00276074 0.0438596
0 0.43635 0.250877 0.00276074 0.045614
0 0.409969 0.320175 0.00337423 0.0473684
0 0.42316 0.647368 0.00582822 0.0842105
0 0.238957 0.360526 0.00245399 0.0578947
0 0.72362 0.355263 0.00368098 0.0578947
0 0.442025 0.561404 0.00490798 0.077193
0 0.516871 0.374561 0.00368098 0.0578947
0 0.413037 0.275439 0.00398773 0.0526316
0 0.442638 0.699123 0.00552147 0.0964912
0 0.389877 0.450877 0.00429448 0.0666667
0 0.509356 0.544737 0.00460123 0.0754386
0 0.554755 0.367544 0.00337423 0.0578947
0 0.548773 0.565789 0.00490798 0.0789474
0 0.459663 0.490351 0.00460123 0.0684211
0 0.350153 0.577193 0.00521472 0.0877193
0 0.411963 0.494737 0.00429448 0.0736842
0 0.408896 0.67807 0.00674847 0.0894737
