0 0.406748 0.532456 0.00490798 0.0719298
0 0.488497 0.2 0.00276074 0.0421053
0 0.25138 0.376316 0.00521472 0.0614035
0 0.613804 0.55 0.00490798 0.0578947
0 0.589571 0.364912 0.00368098 0.0596491
0 0.742638 0.355263 0.00368098 0.0578947
0 0.511503 0.332456 0.00337423 0.0473684
0 0.498159 0.730702 0.00674847 0.0894737
0 0.520245 0.730702 0.00674847 0.0894737
0 0.629141 0.402632 0.00368098 0.0614035
0 0.479908 0.525439 0.00337423 0.0649123
0 0.59908 0.281579 0.00306748 0.0508772
0 0.570245 0.223684 0.00306748 0.0438596
0 0.56319 0.424561 0.00429448 0.0631579
0 0.48681 0.509649 0.00490798 0.0649123
0 0.447086 0.315789 0.00337423 0.0526316
0 0.637883 0.698246 0.00582822 0.0807018
0 0.563037 0.57193 0.00460123 0.0701754
0 0.453834 0.557895 0.00521472 0.077193
0 0.657209 0.567544 0.00521472 0.0789474
0 0.539264 0.258772 0.00306748 0.0438596
0 0.542025 0.345614 0.00368098 0.0526316
0 0.615644 0.675439 0.00674847 0.077193
