0 0.367178 0.554386 0.00552147 0.0842105
0 0.506135 0.420175 0.00429448 0.0578947
0 0.252607 0.362281 0.00276074 0.0614035
0 0.718405 0.346491 0.00368098 0.0578947
0 0.46273 0.397368 0.00398773 0.054386
0 0.350153 0.70614 0.00582822 0.0859649
0 0.47592 0.17807 0.00214724 0.0333333
0 0.444632 0.228947 0.00276074 0.0438596
0 0.377761 0.452632 0.00337423 0.0561404
0 0.52454 0.369298 0.00368098 0.0578947
0 0.606748 0.311404 0.00368098 0.054386
0 0.364417 0.431579 0.00429448 0.0666667
0 0.510123 0.510526 0.00490798 0.0736842
0 0.393098 0.469298 0.00398773 0.0649123
0 0.469172 0.504386 0.00460123 0.0719298
0 0.421779 0.437719 0.00429448 0.054386
0 0.435429 0.508772 0.00337423 0.0701754
0 0.420399 0.761404 0.00644172 0.0982456
0 0.419479 0.261404 0.00337423 0.0561404
0 0.400153 0.289474 0.00460123 0.0596491
0 0.480368 0.636842 0.00552147 0.0842105
0 0.445399 0.619298 0.00552147 0.0807018
0 0.409356 0.553509 0.00460123 0.0929825
