0 0.50092 0.364912 0.00368098 0.0526316
0 0.50138 0.341228 0.00337423 0.054386
0 0.731135 0.336842 0.00337423 0.0561404
0 0.537117 0.27807 0.00306748 0.0508772
0 0.578834 0.323684 0.00368098 0.0578947
0 0.622853 0.414035 0.00398773 0.0631579
0 0.288037 0.342105 0.00306748 0.0666667
0 0.577454 0.238596 0.00276074 0.045614
0 0.469018 0.295614 0.00306748 0.0508772
0 0.492638 0.286842 0.00368098 0.0508772
0 0.582362 0.322807 0.00460123 0.0596491
0 0.526227 0.173684 0.00337423 0.0385965
0 0.605675 0.329825 0.00337423 0.0561404
0 0.503988 0.470175 0.00552147 0.077193
0 0.482669 0.449123 0.00398773 0.0631579
0 0.453988 0.240351 0.00306748 0.045614
0 0.600307 0.442105 0.00429448 0.0631579
0 0.568252 0.421053 0.00398773 0.0631579
0 0.42362 0.442982 0.00429448 0.0684211
0 0.459663 0.680702 0.00521472 0.0877193
0 0.546472 0.585088 0.00521472 0.0789474
0 0.603528 0.513158 0.00460123 0.0684211
0 0.615031 0.497368 0.00490798 0.0719298
