0 0.247239 0.357018 0.00306748 0.0614035
0 0.409663 0.32193 0.00337423 0.0508772
0 0.46273 0.410526 0.00398773 0.0596491
0 0.415184 0.508772 0.00460123 0.0736842
0 0.374847 0.618421 0.00552147 0.0754386
0 0.718865 0.35 0.00337423 0.0578947
0 0.439724 0.247368 0.00276074 0.045614
0 0.370552 0.551754 0.00429448 0.0789474
0 0.407209 0.499123 0.00398773 0.0684211
0 0.504755 0.233333 0.00276074 0.045614
0 0.440491 0.449123 0.00429448 0.0666667
0 0.562577 0.357018 0.00368098 0.0578947
0 0.557669 0.558772 0.00490798 0.0754386
0 0.509202 0.378947 0.00368098 0.0596491
0 0.396626 0.439474 0.00429448 0.0684211
0 0.423006 0.268421 0.00429448 0.0561404
0 0.443712 0.685088 0.00582822 0.0824561
0 0.509202 0.530702 0.00490798 0.0754386
0 0.395092 0.695614 0.00613497 0.0929825
0 0.46273 0.55 0.00582822 0.0719298
0 0.396472 0.560526 0.00460123 0.0719298
0 0.415031 0.620175 0.00552147 0.0789474
0 0.368098 0.742105 0.00797546 0.108772
