0 0.501227 0.204386 0.00245399 0.0333333
0 0.755368 0.778947 0.00582822 0.0807018
0 0.543252 0.564035 0.00429448 0.0754386
0 0.70092 0.554386 0.00490798 0.0736842
0 0.449233 0.551754 0.00521472 0.0684211
0 0.646779 0.592105 0.00521472 0.0789474
0 0.764724 0.35614 0.00368098 0.0561404
0 0.549693 0.386842 0.00368098 0.054386
0 0.478374 0.347368 0.00337423 0.0561404
0 0.637117 0.295614 0.00306748 0.0508772
0 0.630215 0.454386 0.00398773 0.0666667
0 0.760736 0.775439 0.00674847 0.0807018
0 0.609202 0.373684 0.00368098 0.0596491
0 0.695552 0.419298 0.00398773 0.0631579
0 0.732975 0.562281 0.00521472 0.0789474
0 0.605215 0.257018 0.00552147 0.0578947
0 0.611503 0.722807 0.00644172 0.0947368
0 0.580521 0.371053 0.00337423 0.054386
0 0.542025 0.535088 0.00490798 0.0736842
0 0.566718 0.270175 0.00337423 0.045614
0 0.581442 0.67807 0.00460123 0.0754386
0 0.492025 0.579825 0.00552147 0.0789474
0 0.26181 0.388597 0.00521472 0.0614035
