0 0.498313 0.307895 0.00337423 0.054386
0 0.705675 0.335965 0.00337423 0.0578947
0 0.490337 0.179825 0.00337423 0.0438596
0 0.558742 0.330702 0.00337423 0.0578947
0 0.527147 0.317544 0.00337423 0.0561404
0 0.452607 0.376316 0.00398773 0.0614035
0 0.455368 0.242105 0.00337423 0.045614
0 0.466718 0.275439 0.00337423 0.0526316
0 0.344479 0.464035 0.00429448 0.0614035
0 0.538804 0.244737 0.00276074 0.0473684
0 0.582362 0.566667 0.00460123 0.077193
0 0.386656 0.242982 0.00276074 0.0473684
0 0.258436 0.359649 0.00337423 0.0736842
0 0.407362 0.335965 0.00368098 0.0578947
0 0.58773 0.530702 0.00490798 0.0754386
0 0.578067 0.397368 0.00398773 0.0649123
0 0.522239 0.430702 0.00398773 0.0649123
0 0.543558 0.378947 0.00368098 0.0596491
0 0.348313 0.659649 0.00582822 0.0807018
0 0.384969 0.481579 0.00490798 0.0754386
0 0.51089 0.267544 0.00398773 0.0649123
0 0.443558 0.464035 0.00429448 0.0649123
0 0.466871 0.586842 0.00552147 0.0824561
