0 0.171472 0.530702 0.00490798 0.054386
0 0.680061 0.34386 0.00368098 0.0596491
0 0.340031 0.295614 0.00337423 0.0578947
0 0.394018 0.374561 0.00398773 0.0614035
0 0.248466 0.418421 0.00429448 0.0614035
0 0.327914 0.310526 0.00306748 0.0526316
0 0.497699 0.250877 0.00276074 0.045614
0 0.432362 0.401754 0.00398773 0.0666667
0 0.199387 0.379825 0.00368098 0.0614035
0 0.163804 0.545614 0.00429448 0.0631579
0 0.54908 0.355263 0.00368098 0.0578947
0 0.490951 0.388597 0.00398773 0.0614035
0 0.329755 0.503509 0.00490798 0.0736842
0 0.46089 0.245614 0.00276074 0.045614
0 0.31181 0.684211 0.00644172 0.0947368
0 0.442638 0.610526 0.00490798 0.077193
0 0.556442 0.538597 0.00490798 0.0736842
0 0.507515 0.510526 0.00460123 0.0701754
0 0.419632 0.564035 0.00490798 0.0719298
0 0.34816 0.531579 0.00490798 0.0701754
0 0.466411 0.689474 0.00582822 0.0912281
0 0.476227 0.532456 0.00460123 0.0754386
0 0.40092 0.439474 0.00490798 0.0789474
