0 0.160736 0.533333 0.00490798 0.0666667
0 0.334356 0.297368 0.00306748 0.0508772
0 0.681288 0.341228 0.00368098 0.0578947
0 0.433436 0.395614 0.00368098 0.0614035
0 0.154448 0.558772 0.00460123 0.054386
0 0.256442 0.395614 0.00368098 0.054386
0 0.491258 0.388597 0.00398773 0.0614035
0 0.196779 0.385088 0.00337423 0.054386
0 0.498159 0.254386 0.00245399 0.045614
0 0.341104 0.299123 0.00306748 0.054386
0 0.392025 0.369298 0.00368098 0.054386
0 0.546933 0.35614 0.00368098 0.0596491
0 0.464877 0.245614 0.00276074 0.045614
0 0.324233 0.509649 0.00490798 0.0754386
0 0.554601 0.526316 0.00490798 0.077193
0 0.316104 0.683333 0.00582822 0.0859649
0 0.506288 0.501754 0.00460123 0.0701754
0 0.419479 0.561404 0.00460123 0.0736842
0 0.349847 0.529825 0.00460123 0.0701754
0 0.404294 0.434211 0.00490798 0.0789474
0 0.45 0.610526 0.00552147 0.077193
0 0.482362 0.531579 0.00460123 0.0736842
0 0.473466 0.681579 0.00582822 0.0894737
