0 0.567638 0.35 0.00337423 0.054386
0 0.468098 0.401754 0.00306748 0.0491228
0 0.523773 0.171053 0.00276074 0.0403509
0 0.465031 0.290351 0.00306748 0.0473684
0 0.565184 0.357895 0.00337423 0.0561404
0 0.550153 0.419298 0.00398773 0.0666667
0 0.73589 0.34386 0.00368098 0.0596491
0 0.475767 0.470175 0.00490798 0.0701754
0 0.469479 0.45614 0.00398773 0.0631579
0 0.577454 0.244737 0.00276074 0.0438596
0 0.593405 0.527193 0.00460123 0.0684211
0 0.435429 0.241228 0.00276074 0.0473684
0 0.514264 0.292982 0.00337423 0.0491228
0 0.276687 0.35 0.00429448 0.0649123
0 0.495706 0.405263 0.00368098 0.045614
0 0.603834 0.345614 0.00337423 0.0561404
0 0.590184 0.447368 0.00429448 0.0631579
0 0.409509 0.457018 0.00429448 0.0684211
0 0.619018 0.435088 0.00429448 0.0666667
0 0.531902 0.287719 0.00429448 0.0596491
0 0.43819 0.675439 0.00582822 0.0877193
0 0.53865 0.599123 0.00552147 0.0824561
0 0.585429 0.522807 0.00521472 0.0842105
