0 0.413957 0.327193 0.00337423 0.0473684
0 0.242178 0.358772 0.00276074 0.0578947
0 0.723466 0.351754 0.00337423 0.0578947
0 0.435736 0.246491 0.00276074 0.0368421
0 0.442485 0.536842 0.00460123 0.0666667
0 0.443405 0.475439 0.00460123 0.0701754
0 0.504141 0.233333 0.00276074 0.045614
0 0.397699 0.713158 0.00644172 0.0754386
0 0.554601 0.369298 0.00368098 0.0578947
0 0.423466 0.532456 0.00460123 0.0649123
0 0.38911 0.642982 0.00582822 0.0824561
0 0.54862 0.554386 0.00521472 0.077193
0 0.460276 0.457018 0.00460123 0.0649123
0 0.400613 0.572807 0.00429448 0.0789474
0 0.512423 0.37807 0.00337423 0.0578947
0 0.394632 0.449123 0.00398773 0.0666667
0 0.405828 0.501754 0.00368098 0.0701754
0 0.421472 0.271053 0.00429448 0.054386
0 0.508896 0.538597 0.00490798 0.0736842
0 0.44908 0.701754 0.00613497 0.0947368
0 0.417791 0.637719 0.00552147 0.0824561
0 0.36135 0.567544 0.00552147 0.103509
0 0.377761 0.744737 0.00828221 0.117544
