0 0.410123 0.490351 0.00429448 0.0649123
0 0.43819 0.434211 0.00398773 0.0614035
0 0.408896 0.5 0.00368098 0.0701754
0 0.715491 0.347368 0.00337423 0.0596491
0 0.468252 0.398246 0.00398773 0.0526316
0 0.424693 0.262281 0.00337423 0.0508772
0 0.408282 0.319298 0.00306748 0.0491228
0 0.248773 0.358772 0.00368098 0.0649123
0 0.364571 0.617544 0.00521472 0.0666667
0 0.504755 0.234211 0.00276074 0.0438596
0 0.441871 0.249123 0.00276074 0.045614
0 0.566564 0.35614 0.00368098 0.0596491
0 0.433589 0.685965 0.00644172 0.0912281
0 0.394479 0.702632 0.00613497 0.0929825
0 0.507055 0.384211 0.00368098 0.0596491
0 0.395706 0.438596 0.00429448 0.0666667
0 0.567791 0.574561 0.00490798 0.0789474
0 0.415951 0.610526 0.00552147 0.0736842
0 0.513344 0.534211 0.00460123 0.0719298
0 0.371626 0.539474 0.00521472 0.0929825
0 0.399233 0.563158 0.00521472 0.077193
0 0.467945 0.580702 0.00582822 0.0736842
0 0.361503 0.754386 0.00766871 0.105263
