0 0.522086 0.170175 0.00245399 0.0385965
0 0.731902 0.337719 0.00368098 0.0508772
0 0.563804 0.348246 0.00306748 0.054386
0 0.462577 0.290351 0.00306748 0.0508772
0 0.468712 0.395614 0.00368098 0.054386
0 0.471472 0.462281 0.00429448 0.0684211
0 0.275307 0.346491 0.00398773 0.0649123
0 0.548006 0.418421 0.00398773 0.0649123
0 0.466258 0.454386 0.00368098 0.0631579
0 0.600767 0.34386 0.00337423 0.0526316
0 0.559049 0.348246 0.00521472 0.0578947
0 0.509969 0.290351 0.00337423 0.0508772
0 0.431902 0.239474 0.00306748 0.0473684
0 0.574693 0.238596 0.00276074 0.045614
0 0.494479 0.389474 0.00368098 0.0526316
0 0.435583 0.670175 0.00552147 0.0877193
0 0.529908 0.281579 0.00398773 0.0578947
0 0.587883 0.434211 0.00398773 0.0649123
0 0.599387 0.534211 0.00490798 0.0719298
0 0.407362 0.45614 0.00429448 0.0701754
0 0.616104 0.425439 0.00398773 0.0649123
0 0.535429 0.585088 0.00521472 0.0789474
0 0.586503 0.534211 0.00490798 0.0824561
