0 0.522086 0.360526 0.00368098 0.054386
0 0.239571 0.366667 0.00245399 0.0526316
0 0.496933 0.215789 0.00245399 0.0421053
0 0.377147 0.336842 0.00337423 0.0526316
0 0.382822 0.502632 0.00429448 0.0649123
0 0.43681 0.423684 0.00429448 0.0649123
0 0.719325 0.355263 0.00368098 0.0578947
0 0.449233 0.242982 0.00276074 0.0473684
0 0.462577 0.64386 0.00552147 0.0736842
0 0.368558 0.657018 0.00460123 0.0859649
0 0.44862 0.652632 0.00521472 0.0701754
0 0.395552 0.288596 0.00276074 0.0508772
0 0.490337 0.517544 0.00460123 0.0666667
0 0.465951 0.457018 0.00429448 0.0684211
0 0.335276 0.462281 0.00429448 0.0649123
0 0.353374 0.617544 0.00552147 0.0807018
0 0.412577 0.537719 0.00490798 0.0719298
0 0.561043 0.364912 0.00368098 0.0596491
0 0.438804 0.64386 0.00460123 0.077193
0 0.475153 0.635088 0.00552147 0.0842105
0 0.318712 0.596491 0.00429448 0.077193
0 0.54954 0.549123 0.00460123 0.0736842
0 0.422853 0.470175 0.00398773 0.0736842
