0 0.519172 0.170175 0.00214724 0.0385965
0 0.543712 0.399123 0.00398773 0.0578947
0 0.270706 0.342982 0.00398773 0.0719298
0 0.450307 0.282456 0.00306748 0.045614
0 0.548313 0.339474 0.00337423 0.0578947
0 0.465951 0.444737 0.00429448 0.0649123
0 0.495552 0.286842 0.00337423 0.0473684
0 0.488037 0.350877 0.00306748 0.045614
0 0.587577 0.328947 0.00337423 0.054386
0 0.56273 0.230702 0.00276074 0.0438596
0 0.465491 0.349123 0.00337423 0.0596491
0 0.420706 0.236842 0.00276074 0.045614
0 0.578528 0.392982 0.00368098 0.0561404
0 0.602147 0.397368 0.00368098 0.0614035
0 0.452301 0.453509 0.00398773 0.0614035
0 0.525307 0.270175 0.00398773 0.0631579
0 0.72362 0.330702 0.00368098 0.0578947
0 0.395399 0.457895 0.00429448 0.0666667
0 0.419172 0.663158 0.00582822 0.0877193
0 0.519478 0.557018 0.00521472 0.0789474
0 0.609356 0.535965 0.00460123 0.0719298
0 0.602147 0.585088 0.00552147 0.0789474
0 0.540951 0.325439 0.00521472 0.054386
