0 0.517791 0.170175 0.00368098 0.0491228
0 0.462117 0.304386 0.00337423 0.0473684
0 0.43681 0.287719 0.00306748 0.045614
0 0.552607 0.226316 0.00276074 0.0421053
0 0.476687 0.336842 0.00306748 0.0526316
0 0.266411 0.342982 0.00337423 0.0684211
0 0.408896 0.237719 0.00306748 0.0473684
0 0.535276 0.391228 0.00368098 0.0596491
0 0.716718 0.32807 0.00337423 0.0561404
0 0.593712 0.381579 0.00398773 0.0614035
0 0.541258 0.323684 0.00337423 0.054386
0 0.483129 0.274561 0.00306748 0.0473684
0 0.57592 0.320175 0.00337423 0.054386
0 0.528067 0.307895 0.00398773 0.0508772
0 0.563804 0.372807 0.00368098 0.054386
0 0.459509 0.444737 0.00429448 0.0649123
0 0.397086 0.655263 0.00582822 0.0824561
0 0.382209 0.459649 0.00429448 0.0631579
0 0.597699 0.578947 0.00521472 0.0807018
0 0.504601 0.541228 0.00490798 0.0754386
0 0.602914 0.522807 0.00521472 0.0701754
0 0.523313 0.264035 0.00368098 0.0614035
0 0.433896 0.462281 0.00582822 0.0789474
