0 0.489571 0.200877 0.00245399 0.0403509
0 0.407055 0.533333 0.00490798 0.0596491
0 0.744785 0.35614 0.00368098 0.0561404
0 0.57316 0.224561 0.00337423 0.045614
0 0.503374 0.727193 0.00674847 0.0894737
0 0.62316 0.557895 0.00460123 0.0561404
0 0.529141 0.730702 0.00674847 0.0894737
0 0.486043 0.534211 0.00337423 0.0614035
0 0.635429 0.403509 0.00398773 0.0631579
0 0.647239 0.714035 0.00613497 0.0912281
0 0.491104 0.522807 0.00490798 0.0666667
0 0.513957 0.341228 0.00337423 0.0473684
0 0.591104 0.364912 0.00368098 0.0596491
0 0.566718 0.431579 0.00398773 0.0631579
0 0.60184 0.285088 0.00306748 0.0473684
0 0.44954 0.318421 0.00337423 0.054386
0 0.625614 0.694737 0.00644172 0.0807018
0 0.570859 0.57807 0.00490798 0.0754386
0 0.663957 0.571053 0.00521472 0.0789474
0 0.542485 0.260526 0.00337423 0.0438596
0 0.25092 0.37807 0.00552147 0.0614035
0 0.457515 0.565789 0.00521472 0.0789474
0 0.544632 0.353509 0.00337423 0.054386
