0 0.419172 0.505263 0.00460123 0.0561404
0 0.484663 0.192105 0.00245399 0.0438596
0 0.466718 0.470175 0.00337423 0.0596491
0 0.255521 0.359649 0.00490798 0.0596491
0 0.503681 0.302632 0.00306748 0.0473684
0 0.560736 0.385965 0.00368098 0.0561404
0 0.740491 0.353509 0.00368098 0.0578947
0 0.58911 0.274561 0.00276074 0.0508772
0 0.479141 0.735088 0.00613497 0.0877193
0 0.43865 0.303509 0.00306748 0.0526316
0 0.58589 0.355263 0.00368098 0.0578947
0 0.480521 0.436842 0.00398773 0.0561404
0 0.586503 0.594737 0.00613497 0.0666667
0 0.618252 0.595614 0.00521472 0.0719298
0 0.442331 0.52193 0.00490798 0.0754386
0 0.564571 0.214912 0.00398773 0.0508772
0 0.611963 0.373684 0.00368098 0.0596491
0 0.629908 0.546491 0.00521472 0.0789474
0 0.526994 0.249123 0.00368098 0.045614
0 0.581288 0.540351 0.00674847 0.0701754
0 0.53589 0.324561 0.00368098 0.0526316
0 0.550307 0.518421 0.00490798 0.0719298
0 0.51411 0.663158 0.00613497 0.0912281
