0 0.407822 0.524561 0.00460123 0.0666667
0 0.238037 0.371053 0.00245399 0.054386
0 0.521472 0.364035 0.00368098 0.0578947
0 0.373773 0.332456 0.00337423 0.0508772
0 0.494479 0.214035 0.00245399 0.0421053
0 0.718098 0.355263 0.00368098 0.0578947
0 0.436043 0.422807 0.00398773 0.0631579
0 0.442945 0.644737 0.00429448 0.0754386
0 0.449233 0.240351 0.00276074 0.0421053
0 0.377761 0.5 0.00460123 0.0666667
0 0.350614 0.602632 0.00552147 0.0684211
0 0.466564 0.637719 0.00552147 0.0824561
0 0.369018 0.641228 0.00490798 0.0859649
0 0.394325 0.287719 0.00276074 0.0491228
0 0.480521 0.626316 0.00582822 0.077193
0 0.466871 0.454386 0.00429448 0.0666667
0 0.431595 0.648246 0.00429448 0.0719298
0 0.561043 0.365789 0.00368098 0.0578947
0 0.486963 0.511404 0.00460123 0.0719298
0 0.421472 0.469298 0.00368098 0.0719298
0 0.329908 0.467544 0.00460123 0.0684211
0 0.315184 0.594737 0.00460123 0.0736842
0 0.546779 0.549123 0.00521472 0.077193
