0 0.701841 0.34386 0.00368098 0.0561404
0 0.504755 0.5 0.00460123 0.0701754
0 0.403834 0.233333 0.00276074 0.045614
0 0.207975 0.573684 0.00490798 0.0701754
0 0.316258 0.3 0.00306748 0.0526316
0 0.458896 0.358772 0.00368098 0.0578947
0 0.391104 0.346491 0.00368098 0.0578947
0 0.453221 0.328947 0.00337423 0.054386
0 0.301687 0.489474 0.00460123 0.0666667
0 0.498159 0.377193 0.00368098 0.0596491
0 0.515951 0.266667 0.00306748 0.0491228
0 0.495245 0.238596 0.00276074 0.045614
0 0.557209 0.458772 0.00460123 0.0684211
0 0.53589 0.368421 0.00368098 0.0596491
0 0.37638 0.271053 0.00306748 0.054386
0 0.214724 0.403509 0.00429448 0.0631579
0 0.428067 0.52807 0.00460123 0.0701754
0 0.512423 0.599123 0.00582822 0.0789474
0 0.38819 0.504386 0.00460123 0.0719298
0 0.373006 0.616667 0.00552147 0.0824561
0 0.214724 0.54386 0.00736196 0.0807018
0 0.531288 0.62193 0.00552147 0.0824561
0 0.508129 0.441228 0.00460123 0.0719298
