0 0.522086 0.167544 0.00245399 0.0368421
0 0.732822 0.338596 0.00368098 0.0561404
0 0.56227 0.349123 0.00368098 0.0526316
0 0.274847 0.346491 0.00368098 0.0649123
0 0.469018 0.394737 0.00368098 0.0561404
0 0.46135 0.288596 0.00306748 0.0508772
0 0.465031 0.451754 0.00368098 0.0614035
0 0.573466 0.241228 0.00276074 0.0438596
0 0.470399 0.464035 0.00460123 0.0684211
0 0.547393 0.414912 0.00398773 0.0649123
0 0.59954 0.341228 0.00337423 0.054386
0 0.431135 0.239474 0.00276074 0.0473684
0 0.529141 0.283333 0.00368098 0.0578947
0 0.494018 0.385088 0.00337423 0.0508772
0 0.508589 0.29386 0.00306748 0.0508772
0 0.60138 0.537719 0.00460123 0.0684211
0 0.557822 0.350877 0.00521472 0.0561404
0 0.533896 0.581579 0.00521472 0.0789474
0 0.406595 0.455263 0.00398773 0.0684211
0 0.586963 0.431579 0.00398773 0.0631579
0 0.615184 0.425439 0.00398773 0.0649123
0 0.434509 0.670175 0.00582822 0.0842105
0 0.587577 0.538597 0.00521472 0.0877193
