0 0.340337 0.462281 0.00521472 0.0649123
0 0.353681 0.479825 0.00429448 0.0614035
0 0.498006 0.427193 0.00398773 0.0578947
0 0.410123 0.263158 0.00368098 0.0526316
0 0.244018 0.366667 0.00214724 0.0526316
0 0.456135 0.402632 0.00368098 0.0614035
0 0.388804 0.301754 0.00460123 0.0596491
0 0.716871 0.348246 0.00368098 0.0578947
0 0.603221 0.312281 0.00337423 0.0526316
0 0.47592 0.17807 0.00214724 0.0333333
0 0.441564 0.228947 0.00276074 0.0438596
0 0.334663 0.689474 0.00613497 0.0912281
0 0.377761 0.482456 0.00460123 0.0701754
0 0.351534 0.542982 0.00490798 0.0789474
0 0.413957 0.436842 0.00398773 0.0526316
0 0.522853 0.366667 0.00337423 0.0561404
0 0.431748 0.507895 0.00398773 0.0719298
0 0.419325 0.750877 0.00552147 0.105263
0 0.508742 0.512281 0.00460123 0.0736842
0 0.46227 0.512281 0.00490798 0.0736842
0 0.408896 0.542105 0.00429448 0.0912281
0 0.487577 0.638596 0.00582822 0.0842105
0 0.452454 0.609649 0.00552147 0.0789474
