0 0.511503 0.422807 0.00460123 0.077193
0 0.50046 0.470175 0.00460123 0.0666667
0 0.282055 0.502632 0.00460123 0.0719298
0 0.500767 0.357018 0.00398773 0.0578947
0 0.426687 0.210526 0.00245399 0.0421053
0 0.71273 0.348246 0.00337423 0.0578947
0 0.565491 0.446491 0.00460123 0.0684211
0 0.471012 0.353509 0.00337423 0.0578947
0 0.52454 0.270175 0.00306748 0.0491228
0 0.240337 0.598246 0.00521472 0.0807018
0 0.33727 0.275439 0.00337423 0.0526316
0 0.501074 0.228947 0.00276074 0.0473684
0 0.397699 0.334211 0.00337423 0.0508772
0 0.537883 0.361403 0.00398773 0.0596491
0 0.254908 0.533333 0.00490798 0.0736842
0 0.390031 0.267544 0.00337423 0.054386
0 0.227607 0.401754 0.00306748 0.0631579
0 0.534202 0.581579 0.00521472 0.0754386
0 0.43819 0.513158 0.00460123 0.0684211
0 0.477454 0.300877 0.00398773 0.0578947
0 0.405215 0.490351 0.00429448 0.0719298
0 0.395552 0.607895 0.00521472 0.0824561
0 0.548926 0.590351 0.00521472 0.0789474
