0 0.413957 0.32807 0.00337423 0.0491228
0 0.548926 0.55614 0.00521472 0.077193
0 0.242485 0.358772 0.00337423 0.0578947
0 0.43635 0.246491 0.00276074 0.0368421
0 0.555215 0.368421 0.00368098 0.0596491
0 0.723466 0.35 0.00337423 0.0578947
0 0.444939 0.536842 0.00460123 0.0666667
0 0.4 0.574561 0.00429448 0.0789474
0 0.443098 0.470175 0.00460123 0.0701754
0 0.503988 0.234211 0.00245399 0.0438596
0 0.397546 0.707895 0.00613497 0.0824561
0 0.511963 0.378947 0.00368098 0.0596491
0 0.395245 0.447368 0.00398773 0.0666667
0 0.405828 0.5 0.00368098 0.0701754
0 0.423466 0.525439 0.00460123 0.0649123
0 0.386503 0.635965 0.00552147 0.0824561
0 0.508282 0.538597 0.00490798 0.0736842
0 0.460429 0.452632 0.00429448 0.0701754
0 0.421779 0.271053 0.00429448 0.054386
0 0.417485 0.635088 0.00552147 0.0807018
0 0.45 0.696491 0.00613497 0.0912281
0 0.376227 0.746491 0.00828221 0.114035
0 0.362423 0.566667 0.00582822 0.105263
