0 0.517485 0.558772 0.00429448 0.0789474
0 0.694172 0.765789 0.00613497 0.0929825
0 0.691104 0.740351 0.00552147 0.0877193
0 0.495706 0.20614 0.00245399 0.0403509
0 0.46365 0.330702 0.00337423 0.054386
0 0.670092 0.417544 0.00398773 0.0631579
0 0.544172 0.690351 0.00552147 0.0859649
0 0.60092 0.449123 0.00429448 0.0631579
0 0.755061 0.352632 0.00337423 0.0561404
0 0.600613 0.370175 0.00368098 0.0561404
0 0.621166 0.29386 0.00306748 0.0508772
0 0.423926 0.553509 0.00490798 0.0754386
0 0.531595 0.368421 0.00368098 0.0561404
0 0.518252 0.537719 0.00521472 0.0754386
0 0.612577 0.59386 0.00552147 0.0824561
0 0.574693 0.712281 0.00644172 0.0877193
0 0.592025 0.241228 0.00490798 0.054386
0 0.556288 0.271053 0.00337423 0.0438596
0 0.671933 0.558772 0.00521472 0.0719298
0 0.69954 0.560526 0.00521472 0.0789474
0 0.562117 0.364912 0.00337423 0.0526316
0 0.477761 0.572807 0.00521472 0.0789474
0 0.253988 0.388597 0.00552147 0.0614035
