0 0.518865 0.169298 0.00214724 0.0368421
0 0.270092 0.342105 0.00398773 0.0701754
0 0.542791 0.395614 0.00398773 0.0578947
0 0.465337 0.44386 0.00429448 0.0631579
0 0.721933 0.329825 0.00337423 0.0561404
0 0.561196 0.228947 0.00276074 0.0438596
0 0.448006 0.286842 0.00276074 0.0508772
0 0.449233 0.45614 0.00460123 0.0666667
0 0.486196 0.345614 0.00306748 0.0421053
0 0.546779 0.336842 0.00337423 0.0526316
0 0.585736 0.323684 0.00337423 0.054386
0 0.463957 0.342105 0.00337423 0.0561404
0 0.602914 0.591228 0.00521472 0.077193
0 0.418252 0.235965 0.00276074 0.0473684
0 0.576534 0.391228 0.00337423 0.0526316
0 0.393252 0.45614 0.00429448 0.0596491
0 0.493098 0.283333 0.00337423 0.0473684
0 0.60092 0.394737 0.00368098 0.0596491
0 0.415031 0.663158 0.00613497 0.0877193
0 0.525 0.270175 0.00398773 0.0631579
0 0.53865 0.323684 0.00490798 0.0508772
0 0.517025 0.557018 0.00521472 0.0789474
0 0.608282 0.533333 0.00490798 0.0701754
