0 0.164724 0.535965 0.00490798 0.0614035
0 0.432055 0.4 0.00398773 0.0631579
0 0.680675 0.342982 0.00368098 0.0578947
0 0.251841 0.40614 0.00368098 0.0578947
0 0.392791 0.373684 0.00398773 0.0596491
0 0.327761 0.50614 0.00460123 0.0719298
0 0.497546 0.252632 0.00245399 0.045614
0 0.340337 0.297368 0.00337423 0.0578947
0 0.158436 0.545614 0.00521472 0.0631579
0 0.198006 0.383333 0.00337423 0.0578947
0 0.330521 0.302632 0.00337423 0.054386
0 0.490798 0.388597 0.00429448 0.0614035
0 0.548159 0.354386 0.00368098 0.0596491
0 0.462423 0.244737 0.00276074 0.0473684
0 0.348773 0.532456 0.00490798 0.0684211
0 0.312423 0.685088 0.00644172 0.0894737
0 0.506595 0.509649 0.00460123 0.0754386
0 0.555521 0.534211 0.00490798 0.0754386
0 0.419632 0.562281 0.00490798 0.0719298
0 0.444785 0.612281 0.00552147 0.0736842
0 0.402607 0.437719 0.00460123 0.0789474
0 0.469479 0.685965 0.00582822 0.0877193
0 0.478834 0.533333 0.00490798 0.0736842
