0 0.730522 0.336842 0.00337423 0.0561404
0 0.497699 0.29386 0.00398773 0.0508772
0 0.537423 0.280702 0.00306748 0.0526316
0 0.499693 0.475439 0.00429448 0.0666667
0 0.579448 0.330702 0.00490798 0.0614035
0 0.490951 0.362281 0.00276074 0.0578947
0 0.467485 0.298246 0.00306748 0.0526316
0 0.578988 0.242105 0.00276074 0.045614
0 0.598466 0.446491 0.00429448 0.0578947
0 0.526841 0.174561 0.00337423 0.0368421
0 0.497546 0.357895 0.00368098 0.0596491
0 0.450153 0.244737 0.00276074 0.0473684
0 0.453221 0.685965 0.00582822 0.0877193
0 0.565951 0.432456 0.00429448 0.0649123
0 0.422393 0.45 0.00429448 0.0684211
0 0.480675 0.453509 0.00368098 0.0614035
0 0.286043 0.346491 0.00276074 0.0649123
0 0.605368 0.333333 0.00337423 0.0561404
0 0.609969 0.502632 0.00460123 0.0719298
0 0.622699 0.425439 0.00429448 0.0649123
0 0.599387 0.509649 0.00429448 0.0649123
0 0.542178 0.596491 0.00521472 0.0807018
