0 0.386656 0.698246 0.00521472 0.0877193
0 0.403681 0.281579 0.00368098 0.054386
0 0.240491 0.365789 0.00245399 0.054386
0 0.397086 0.558772 0.00521472 0.0578947
0 0.387883 0.333333 0.00337423 0.0491228
0 0.506288 0.228947 0.00276074 0.0438596
0 0.520552 0.375439 0.00368098 0.0596491
0 0.433589 0.452632 0.00398773 0.0666667
0 0.390798 0.713158 0.00674847 0.0894737
0 0.72454 0.357895 0.00368098 0.0561404
0 0.43911 0.244737 0.00276074 0.0473684
0 0.506902 0.52807 0.00398773 0.0736842
0 0.559509 0.365789 0.00368098 0.0578947
0 0.453374 0.678947 0.00552147 0.105263
0 0.458742 0.480702 0.00460123 0.0701754
0 0.408589 0.581579 0.00552147 0.0684211
0 0.37638 0.445614 0.00429448 0.0666667
0 0.552301 0.572807 0.00521472 0.0789474
0 0.341411 0.588596 0.00429448 0.0789474
0 0.429601 0.661404 0.00582822 0.0807018
0 0.415337 0.485088 0.00429448 0.0789474
0 0.457515 0.589474 0.00582822 0.077193
0 0.419479 0.726316 0.00766871 0.0947368
