0 0.406595 0.527193 0.00460123 0.0719298
0 0.521012 0.357018 0.00337423 0.0508772
0 0.43589 0.641228 0.00429448 0.0824561
0 0.23727 0.372807 0.00276074 0.054386
0 0.369785 0.334211 0.00276074 0.054386
0 0.716564 0.353509 0.00368098 0.0578947
0 0.469325 0.632456 0.00552147 0.0824561
0 0.491718 0.208772 0.00245399 0.0421053
0 0.448006 0.239474 0.00276074 0.0438596
0 0.435429 0.415789 0.00398773 0.0631579
0 0.368865 0.635965 0.00460123 0.0859649
0 0.483589 0.513158 0.00460123 0.0684211
0 0.344939 0.589474 0.00521472 0.0701754
0 0.466871 0.450877 0.00429448 0.0666667
0 0.484202 0.623684 0.00582822 0.0789474
0 0.392638 0.284211 0.00306748 0.0526316
0 0.323313 0.472807 0.00429448 0.0684211
0 0.561503 0.361403 0.00337423 0.0561404
0 0.37408 0.49386 0.00460123 0.0649123
0 0.310123 0.591228 0.00429448 0.077193
0 0.418865 0.475439 0.00398773 0.0736842
0 0.425153 0.659649 0.00368098 0.0666667
0 0.543712 0.538597 0.00521472 0.077193
