0 0.698926 0.34386 0.00337423 0.0561404
0 0.556748 0.474561 0.00429448 0.0684211
0 0.38865 0.350877 0.00368098 0.0596491
0 0.194172 0.564912 0.00490798 0.0666667
0 0.394479 0.241228 0.00306748 0.0473684
0 0.444939 0.341228 0.00337423 0.054386
0 0.503528 0.602632 0.00521472 0.0824561
0 0.453988 0.361403 0.00368098 0.0596491
0 0.498159 0.381579 0.00368098 0.0614035
0 0.372546 0.276316 0.00398773 0.0649123
0 0.490951 0.240351 0.00276074 0.045614
0 0.51273 0.264035 0.00276074 0.0473684
0 0.308129 0.314035 0.00337423 0.0561404
0 0.535736 0.370175 0.00337423 0.0596491
0 0.381442 0.508772 0.00460123 0.0701754
0 0.506288 0.510526 0.00460123 0.0736842
0 0.305982 0.494737 0.00460123 0.0736842
0 0.210123 0.402632 0.00429448 0.0614035
0 0.424847 0.533333 0.00490798 0.0701754
0 0.364877 0.62807 0.00582822 0.0842105
0 0.508282 0.446491 0.00429448 0.0684211
0 0.202147 0.547368 0.00674847 0.0736842
0 0.52316 0.631579 0.00582822 0.0842105
