0 0.233129 0.542105 0.00552147 0.0842105
0 0.707669 0.348246 0.00368098 0.0578947
0 0.414417 0.220175 0.00245399 0.0403509
0 0.465337 0.360526 0.00368098 0.0578947
0 0.326074 0.288596 0.00306748 0.0508772
0 0.502454 0.487719 0.00490798 0.0701754
0 0.293098 0.492105 0.00460123 0.0684211
0 0.50046 0.236842 0.00276074 0.045614
0 0.395245 0.341228 0.00337423 0.054386
0 0.519632 0.267544 0.00306748 0.0473684
0 0.498466 0.370175 0.00368098 0.0596491
0 0.220552 0.402632 0.00368098 0.0649123
0 0.223773 0.583333 0.00521472 0.0754386
0 0.536196 0.366667 0.00368098 0.0596491
0 0.560429 0.451754 0.00429448 0.0684211
0 0.464877 0.314912 0.00337423 0.054386
0 0.383436 0.608772 0.00552147 0.0842105
0 0.432822 0.52193 0.00490798 0.0719298
0 0.381748 0.269298 0.00337423 0.054386
0 0.523926 0.592982 0.00552147 0.0807018
0 0.508896 0.432456 0.00490798 0.0789474
0 0.396472 0.499123 0.00460123 0.0719298
0 0.540184 0.608772 0.00552147 0.0807018
