0 0.475307 0.249123 0.00276074 0.0421053
0 0.552454 0.336842 0.00368098 0.0561404
0 0.708896 0.339474 0.00368098 0.0578947
0 0.388957 0.357895 0.00368098 0.0491228
0 0.519478 0.324561 0.00337423 0.0526316
0 0.472853 0.181579 0.00276074 0.0403509
0 0.353374 0.492982 0.00490798 0.0736842
0 0.322086 0.661404 0.00552147 0.0807018
0 0.534663 0.260526 0.00306748 0.0473684
0 0.323926 0.462281 0.00429448 0.0578947
0 0.493098 0.324561 0.00337423 0.0526316
0 0.37592 0.247368 0.00276074 0.0491228
0 0.573926 0.558772 0.00490798 0.0754386
0 0.57408 0.411404 0.00398773 0.0649123
0 0.536503 0.388597 0.00368098 0.0614035
0 0.432362 0.246491 0.00398773 0.0578947
0 0.252607 0.369298 0.00337423 0.0719298
0 0.442945 0.409649 0.00429448 0.0649123
0 0.522086 0.45 0.00429448 0.0649123
0 0.582822 0.55 0.00490798 0.0754386
0 0.505215 0.271053 0.00368098 0.0578947
0 0.442025 0.473684 0.00429448 0.0666667
0 0.445399 0.613158 0.00552147 0.0824561
