0 0.71319 0.342982 0.00368098 0.0578947
0 0.458896 0.184211 0.00245399 0.0350877
0 0.309049 0.47193 0.00460123 0.0666667
0 0.378834 0.363158 0.00368098 0.0596491
0 0.330061 0.502632 0.00490798 0.0754386
0 0.303067 0.653509 0.00613497 0.0789474
0 0.486043 0.235965 0.00276074 0.0368421
0 0.516411 0.330702 0.00337423 0.054386
0 0.534969 0.262281 0.00306748 0.0473684
0 0.54862 0.337719 0.00337423 0.054386
0 0.571779 0.425439 0.00429448 0.0649123
0 0.368252 0.250877 0.00276074 0.045614
0 0.491564 0.336842 0.00337423 0.0561404
0 0.531902 0.392982 0.00368098 0.0596491
0 0.521319 0.459649 0.00460123 0.0666667
0 0.567638 0.553509 0.00521472 0.0754386
0 0.501074 0.27193 0.00337423 0.0561404
0 0.417485 0.250877 0.00306748 0.045614
0 0.578067 0.557018 0.00521472 0.0789474
0 0.431595 0.614035 0.00552147 0.0842105
0 0.435123 0.429825 0.00398773 0.0631579
0 0.248313 0.37807 0.00337423 0.0719298
0 0.445245 0.483333 0.00460123 0.0684211
