0 0.570092 0.340351 0.00398773 0.0526316
0 0.525307 0.174561 0.00276074 0.0368421
0 0.465951 0.292982 0.00306748 0.045614
0 0.570552 0.362281 0.00490798 0.054386
0 0.736503 0.344737 0.00368098 0.0578947
0 0.517638 0.294737 0.00337423 0.0491228
0 0.469325 0.397368 0.00306748 0.0578947
0 0.552301 0.430702 0.00398773 0.0684211
0 0.579295 0.246491 0.00276074 0.0473684
0 0.591104 0.521053 0.00490798 0.0736842
0 0.591718 0.457895 0.00429448 0.0631579
0 0.58681 0.519298 0.00490798 0.0877193
0 0.496166 0.407018 0.00398773 0.0491228
0 0.43819 0.242982 0.00276074 0.0473684
0 0.277761 0.351754 0.00398773 0.0614035
0 0.604141 0.342982 0.00337423 0.054386
0 0.53727 0.600877 0.00521472 0.0824561
0 0.411503 0.455263 0.00460123 0.0649123
0 0.480368 0.474561 0.00490798 0.0754386
0 0.472393 0.457018 0.00368098 0.0649123
0 0.439877 0.681579 0.00552147 0.0894737
0 0.620245 0.44386 0.00429448 0.0666667
0 0.533129 0.292982 0.00429448 0.0596491
