0 0.573006 0.337719 0.00368098 0.054386
0 0.734356 0.339474 0.00368098 0.0578947
0 0.47454 0.385088 0.00306748 0.0578947
0 0.497239 0.388597 0.00368098 0.054386
0 0.466564 0.295614 0.00306748 0.0508772
0 0.517025 0.295614 0.00398773 0.0473684
0 0.580828 0.246491 0.00276074 0.0473684
0 0.595399 0.468421 0.00429448 0.0666667
0 0.526994 0.175439 0.00368098 0.0385965
0 0.57546 0.353509 0.00490798 0.0578947
0 0.444479 0.244737 0.00245399 0.0473684
0 0.490184 0.476316 0.00552147 0.0754386
0 0.605215 0.339474 0.00368098 0.054386
0 0.417485 0.45614 0.00429448 0.0666667
0 0.282209 0.352632 0.00245399 0.0596491
0 0.592638 0.503509 0.00429448 0.0701754
0 0.444018 0.688596 0.00582822 0.0894737
0 0.476534 0.462281 0.00398773 0.0649123
0 0.598006 0.516667 0.00460123 0.0719298
0 0.558436 0.441228 0.00398773 0.0684211
0 0.622086 0.447368 0.00429448 0.0666667
0 0.536656 0.604386 0.00521472 0.0824561
0 0.534969 0.294737 0.00429448 0.0596491
