0 0.713037 0.342982 0.00337423 0.0578947
0 0.459509 0.184211 0.00245399 0.0350877
0 0.330982 0.501754 0.00490798 0.0736842
0 0.379141 0.363158 0.00368098 0.0596491
0 0.303988 0.655263 0.00613497 0.0824561
0 0.309663 0.470175 0.00460123 0.0666667
0 0.485276 0.235088 0.00245399 0.0385965
0 0.516564 0.329825 0.00368098 0.0561404
0 0.578374 0.557018 0.00521472 0.0789474
0 0.491411 0.335965 0.00306748 0.054386
0 0.534969 0.262281 0.00306748 0.0473684
0 0.54862 0.338596 0.00337423 0.0561404
0 0.571779 0.423684 0.00429448 0.0649123
0 0.368712 0.249123 0.00306748 0.045614
0 0.532055 0.392982 0.00398773 0.0596491
0 0.521472 0.459649 0.00429448 0.0666667
0 0.567945 0.553509 0.00521472 0.0754386
0 0.418252 0.250877 0.00337423 0.045614
0 0.501227 0.272807 0.00368098 0.054386
0 0.435429 0.429825 0.00398773 0.0631579
0 0.431902 0.613158 0.00552147 0.0859649
0 0.24862 0.377193 0.00337423 0.0736842
0 0.444939 0.482456 0.00460123 0.0666667
