0 0.246626 0.518421 0.00490798 0.0684211
0 0.686656 0.338596 0.00337423 0.0561404
0 0.422546 0.557895 0.00460123 0.0666667
0 0.277454 0.436842 0.00337423 0.0596491
0 0.336963 0.335965 0.00337423 0.054386
0 0.498313 0.242982 0.00276074 0.0438596
0 0.448773 0.244737 0.00306748 0.0438596
0 0.21365 0.385088 0.00337423 0.0649123
0 0.351074 0.537719 0.00460123 0.0684211
0 0.490337 0.390351 0.00398773 0.0614035
0 0.557515 0.34386 0.00337423 0.0561404
0 0.403528 0.397368 0.00398773 0.0649123
0 0.431748 0.409649 0.00398773 0.0649123
0 0.466718 0.557895 0.00521472 0.0807018
0 0.423926 0.614035 0.00552147 0.0807018
0 0.369018 0.281579 0.00429448 0.054386
0 0.331595 0.690351 0.00613497 0.0894737
0 0.446319 0.715789 0.00490798 0.101754
0 0.232209 0.522807 0.00490798 0.0736842
0 0.517638 0.523684 0.00460123 0.0719298
0 0.561503 0.566667 0.00521472 0.077193
0 0.347239 0.495614 0.00490798 0.0684211
0 0.395706 0.450877 0.00429448 0.0736842
