0 0.286963 0.503509 0.00460123 0.0701754
0 0.246626 0.539474 0.00429448 0.0789474
0 0.422393 0.214035 0.00245399 0.0421053
0 0.710429 0.346491 0.00368098 0.0578947
0 0.50092 0.47807 0.00429448 0.0684211
0 0.333129 0.27807 0.00306748 0.0508772
0 0.468712 0.357895 0.00368098 0.0561404
0 0.501074 0.231579 0.00276074 0.045614
0 0.500307 0.363158 0.00368098 0.0596491
0 0.397086 0.335965 0.00337423 0.0508772
0 0.234969 0.588596 0.00490798 0.0719298
0 0.537117 0.363158 0.00368098 0.0596491
0 0.522699 0.268421 0.00306748 0.0491228
0 0.386963 0.267544 0.00337423 0.054386
0 0.56319 0.449123 0.00429448 0.0666667
0 0.225153 0.403509 0.00306748 0.0631579
0 0.473006 0.307018 0.00368098 0.0561404
0 0.510123 0.42807 0.00552147 0.0912281
0 0.530521 0.584211 0.00521472 0.0736842
0 0.402454 0.49386 0.00429448 0.0684211
0 0.545399 0.594737 0.00490798 0.077193
0 0.391104 0.607018 0.00552147 0.0842105
0 0.435276 0.518421 0.00490798 0.0719298
