0 0.544325 0.333333 0.00337423 0.0526316
0 0.269018 0.344737 0.00306748 0.0649123
0 0.518558 0.170175 0.00337423 0.045614
0 0.46181 0.328947 0.00337423 0.0473684
0 0.483282 0.339474 0.00337423 0.0473684
0 0.720706 0.328947 0.00337423 0.054386
0 0.558282 0.227193 0.00306748 0.0438596
0 0.46365 0.44386 0.00460123 0.0631579
0 0.489724 0.280702 0.00337423 0.0491228
0 0.444325 0.285088 0.00276074 0.0508772
0 0.540951 0.392982 0.00398773 0.0596491
0 0.582669 0.322807 0.00337423 0.0561404
0 0.415337 0.236842 0.00306748 0.0491228
0 0.598773 0.383333 0.00368098 0.0614035
0 0.572393 0.384211 0.00368098 0.0526316
0 0.409356 0.660526 0.00582822 0.0859649
0 0.602301 0.579825 0.00521472 0.0789474
0 0.390184 0.460526 0.00429448 0.0684211
0 0.535123 0.315789 0.00521472 0.0526316
0 0.606595 0.529825 0.00460123 0.0701754
0 0.524387 0.266667 0.00398773 0.0631579
0 0.444325 0.462281 0.00521472 0.0754386
0 0.512883 0.548246 0.00490798 0.0754386
