0 0.396779 0.751754 0.00828221 0.0614035
0 0.39908 0.736842 0.00981595 0.0421053
0 0.409202 0.583333 0.00429448 0.0754386
0 0.410583 0.555263 0.00398773 0.0649123
0 0.505061 0.232456 0.00276074 0.0438596
0 0.394939 0.764912 0.00828221 0.0982456
0 0.436503 0.251754 0.00245399 0.0438596
0 0.445092 0.484211 0.00429448 0.0631579
0 0.422546 0.650877 0.00582822 0.0842105
0 0.440798 0.555263 0.00490798 0.0754386
0 0.72362 0.355263 0.00368098 0.0578947
0 0.41135 0.319298 0.00368098 0.0491228
0 0.238957 0.362281 0.00245399 0.0578947
0 0.443252 0.700877 0.00552147 0.0964912
0 0.516258 0.374561 0.00368098 0.0578947
0 0.554601 0.367544 0.00368098 0.0578947
0 0.390644 0.451754 0.00460123 0.0684211
0 0.414264 0.274561 0.00398773 0.0508772
0 0.509356 0.54386 0.00460123 0.077193
0 0.54908 0.564035 0.00490798 0.0789474
0 0.35138 0.573684 0.00521472 0.0877193
0 0.407975 0.673684 0.00736196 0.0912281
0 0.411656 0.495614 0.00429448 0.0719298
0 0.460276 0.489474 0.00460123 0.0701754
