0 0.355828 0.285088 0.00613497 0.0614035
0 0.167791 0.545614 0.00490798 0.0736842
0 0.686196 0.34386 0.00368098 0.0596491
0 0.313957 0.500877 0.00460123 0.0719298
0 0.196319 0.398246 0.00306748 0.0526316
0 0.170245 0.544737 0.00613497 0.0719298
0 0.494018 0.387719 0.00398773 0.0596491
0 0.384969 0.367544 0.00368098 0.0578947
0 0.280675 0.363158 0.00368098 0.0596491
0 0.502914 0.260526 0.00276074 0.0473684
0 0.543252 0.364035 0.00368098 0.0614035
0 0.476227 0.242105 0.00276074 0.045614
0 0.359663 0.271053 0.00337423 0.0578947
0 0.498313 0.528947 0.00460123 0.0754386
0 0.553528 0.502632 0.00460123 0.0719298
0 0.441258 0.372807 0.00337423 0.0578947
0 0.353988 0.287719 0.00368098 0.0596491
0 0.335736 0.664912 0.00582822 0.0877193
0 0.47408 0.610526 0.00521472 0.077193
0 0.506902 0.479825 0.00460123 0.0719298
0 0.420706 0.550877 0.00460123 0.0701754
0 0.360123 0.52193 0.00490798 0.0719298
0 0.494325 0.661404 0.00582822 0.0842105
0 0.420399 0.407895 0.00460123 0.0789474
