0 0.387423 0.333333 0.00368098 0.0526316
0 0.446779 0.653509 0.00582822 0.0894737
0 0.468405 0.661404 0.00552147 0.0842105
0 0.448313 0.242105 0.00276074 0.0421053
0 0.503528 0.221053 0.00276074 0.0421053
0 0.245706 0.365789 0.00245399 0.0578947
0 0.402914 0.527193 0.00460123 0.0438596
0 0.467178 0.624561 0.00552147 0.0877193
0 0.463804 0.467544 0.00429448 0.0684211
0 0.440184 0.435088 0.00429448 0.0666667
0 0.444939 0.679825 0.00705521 0.0824561
0 0.401074 0.287719 0.00276074 0.0491228
0 0.722699 0.355263 0.00368098 0.0578947
0 0.354448 0.649123 0.00582822 0.077193
0 0.523006 0.371053 0.00368098 0.0578947
0 0.501994 0.523684 0.00460123 0.0719298
0 0.562883 0.364912 0.00368098 0.0596491
0 0.365337 0.692982 0.00613497 0.0877193
0 0.420552 0.545614 0.00490798 0.0666667
0 0.332975 0.595614 0.00460123 0.0754386
0 0.558436 0.578947 0.00521472 0.0807018
0 0.355828 0.449123 0.00429448 0.0666667
0 0.423006 0.475439 0.00429448 0.077193
