0 0.492791 0.229825 0.00276074 0.0385965
0 0.453528 0.185088 0.00276074 0.0368421
0 0.714724 0.348246 0.00368098 0.0578947
0 0.377301 0.364912 0.00368098 0.0526316
0 0.301687 0.474561 0.00460123 0.0684211
0 0.563957 0.557018 0.00460123 0.0754386
0 0.317331 0.503509 0.00460123 0.0701754
0 0.293712 0.649123 0.00582822 0.077193
0 0.571472 0.428947 0.00429448 0.0649123
0 0.514571 0.335088 0.00337423 0.0561404
0 0.535276 0.266667 0.00306748 0.0491228
0 0.546472 0.341228 0.00337423 0.0578947
0 0.528681 0.395614 0.00398773 0.0614035
0 0.48911 0.341228 0.00337423 0.0578947
0 0.41089 0.25614 0.00276074 0.0491228
0 0.519018 0.459649 0.00429448 0.0666667
0 0.364417 0.252632 0.00306748 0.0491228
0 0.498926 0.276316 0.00398773 0.0614035
0 0.574693 0.558772 0.00521472 0.0754386
0 0.245859 0.383333 0.00337423 0.0754386
0 0.430828 0.442982 0.00398773 0.0649123
0 0.446166 0.485965 0.00460123 0.0666667
0 0.42638 0.617544 0.00552147 0.0842105
