0 0.5 0.214912 0.00245399 0.0438596
0 0.522853 0.361403 0.00337423 0.0561404
0 0.381748 0.335088 0.00337423 0.0526316
0 0.389877 0.514912 0.00490798 0.0684211
0 0.242485 0.366667 0.00214724 0.0526316
0 0.449233 0.24386 0.00276074 0.045614
0 0.446012 0.653509 0.00490798 0.0754386
0 0.43773 0.429825 0.00429448 0.0631579
0 0.461963 0.641228 0.00490798 0.0789474
0 0.721166 0.35614 0.00368098 0.0561404
0 0.416718 0.546491 0.00460123 0.0684211
0 0.465184 0.459649 0.00398773 0.0666667
0 0.451994 0.653509 0.00521472 0.0754386
0 0.470245 0.646491 0.00552147 0.0824561
0 0.397393 0.289474 0.00276074 0.0491228
0 0.367025 0.665789 0.00582822 0.0894737
0 0.56135 0.366667 0.00368098 0.0596491
0 0.356288 0.631579 0.00521472 0.0807018
0 0.494632 0.52193 0.00460123 0.0684211
0 0.324233 0.598246 0.00429448 0.0736842
0 0.342638 0.458772 0.00429448 0.0684211
0 0.552914 0.565789 0.00521472 0.0789474
0 0.424387 0.470175 0.00398773 0.0736842
