0 0.524387 0.414912 0.00398773 0.0614035
0 0.501687 0.172807 0.00398773 0.0438596
0 0.708129 0.332456 0.00337423 0.0578947
0 0.261963 0.35 0.00306748 0.0684211
0 0.532515 0.308772 0.00306748 0.0421053
0 0.458896 0.35614 0.00368098 0.0561404
0 0.416718 0.316667 0.00337423 0.054386
0 0.543712 0.235965 0.00276074 0.0473684
0 0.507669 0.297368 0.00429448 0.054386
0 0.357669 0.462281 0.00429448 0.0614035
0 0.582362 0.390351 0.00398773 0.0614035
0 0.393712 0.241228 0.00276074 0.0473684
0 0.56089 0.32193 0.00337423 0.054386
0 0.587423 0.569298 0.00490798 0.0754386
0 0.547546 0.370175 0.00368098 0.0596491
0 0.364724 0.657895 0.00552147 0.0842105
0 0.466564 0.250877 0.00368098 0.0526316
0 0.464264 0.278947 0.00398773 0.0491228
0 0.44816 0.457018 0.00429448 0.0649123
0 0.591411 0.518421 0.00490798 0.0719298
0 0.479908 0.565789 0.00521472 0.0789474
0 0.515031 0.265789 0.00368098 0.0614035
0 0.402301 0.475439 0.00521472 0.0736842
