0 0.402607 0.534211 0.00460123 0.0578947
0 0.361503 0.679825 0.00582822 0.0789474
0 0.402761 0.285088 0.00306748 0.0508772
0 0.38819 0.333333 0.00337423 0.0526316
0 0.505061 0.223684 0.00276074 0.0438596
0 0.245859 0.365789 0.00276074 0.0614035
0 0.442485 0.655263 0.00460123 0.0824561
0 0.438344 0.445614 0.00429448 0.0666667
0 0.723926 0.357018 0.00368098 0.0578947
0 0.462577 0.472807 0.00429448 0.0684211
0 0.444939 0.242105 0.00276074 0.0421053
0 0.466871 0.616667 0.00613497 0.0929825
0 0.414877 0.553509 0.00460123 0.0614035
0 0.463957 0.668421 0.00521472 0.0947368
0 0.522393 0.373684 0.00368098 0.0596491
0 0.562423 0.365789 0.00398773 0.0614035
0 0.337423 0.589474 0.00429448 0.0736842
0 0.371779 0.712281 0.00613497 0.0912281
0 0.505828 0.529825 0.00429448 0.0736842
0 0.558436 0.578947 0.00521472 0.0807018
0 0.365337 0.444737 0.00429448 0.0649123
0 0.420092 0.477193 0.00398773 0.0736842
0 0.430215 0.700877 0.00644172 0.0754386
