0 0.500614 0.471053 0.00429448 0.0684211
0 0.252147 0.533333 0.00490798 0.0736842
0 0.425153 0.210526 0.00245399 0.045614
0 0.500614 0.359649 0.00368098 0.0631579
0 0.238497 0.597368 0.00521472 0.0789474
0 0.469939 0.354386 0.00368098 0.0561404
0 0.711656 0.348246 0.00368098 0.0578947
0 0.397699 0.335088 0.00337423 0.0526316
0 0.501074 0.229825 0.00276074 0.045614
0 0.33589 0.276316 0.00306748 0.0508772
0 0.282669 0.50614 0.00460123 0.0754386
0 0.226994 0.401754 0.00306748 0.0631579
0 0.523926 0.270175 0.00306748 0.0491228
0 0.51089 0.42807 0.00521472 0.0842105
0 0.53773 0.362281 0.00368098 0.0578947
0 0.564417 0.446491 0.00429448 0.0684211
0 0.476074 0.300877 0.00368098 0.0578947
0 0.388804 0.266667 0.00337423 0.0526316
0 0.43589 0.514912 0.00490798 0.0684211
0 0.394018 0.605263 0.00521472 0.0842105
0 0.533129 0.583333 0.00552147 0.0754386
0 0.404141 0.49386 0.00460123 0.0719298
0 0.547546 0.59386 0.00552147 0.0789474
