0 0.467638 0.592105 0.00521472 0.0789474
0 0.477454 0.186842 0.00214724 0.0333333
0 0.417638 0.546491 0.00337423 0.0684211
0 0.438804 0.233333 0.00276074 0.0421053
0 0.474233 0.608772 0.00552147 0.0807018
0 0.580215 0.331579 0.00337423 0.0561404
0 0.236656 0.373684 0.00276074 0.0561404
0 0.468558 0.426316 0.00398773 0.0561404
0 0.440337 0.399123 0.00398773 0.0614035
0 0.294939 0.496491 0.00460123 0.0561404
0 0.364571 0.472807 0.00460123 0.0684211
0 0.462883 0.514035 0.00490798 0.0666667
0 0.520092 0.370175 0.00398773 0.0596491
0 0.40138 0.486842 0.00460123 0.0649123
0 0.326994 0.535965 0.00490798 0.0578947
0 0.521472 0.513158 0.00490798 0.0754386
0 0.389571 0.275439 0.00306748 0.0526316
0 0.357975 0.318421 0.00429448 0.054386
0 0.712577 0.352632 0.00368098 0.0561404
0 0.354908 0.605263 0.00552147 0.0701754
0 0.428681 0.668421 0.00460123 0.0842105
0 0.297239 0.55 0.00552147 0.0719298
0 0.406902 0.523684 0.00460123 0.0929825
