0 0.683436 0.340351 0.00368098 0.0596491
0 0.258282 0.437719 0.00429448 0.0649123
0 0.216564 0.514035 0.00490798 0.0596491
0 0.328834 0.32807 0.00368098 0.0561404
0 0.497699 0.244737 0.00276074 0.0438596
0 0.208129 0.372807 0.00337423 0.0614035
0 0.317331 0.691228 0.00644172 0.0912281
0 0.554141 0.346491 0.00337423 0.0578947
0 0.452301 0.244737 0.00276074 0.0438596
0 0.399233 0.392105 0.00398773 0.0649123
0 0.490031 0.390351 0.00398773 0.0614035
0 0.204908 0.52807 0.00490798 0.0736842
0 0.347699 0.533333 0.00460123 0.0736842
0 0.355215 0.289474 0.00429448 0.0561404
0 0.420092 0.562281 0.00460123 0.0719298
0 0.432055 0.403509 0.00398773 0.0631579
0 0.467331 0.536842 0.00460123 0.0842105
0 0.513804 0.521053 0.00490798 0.0736842
0 0.559816 0.554386 0.00490798 0.077193
0 0.453221 0.704386 0.00582822 0.0929825
0 0.395859 0.447368 0.00460123 0.077193
0 0.340644 0.49386 0.00521472 0.0719298
0 0.428221 0.614912 0.00552147 0.0719298
