0 0.519325 0.169298 0.00245399 0.0368421
0 0.543252 0.397368 0.00368098 0.0578947
0 0.45 0.282456 0.00306748 0.0491228
0 0.270399 0.342982 0.00398773 0.0719298
0 0.548006 0.338596 0.00337423 0.0561404
0 0.465951 0.444737 0.00429448 0.0649123
0 0.58727 0.327193 0.00337423 0.054386
0 0.56273 0.230702 0.00276074 0.0438596
0 0.487577 0.349123 0.00337423 0.045614
0 0.419939 0.235088 0.00245399 0.045614
0 0.465031 0.346491 0.00368098 0.0578947
0 0.494939 0.285088 0.00337423 0.0473684
0 0.578221 0.391228 0.00368098 0.0561404
0 0.723313 0.330702 0.00368098 0.0578947
0 0.60184 0.397368 0.00368098 0.0614035
0 0.451687 0.454386 0.00398773 0.0631579
0 0.418405 0.664035 0.00552147 0.0859649
0 0.525307 0.270175 0.00398773 0.0631579
0 0.394785 0.457895 0.00429448 0.0666667
0 0.602607 0.586842 0.00521472 0.0789474
0 0.609202 0.535965 0.00490798 0.0719298
0 0.518865 0.555263 0.00521472 0.0789474
0 0.540337 0.324561 0.00521472 0.0561404
