0 0.156442 0.550877 0.00490798 0.0561404
0 0.16319 0.531579 0.00490798 0.0631579
0 0.680828 0.342105 0.00337423 0.0596491
0 0.253374 0.405263 0.00368098 0.0561404
0 0.432669 0.395614 0.00398773 0.0614035
0 0.331902 0.301754 0.00306748 0.0491228
0 0.490798 0.388597 0.00429448 0.0614035
0 0.392791 0.373684 0.00398773 0.0596491
0 0.497699 0.254386 0.00276074 0.045614
0 0.197546 0.384211 0.00306748 0.0561404
0 0.340951 0.294737 0.00337423 0.0561404
0 0.547546 0.353509 0.00368098 0.0578947
0 0.326687 0.507895 0.00490798 0.0754386
0 0.463344 0.244737 0.00276074 0.0438596
0 0.506442 0.508772 0.00490798 0.0736842
0 0.419632 0.562281 0.00490798 0.0719298
0 0.403221 0.435088 0.00460123 0.0807018
0 0.555215 0.533333 0.00490798 0.077193
0 0.313957 0.683333 0.00582822 0.0894737
0 0.349233 0.531579 0.00460123 0.0701754
0 0.471166 0.682456 0.00552147 0.0877193
0 0.480061 0.532456 0.00490798 0.0719298
0 0.447239 0.609649 0.00552147 0.0754386
