0 0.512577 0.416667 0.00429448 0.0684211
0 0.428988 0.202632 0.00276074 0.0368421
0 0.50046 0.471053 0.00460123 0.0649123
0 0.501534 0.355263 0.00368098 0.0578947
0 0.243252 0.607895 0.00552147 0.0789474
0 0.565337 0.446491 0.00429448 0.0684211
0 0.472239 0.350877 0.00337423 0.0561404
0 0.279908 0.507895 0.00460123 0.0719298
0 0.397699 0.333333 0.00337423 0.0491228
0 0.501074 0.227193 0.00276074 0.0473684
0 0.713497 0.348246 0.00368098 0.0578947
0 0.525767 0.270175 0.00306748 0.0491228
0 0.339264 0.272807 0.00306748 0.0508772
0 0.538344 0.359649 0.00368098 0.0596491
0 0.391564 0.265789 0.00337423 0.054386
0 0.53727 0.580702 0.00460123 0.077193
0 0.228681 0.401754 0.00276074 0.0596491
0 0.259049 0.528947 0.00521472 0.0754386
0 0.479448 0.296491 0.00368098 0.0596491
0 0.550153 0.585965 0.00521472 0.077193
0 0.439264 0.512281 0.00490798 0.0701754
0 0.406902 0.487719 0.00460123 0.0701754
0 0.397546 0.607895 0.00552147 0.0824561
