0 0.499693 0.301754 0.00306748 0.0526316
0 0.706288 0.334211 0.00337423 0.0578947
0 0.527914 0.316667 0.00368098 0.054386
0 0.492331 0.178947 0.00368098 0.0421053
0 0.453988 0.37193 0.00368098 0.0596491
0 0.588344 0.529825 0.00490798 0.0736842
0 0.408896 0.331579 0.00368098 0.0526316
0 0.583436 0.567544 0.00490798 0.0789474
0 0.539724 0.244737 0.00276074 0.0473684
0 0.466564 0.27807 0.00306748 0.0508772
0 0.457515 0.244737 0.00337423 0.0473684
0 0.559049 0.32807 0.00337423 0.0561404
0 0.351074 0.657895 0.00582822 0.0842105
0 0.544172 0.378947 0.00368098 0.0596491
0 0.346933 0.471053 0.00429448 0.0684211
0 0.578374 0.397368 0.00398773 0.0649123
0 0.387883 0.242982 0.00276074 0.0473684
0 0.522546 0.42807 0.00398773 0.0631579
0 0.258896 0.357895 0.00368098 0.0736842
0 0.51181 0.268421 0.00398773 0.0631579
0 0.388037 0.482456 0.00490798 0.0736842
0 0.444325 0.462281 0.00460123 0.0649123
0 0.469172 0.578947 0.00521472 0.0807018
