0 0.296779 0.495614 0.00460123 0.0578947
0 0.365491 0.475439 0.00460123 0.0666667
0 0.47362 0.588596 0.00490798 0.0719298
0 0.469939 0.607018 0.00490798 0.077193
0 0.437577 0.398246 0.00398773 0.0561404
0 0.480368 0.189474 0.00245399 0.0385965
0 0.520859 0.369298 0.00368098 0.0578947
0 0.327454 0.542982 0.00521472 0.0508772
0 0.439724 0.236842 0.00276074 0.0421053
0 0.236503 0.372807 0.00245399 0.054386
0 0.402607 0.494737 0.00460123 0.0666667
0 0.572086 0.34386 0.00368098 0.0561404
0 0.466411 0.431579 0.00398773 0.0631579
0 0.419479 0.569298 0.00398773 0.0719298
0 0.527301 0.517544 0.00490798 0.0736842
0 0.71227 0.352632 0.00368098 0.0561404
0 0.358282 0.32193 0.00429448 0.054386
0 0.38865 0.278947 0.00306748 0.0526316
0 0.296472 0.561404 0.00521472 0.0736842
0 0.362883 0.607895 0.00552147 0.0754386
0 0.408896 0.504386 0.00429448 0.0789474
0 0.433129 0.64386 0.00429448 0.0807018
0 0.468558 0.510526 0.00460123 0.0666667
