0 0.493865 0.205263 0.00245399 0.0421053
0 0.561196 0.732456 0.00644172 0.0964912
0 0.660583 0.418421 0.00398773 0.054386
0 0.507822 0.560526 0.00460123 0.0789474
0 0.532209 0.704386 0.00613497 0.0859649
0 0.615337 0.29386 0.00306748 0.0473684
0 0.671472 0.725439 0.00613497 0.0929825
0 0.459969 0.327193 0.00337423 0.054386
0 0.417945 0.550877 0.00521472 0.077193
0 0.590951 0.45 0.00460123 0.0649123
0 0.597546 0.37193 0.00368098 0.0596491
0 0.752607 0.354386 0.00337423 0.0596491
0 0.601227 0.59386 0.00552147 0.0789474
0 0.525767 0.363158 0.00368098 0.0526316
0 0.679755 0.757895 0.00858896 0.0947368
0 0.586503 0.239474 0.00490798 0.054386
0 0.510736 0.535965 0.00552147 0.0789474
0 0.690031 0.564912 0.00521472 0.0807018
0 0.66135 0.561404 0.00490798 0.0736842
0 0.552301 0.267544 0.00337423 0.0438596
0 0.472546 0.570175 0.00521472 0.0807018
0 0.556595 0.366667 0.00337423 0.0526316
0 0.252454 0.387719 0.00552147 0.0596491
