0 0.485583 0.194737 0.00245399 0.0421053
0 0.254601 0.361403 0.00490798 0.0596491
0 0.505215 0.309649 0.00306748 0.0473684
0 0.469172 0.486842 0.00337423 0.0649123
0 0.415491 0.514912 0.00460123 0.0719298
0 0.560429 0.395614 0.00368098 0.0614035
0 0.741411 0.354386 0.00368098 0.0561404
0 0.484049 0.734211 0.00674847 0.0824561
0 0.595245 0.607895 0.00644172 0.0684211
0 0.58681 0.35614 0.00368098 0.0596491
0 0.591411 0.27807 0.00306748 0.0473684
0 0.480675 0.455263 0.00429448 0.0578947
0 0.588497 0.545614 0.00644172 0.0701754
0 0.440798 0.30614 0.00306748 0.054386
0 0.615031 0.381579 0.00368098 0.0614035
0 0.445399 0.529825 0.00490798 0.077193
0 0.509816 0.678947 0.00613497 0.077193
0 0.623313 0.618421 0.00552147 0.0789474
0 0.635123 0.563158 0.00521472 0.0807018
0 0.565644 0.216667 0.00368098 0.0508772
0 0.529448 0.25 0.00368098 0.0438596
0 0.537423 0.330702 0.00368098 0.054386
0 0.55046 0.529825 0.00521472 0.0736842
