0 0.732822 0.339474 0.00368098 0.054386
0 0.521779 0.168421 0.00245399 0.0385965
0 0.274693 0.346491 0.00398773 0.0649123
0 0.56135 0.350877 0.00368098 0.0561404
0 0.460736 0.287719 0.00306748 0.0491228
0 0.469018 0.388597 0.00368098 0.0578947
0 0.546779 0.412281 0.00398773 0.0631579
0 0.572853 0.239474 0.00276074 0.0438596
0 0.59862 0.339474 0.00337423 0.054386
0 0.493712 0.385088 0.00337423 0.0508772
0 0.430521 0.239474 0.00276074 0.0473684
0 0.614264 0.424561 0.00398773 0.0631579
0 0.469939 0.465789 0.00429448 0.0649123
0 0.464571 0.454386 0.00337423 0.0596491
0 0.528834 0.282456 0.00368098 0.0561404
0 0.507515 0.29386 0.00337423 0.0508772
0 0.556135 0.347368 0.00552147 0.0596491
0 0.586656 0.430702 0.00398773 0.0614035
0 0.602454 0.540351 0.00429448 0.0666667
0 0.405828 0.455263 0.00429448 0.0684211
0 0.532822 0.578947 0.00552147 0.0807018
0 0.433896 0.67193 0.00582822 0.0842105
0 0.58819 0.540351 0.00521472 0.0877193
