0 0.420552 0.445614 0.00429448 0.0666667
0 0.254141 0.359649 0.00276074 0.0666667
0 0.399847 0.463158 0.00398773 0.0631579
0 0.475614 0.17807 0.00214724 0.0333333
0 0.379601 0.414035 0.00337423 0.0596491
0 0.465184 0.39386 0.00398773 0.0614035
0 0.502914 0.414035 0.00398773 0.0631579
0 0.517485 0.512281 0.00490798 0.077193
0 0.38635 0.430702 0.00337423 0.054386
0 0.422853 0.263158 0.00337423 0.0526316
0 0.524847 0.370175 0.00368098 0.0596491
0 0.477454 0.500877 0.00460123 0.0649123
0 0.607822 0.308772 0.00337423 0.0561404
0 0.373159 0.557895 0.00337423 0.0631579
0 0.446472 0.228947 0.00276074 0.0438596
0 0.406135 0.285088 0.00429448 0.054386
0 0.437577 0.62193 0.00521472 0.0824561
0 0.718865 0.347368 0.00337423 0.0561404
0 0.470399 0.62193 0.00521472 0.0859649
0 0.434969 0.505263 0.00368098 0.0701754
0 0.420399 0.764035 0.00644172 0.1
0 0.408896 0.554386 0.00429448 0.0877193
0 0.35138 0.714035 0.00644172 0.0947368
