0 0.397546 0.739474 0.00920245 0.0649123
0 0.409202 0.580702 0.00429448 0.077193
0 0.505061 0.232456 0.00276074 0.0438596
0 0.444172 0.480702 0.00429448 0.0596491
0 0.395706 0.761404 0.00736196 0.101754
0 0.43635 0.251754 0.00276074 0.0438596
0 0.422853 0.648246 0.00582822 0.0824561
0 0.441718 0.561404 0.00490798 0.077193
0 0.410429 0.32193 0.00368098 0.0473684
0 0.72362 0.355263 0.00368098 0.0578947
0 0.238957 0.360526 0.00245399 0.0578947
0 0.516718 0.374561 0.00337423 0.0578947
0 0.442945 0.700877 0.00552147 0.0964912
0 0.413344 0.276316 0.00398773 0.054386
0 0.509356 0.54386 0.00460123 0.077193
0 0.554601 0.367544 0.00368098 0.0578947
0 0.390184 0.451754 0.00429448 0.0684211
0 0.350614 0.576316 0.00490798 0.0859649
0 0.548773 0.565789 0.00490798 0.0789474
0 0.459969 0.492105 0.00460123 0.0684211
0 0.41181 0.494737 0.00398773 0.0736842
0 0.408589 0.67807 0.00674847 0.0894737
