0 0.431442 0.640351 0.00398773 0.0807018
0 0.364417 0.334211 0.00368098 0.054386
0 0.714724 0.355263 0.00368098 0.0578947
0 0.521166 0.370175 0.00368098 0.0596491
0 0.236503 0.372807 0.00245399 0.054386
0 0.444632 0.238596 0.00276074 0.0421053
0 0.563804 0.357895 0.00368098 0.0561404
0 0.469939 0.616667 0.00552147 0.0824561
0 0.404755 0.514035 0.00460123 0.0666667
0 0.336963 0.572807 0.00521472 0.0649123
0 0.487423 0.201754 0.00245399 0.0421053
0 0.466258 0.445614 0.00429448 0.0666667
0 0.435123 0.409649 0.00398773 0.0649123
0 0.483436 0.607895 0.00552147 0.0789474
0 0.370092 0.482456 0.00460123 0.0701754
0 0.390798 0.282456 0.00306748 0.0491228
0 0.304294 0.580702 0.00429448 0.0736842
0 0.422853 0.639474 0.00398773 0.0719298
0 0.478221 0.511404 0.00490798 0.0719298
0 0.367178 0.619298 0.00552147 0.0842105
0 0.539264 0.533333 0.00490798 0.0736842
0 0.313037 0.479825 0.00460123 0.0684211
0 0.415491 0.482456 0.00398773 0.0736842
