0 0.393865 0.700877 0.00674847 0.0929825
0 0.699847 0.342105 0.00337423 0.0561404
0 0.503834 0.234211 0.00276074 0.0438596
0 0.428834 0.418421 0.00429448 0.0578947
0 0.443098 0.242982 0.00276074 0.0438596
0 0.417638 0.259649 0.00276074 0.0421053
0 0.496933 0.392105 0.00429448 0.0614035
0 0.385736 0.526316 0.00337423 0.0666667
0 0.336503 0.575439 0.00490798 0.0631579
0 0.363344 0.450877 0.00460123 0.0631579
0 0.388344 0.317544 0.00429448 0.0526316
0 0.468252 0.428947 0.00398773 0.0614035
0 0.23819 0.379825 0.00337423 0.054386
0 0.569172 0.342105 0.00337423 0.0596491
0 0.337117 0.507018 0.00552147 0.0701754
0 0.415184 0.760526 0.00644172 0.114035
0 0.396626 0.564035 0.00429448 0.0719298
0 0.436503 0.564912 0.00490798 0.0736842
0 0.572239 0.604386 0.00521472 0.0824561
0 0.41181 0.479825 0.00337423 0.0649123
0 0.418405 0.646491 0.00552147 0.0824561
0 0.464877 0.571053 0.00521472 0.0824561
0 0.526994 0.545614 0.00490798 0.077193
