0 0.23911 0.515789 0.00460123 0.0736842
0 0.685429 0.340351 0.00337423 0.0561404
0 0.272853 0.441228 0.00398773 0.0649123
0 0.498313 0.242105 0.00276074 0.045614
0 0.44954 0.242982 0.00276074 0.0438596
0 0.334509 0.335965 0.00337423 0.0578947
0 0.349847 0.537719 0.00460123 0.0684211
0 0.556595 0.344737 0.00337423 0.054386
0 0.466718 0.557018 0.00521472 0.0789474
0 0.421779 0.562281 0.00490798 0.0754386
0 0.490031 0.389474 0.00398773 0.0596491
0 0.212423 0.385088 0.00337423 0.0684211
0 0.329448 0.687719 0.00613497 0.0877193
0 0.402301 0.396491 0.00398773 0.0631579
0 0.365644 0.285088 0.00429448 0.054386
0 0.424847 0.614035 0.00552147 0.0807018
0 0.431902 0.407895 0.00429448 0.0614035
0 0.516718 0.522807 0.00460123 0.0736842
0 0.225613 0.524561 0.00460123 0.0736842
0 0.44816 0.711403 0.00490798 0.0964912
0 0.395706 0.449123 0.00429448 0.0736842
0 0.345706 0.49386 0.00490798 0.0684211
0 0.561196 0.564035 0.00521472 0.0789474
