0 0.689877 0.345614 0.00368098 0.0596491
0 0.173466 0.550877 0.00521472 0.077193
0 0.496472 0.386842 0.00398773 0.0614035
0 0.384663 0.363158 0.00368098 0.0596491
0 0.198926 0.400877 0.00337423 0.054386
0 0.502454 0.649123 0.00552147 0.0877193
0 0.370245 0.260526 0.00368098 0.054386
0 0.480828 0.241228 0.00276074 0.0438596
0 0.505675 0.261404 0.00276074 0.045614
0 0.178374 0.542982 0.00705521 0.0824561
0 0.502914 0.529825 0.00521472 0.077193
0 0.289571 0.347368 0.00368098 0.0561404
0 0.444172 0.37193 0.00368098 0.0596491
0 0.554448 0.488596 0.00460123 0.0719298
0 0.311503 0.497368 0.00460123 0.0719298
0 0.540951 0.367544 0.00337423 0.0578947
0 0.361503 0.285088 0.00398773 0.0649123
0 0.427607 0.390351 0.00429448 0.0754386
0 0.421472 0.548246 0.00490798 0.0719298
0 0.343558 0.655263 0.00613497 0.0859649
0 0.366411 0.518421 0.00460123 0.0719298
0 0.507975 0.467544 0.00429448 0.0684211
0 0.482209 0.608772 0.00552147 0.0807018
