0 0.513804 0.411404 0.00429448 0.0649123
0 0.50092 0.468421 0.00429448 0.0701754
0 0.278834 0.501754 0.00429448 0.0561404
0 0.431135 0.20614 0.00276074 0.0438596
0 0.396779 0.334211 0.00337423 0.0473684
0 0.502147 0.355263 0.00368098 0.0578947
0 0.713957 0.347368 0.00337423 0.0596491
0 0.566104 0.444737 0.00460123 0.0684211
0 0.341104 0.27193 0.00306748 0.0491228
0 0.501074 0.226316 0.00276074 0.045614
0 0.538957 0.358772 0.00368098 0.0578947
0 0.247546 0.60614 0.00552147 0.0789474
0 0.473773 0.349123 0.00337423 0.0561404
0 0.229755 0.400877 0.00306748 0.0614035
0 0.526687 0.27193 0.00306748 0.0491228
0 0.263497 0.529825 0.00490798 0.0736842
0 0.392945 0.264912 0.00368098 0.0561404
0 0.481442 0.29386 0.00337423 0.0578947
0 0.399693 0.60614 0.00490798 0.0824561
0 0.440031 0.510526 0.00460123 0.0701754
0 0.55138 0.585965 0.00521472 0.0807018
0 0.538804 0.578947 0.00521472 0.077193
0 0.408129 0.486842 0.00460123 0.0684211
