0 0.437577 0.358772 0.00337423 0.0578947
0 0.38635 0.357895 0.00398773 0.0596491
0 0.696012 0.345614 0.00368098 0.0596491
0 0.182975 0.562281 0.00521472 0.0719298
0 0.497853 0.384211 0.00368098 0.0596491
0 0.556135 0.47807 0.00429448 0.0684211
0 0.30092 0.325439 0.00368098 0.0578947
0 0.44954 0.366667 0.00337423 0.0596491
0 0.384969 0.246491 0.00368098 0.0473684
0 0.505828 0.520175 0.00490798 0.0754386
0 0.509969 0.262281 0.00276074 0.0473684
0 0.486656 0.242105 0.00276074 0.045614
0 0.307822 0.495614 0.00460123 0.0719298
0 0.537423 0.370175 0.00368098 0.0596491
0 0.205215 0.405263 0.00429448 0.0631579
0 0.375307 0.513158 0.00460123 0.0719298
0 0.514724 0.637719 0.00552147 0.0859649
0 0.368712 0.280702 0.00368098 0.0666667
0 0.494479 0.604386 0.00552147 0.0754386
0 0.42362 0.539474 0.00490798 0.0719298
0 0.356902 0.642105 0.00582822 0.0877193
0 0.508589 0.454386 0.00429448 0.0701754
0 0.191718 0.54386 0.00674847 0.077193
