0 0.421626 0.507895 0.00460123 0.0649123
0 0.720859 0.35 0.00368098 0.0578947
0 0.41089 0.323684 0.00337423 0.0508772
0 0.246626 0.355263 0.00306748 0.0578947
0 0.461196 0.425439 0.00398773 0.0649123
0 0.438497 0.25 0.00276074 0.0438596
0 0.552147 0.549123 0.00490798 0.0736842
0 0.407055 0.498246 0.00368098 0.0666667
0 0.397086 0.442105 0.00398773 0.0666667
0 0.504141 0.233333 0.00276074 0.045614
0 0.560429 0.358772 0.00368098 0.0578947
0 0.457055 0.542982 0.00552147 0.0684211
0 0.508282 0.532456 0.00429448 0.0754386
0 0.510429 0.378947 0.00368098 0.0596491
0 0.441411 0.452632 0.00429448 0.0666667
0 0.376994 0.619298 0.00552147 0.0807018
0 0.422699 0.270175 0.00429448 0.0561404
0 0.396626 0.564912 0.00490798 0.0701754
0 0.447239 0.685088 0.00613497 0.0859649
0 0.395245 0.694737 0.00582822 0.0877193
0 0.367178 0.560526 0.00613497 0.0964912
0 0.415644 0.624561 0.00552147 0.0807018
0 0.371626 0.739474 0.00766871 0.103509
