0 0.278988 0.503509 0.00460123 0.0666667
0 0.282515 0.518421 0.00490798 0.0754386
0 0.440184 0.197368 0.00245399 0.0368421
0 0.714417 0.345614 0.00368098 0.0596491
0 0.478374 0.344737 0.00337423 0.054386
0 0.390644 0.344737 0.00337423 0.054386
0 0.506748 0.346491 0.00368098 0.0578947
0 0.505215 0.464912 0.00429448 0.0666667
0 0.500614 0.223684 0.00245399 0.0438596
0 0.530982 0.270175 0.00306748 0.0491228
0 0.569018 0.440351 0.00429448 0.0666667
0 0.541411 0.354386 0.00368098 0.0561404
0 0.518865 0.40614 0.00398773 0.0614035
0 0.349233 0.264912 0.00276074 0.045614
0 0.39862 0.263158 0.00337423 0.0526316
0 0.262423 0.624561 0.00521472 0.077193
0 0.234816 0.396491 0.00337423 0.0666667
0 0.548926 0.57193 0.00521472 0.077193
0 0.489571 0.285965 0.00368098 0.0596491
0 0.559049 0.572807 0.00521472 0.0789474
0 0.414877 0.476316 0.00460123 0.0684211
0 0.444172 0.501754 0.00490798 0.0666667
0 0.409049 0.609649 0.00582822 0.0859649
