0 0.493405 0.314912 0.00337423 0.0508772
0 0.468098 0.266667 0.00306748 0.0491228
0 0.705982 0.338596 0.00337423 0.0561404
0 0.33589 0.466667 0.00429448 0.0631579
0 0.445552 0.242982 0.00337423 0.0508772
0 0.482975 0.180702 0.00337423 0.0421053
0 0.555675 0.335088 0.00337423 0.0561404
0 0.255675 0.364035 0.00337423 0.0719298
0 0.52362 0.320175 0.00368098 0.054386
0 0.33727 0.659649 0.00582822 0.0807018
0 0.536963 0.251754 0.00276074 0.0473684
0 0.541104 0.383333 0.00368098 0.0614035
0 0.372393 0.490351 0.00490798 0.0754386
0 0.578988 0.560526 0.00460123 0.0754386
0 0.576227 0.404386 0.00398773 0.0649123
0 0.401687 0.349123 0.00337423 0.0561404
0 0.382055 0.24386 0.00276074 0.045614
0 0.521779 0.438596 0.00429448 0.0666667
0 0.586196 0.539474 0.00490798 0.0754386
0 0.449693 0.388597 0.00368098 0.0578947
0 0.508589 0.269298 0.00368098 0.0614035
0 0.457975 0.597368 0.00552147 0.0824561
0 0.442331 0.467544 0.00429448 0.0649123
