0 0.718098 0.345614 0.00368098 0.0561404
0 0.364417 0.470175 0.00429448 0.0631579
0 0.502607 0.42807 0.00398773 0.0561404
0 0.458282 0.398246 0.00368098 0.0561404
0 0.247546 0.363158 0.00245399 0.0561404
0 0.605061 0.313158 0.00337423 0.0508772
0 0.47592 0.17807 0.00214724 0.0333333
0 0.420245 0.757018 0.00674847 0.1
0 0.348313 0.450877 0.00460123 0.0666667
0 0.384049 0.476316 0.00429448 0.0684211
0 0.413957 0.264912 0.00337423 0.0526316
0 0.52362 0.367544 0.00368098 0.0578947
0 0.442791 0.229825 0.00276074 0.045614
0 0.433282 0.507018 0.00398773 0.0701754
0 0.418405 0.435088 0.00429448 0.0526316
0 0.392638 0.299123 0.00490798 0.0578947
0 0.46365 0.511404 0.00460123 0.0719298
0 0.341258 0.687719 0.00582822 0.0807018
0 0.354294 0.553509 0.00490798 0.0754386
0 0.507975 0.508772 0.00490798 0.0736842
0 0.409356 0.544737 0.00460123 0.0929825
0 0.45 0.612281 0.00552147 0.077193
0 0.486656 0.642982 0.00582822 0.0859649
