0 0.291564 0.492982 0.00460123 0.0631579
0 0.237117 0.538597 0.00429448 0.0807018
0 0.707669 0.346491 0.00368098 0.0578947
0 0.465951 0.360526 0.00368098 0.0578947
0 0.416411 0.219298 0.00276074 0.045614
0 0.22638 0.583333 0.00490798 0.0684211
0 0.328067 0.286842 0.00337423 0.054386
0 0.502147 0.485088 0.00490798 0.0684211
0 0.500767 0.235088 0.00276074 0.045614
0 0.395706 0.340351 0.00368098 0.0561404
0 0.498926 0.368421 0.00337423 0.0596491
0 0.467025 0.311404 0.00337423 0.0578947
0 0.221779 0.404386 0.00306748 0.0649123
0 0.520399 0.268421 0.00276074 0.0491228
0 0.53681 0.365789 0.00368098 0.0578947
0 0.561196 0.451754 0.00460123 0.0684211
0 0.382975 0.267544 0.00337423 0.054386
0 0.433436 0.520175 0.00490798 0.0719298
0 0.541718 0.603509 0.00490798 0.0807018
0 0.384816 0.609649 0.00582822 0.0859649
0 0.509049 0.430702 0.00521472 0.0754386
0 0.52546 0.590351 0.00552147 0.0754386
0 0.39816 0.496491 0.00429448 0.0701754
