0 0.231135 0.544737 0.00582822 0.0824561
0 0.413497 0.218421 0.00245399 0.0368421
0 0.325153 0.288596 0.00306748 0.0508772
0 0.502607 0.485965 0.00460123 0.0701754
0 0.394939 0.340351 0.00337423 0.0526316
0 0.294018 0.492105 0.00460123 0.0719298
0 0.500153 0.236842 0.00276074 0.045614
0 0.707515 0.346491 0.00337423 0.0578947
0 0.464724 0.362281 0.00368098 0.0578947
0 0.498466 0.370175 0.00368098 0.0596491
0 0.519172 0.266667 0.00276074 0.0491228
0 0.559816 0.452632 0.00429448 0.0701754
0 0.536196 0.366667 0.00368098 0.0596491
0 0.220092 0.401754 0.00398773 0.0631579
0 0.463957 0.316667 0.00337423 0.054386
0 0.382822 0.608772 0.00490798 0.0842105
0 0.222546 0.584211 0.00521472 0.0736842
0 0.432669 0.52193 0.00460123 0.0719298
0 0.381442 0.268421 0.00337423 0.0561404
0 0.53911 0.609649 0.00521472 0.0824561
0 0.523466 0.592982 0.00521472 0.0807018
0 0.508896 0.432456 0.00490798 0.0789474
0 0.395859 0.5 0.00460123 0.0701754
