0 0.168712 0.546491 0.00552147 0.0754386
0 0.686656 0.342982 0.00337423 0.0578947
0 0.196626 0.396491 0.00306748 0.0526316
0 0.494325 0.387719 0.00398773 0.0596491
0 0.282515 0.357895 0.00368098 0.0596491
0 0.553834 0.498246 0.00460123 0.0701754
0 0.384969 0.366667 0.00368098 0.0596491
0 0.171779 0.545614 0.00674847 0.077193
0 0.361503 0.269298 0.00337423 0.0578947
0 0.503221 0.260526 0.00276074 0.0473684
0 0.477454 0.242105 0.00276074 0.045614
0 0.313344 0.499123 0.00460123 0.0719298
0 0.441718 0.372807 0.00368098 0.0578947
0 0.542945 0.365789 0.00368098 0.0614035
0 0.355521 0.286842 0.00368098 0.0614035
0 0.499386 0.530702 0.00490798 0.0754386
0 0.361196 0.520175 0.00460123 0.0719298
0 0.507209 0.47807 0.00460123 0.0719298
0 0.475614 0.610526 0.00521472 0.0807018
0 0.495859 0.658772 0.00582822 0.0859649
0 0.421012 0.550877 0.00521472 0.0736842
0 0.33635 0.663158 0.00582822 0.0842105
0 0.421626 0.407018 0.00460123 0.077193
