0 0.423773 0.255263 0.00276074 0.0438596
0 0.702301 0.342982 0.00337423 0.0578947
0 0.399386 0.310526 0.00368098 0.0491228
0 0.442791 0.244737 0.00276074 0.0438596
0 0.504755 0.233333 0.00276074 0.045614
0 0.430521 0.410526 0.00398773 0.0596491
0 0.400767 0.767544 0.00705521 0.1
0 0.379601 0.447368 0.00398773 0.0596491
0 0.498926 0.391228 0.00398773 0.0596491
0 0.240031 0.369298 0.00276074 0.054386
0 0.355368 0.514035 0.00521472 0.0736842
0 0.394018 0.520175 0.00398773 0.0719298
0 0.47592 0.422807 0.00398773 0.0631579
0 0.570399 0.342982 0.00337423 0.0578947
0 0.347393 0.6 0.00521472 0.0631579
0 0.397699 0.707895 0.00644172 0.0964912
0 0.406748 0.560526 0.00490798 0.0719298
0 0.574233 0.615789 0.00552147 0.0842105
0 0.461656 0.572807 0.00552147 0.0789474
0 0.413344 0.486842 0.00398773 0.0754386
0 0.437577 0.568421 0.00521472 0.0736842
0 0.527607 0.549123 0.00490798 0.077193
0 0.415798 0.65614 0.00582822 0.0842105
