0 0.731595 0.337719 0.00368098 0.054386
0 0.522086 0.168421 0.00245399 0.0385965
0 0.563037 0.347368 0.00398773 0.0526316
0 0.465337 0.453509 0.00368098 0.0614035
0 0.461656 0.290351 0.00306748 0.0508772
0 0.275 0.346491 0.00398773 0.0649123
0 0.469018 0.395614 0.00368098 0.0578947
0 0.470706 0.463158 0.00398773 0.0666667
0 0.547393 0.415789 0.00398773 0.0666667
0 0.534202 0.582456 0.00521472 0.077193
0 0.6 0.341228 0.00306748 0.0508772
0 0.573773 0.239474 0.00276074 0.0438596
0 0.431442 0.241228 0.00276074 0.0473684
0 0.529448 0.282456 0.00368098 0.0596491
0 0.558129 0.35 0.00521472 0.0578947
0 0.509049 0.292105 0.00337423 0.0508772
0 0.494172 0.385965 0.00368098 0.0526316
0 0.60046 0.535965 0.00460123 0.0684211
0 0.58727 0.431579 0.00398773 0.0631579
0 0.615644 0.423684 0.00429448 0.0649123
0 0.406902 0.455263 0.00398773 0.0684211
0 0.434969 0.670175 0.00552147 0.0842105
0 0.58727 0.538597 0.00521472 0.0842105
