0 0.244172 0.367544 0.00245399 0.0578947
0 0.387577 0.330702 0.00337423 0.0508772
0 0.505828 0.225439 0.00245399 0.0438596
0 0.46089 0.670175 0.00521472 0.0982456
0 0.403067 0.283333 0.00306748 0.0508772
0 0.4 0.542982 0.00490798 0.0614035
0 0.724233 0.358772 0.00368098 0.0578947
0 0.367178 0.692105 0.00613497 0.0859649
0 0.43681 0.448246 0.00429448 0.0649123
0 0.442791 0.24386 0.00276074 0.045614
0 0.506748 0.528947 0.00368098 0.0754386
0 0.46135 0.475439 0.00429448 0.0701754
0 0.376994 0.723684 0.00613497 0.0929825
0 0.561656 0.365789 0.00368098 0.0614035
0 0.43819 0.654386 0.00582822 0.0807018
0 0.522086 0.374561 0.00368098 0.0578947
0 0.412117 0.559649 0.00460123 0.0631579
0 0.464877 0.602632 0.00644172 0.0859649
0 0.556902 0.573684 0.00521472 0.0807018
0 0.337883 0.589474 0.00460123 0.0736842
0 0.369018 0.445614 0.00429448 0.0666667
0 0.426994 0.705263 0.00736196 0.0877193
0 0.418405 0.480702 0.00429448 0.0736842
