0 0.500614 0.471053 0.00429448 0.0684211
0 0.251227 0.533333 0.00490798 0.0736842
0 0.238344 0.595614 0.00552147 0.0754386
0 0.424693 0.211404 0.00276074 0.0438596
0 0.71135 0.346491 0.00368098 0.0578947
0 0.500614 0.360526 0.00368098 0.0614035
0 0.469785 0.354386 0.00337423 0.0561404
0 0.397393 0.335088 0.00337423 0.0526316
0 0.501074 0.229825 0.00276074 0.045614
0 0.282975 0.505263 0.00460123 0.0736842
0 0.335583 0.276316 0.00306748 0.0508772
0 0.52362 0.270175 0.00306748 0.0491228
0 0.226687 0.401754 0.00306748 0.0631579
0 0.53773 0.362281 0.00368098 0.0578947
0 0.510583 0.427193 0.00521472 0.0859649
0 0.564264 0.446491 0.00460123 0.0684211
0 0.388497 0.265789 0.00337423 0.054386
0 0.47546 0.301754 0.00368098 0.0596491
0 0.43589 0.514912 0.00490798 0.0684211
0 0.532975 0.583333 0.00521472 0.0754386
0 0.403988 0.494737 0.00429448 0.0701754
0 0.393558 0.607018 0.00552147 0.0842105
0 0.547239 0.594737 0.00552147 0.0807018
