0 0.419479 0.505263 0.00460123 0.0526316
0 0.484356 0.192105 0.00245399 0.0438596
0 0.255675 0.358772 0.00460123 0.0578947
0 0.560583 0.385088 0.00337423 0.054386
0 0.503374 0.301754 0.00306748 0.045614
0 0.466411 0.470175 0.00337423 0.0596491
0 0.740491 0.353509 0.00368098 0.0578947
0 0.588804 0.273684 0.00276074 0.0491228
0 0.478681 0.735088 0.00644172 0.0912281
0 0.438344 0.303509 0.00306748 0.0526316
0 0.585736 0.353509 0.00337423 0.0578947
0 0.584969 0.594737 0.00613497 0.0666667
0 0.480368 0.437719 0.00368098 0.0578947
0 0.442025 0.52193 0.00490798 0.0754386
0 0.617331 0.59386 0.00521472 0.0719298
0 0.564417 0.214035 0.00368098 0.0491228
0 0.526534 0.247368 0.00337423 0.045614
0 0.61135 0.374561 0.00368098 0.0614035
0 0.535736 0.323684 0.00337423 0.054386
0 0.580215 0.540351 0.00705521 0.0701754
0 0.629294 0.54386 0.00521472 0.0807018
0 0.550307 0.517544 0.00490798 0.0701754
0 0.514417 0.659649 0.00613497 0.0877193
