0 0.47638 0.181579 0.00245399 0.0298246
0 0.584509 0.328947 0.00337423 0.054386
0 0.419632 0.535965 0.00429448 0.0649123
0 0.471626 0.42807 0.00398773 0.0596491
0 0.295552 0.501754 0.00460123 0.045614
0 0.23681 0.372807 0.00245399 0.0578947
0 0.438344 0.235088 0.00306748 0.045614
0 0.40184 0.476316 0.00429448 0.0578947
0 0.71319 0.351754 0.00368098 0.0578947
0 0.442485 0.4 0.00398773 0.0631579
0 0.518405 0.514912 0.00490798 0.0754386
0 0.480982 0.613158 0.00552147 0.0754386
0 0.461196 0.515789 0.00460123 0.0701754
0 0.391258 0.273684 0.00337423 0.0526316
0 0.519939 0.371053 0.00368098 0.0614035
0 0.463804 0.594737 0.00490798 0.077193
0 0.360429 0.315789 0.00429448 0.0526316
0 0.331288 0.527193 0.00490798 0.0614035
0 0.346319 0.615789 0.00552147 0.0666667
0 0.364264 0.475439 0.00460123 0.0666667
0 0.424233 0.692982 0.00490798 0.0982456
0 0.302607 0.535965 0.00521472 0.0719298
0 0.405982 0.535088 0.00460123 0.0877193
