0 0.239877 0.359649 0.00245399 0.0561404
0 0.4 0.730702 0.00920245 0.054386
0 0.414264 0.32193 0.00337423 0.0473684
0 0.436043 0.249123 0.00276074 0.0385965
0 0.446472 0.489474 0.00460123 0.0596491
0 0.504601 0.232456 0.00245399 0.0438596
0 0.723926 0.355263 0.00368098 0.0578947
0 0.461196 0.479825 0.00460123 0.0684211
0 0.54908 0.561404 0.00490798 0.077193
0 0.404755 0.667544 0.00582822 0.0824561
0 0.414264 0.547368 0.00460123 0.0701754
0 0.438957 0.545614 0.00490798 0.0736842
0 0.515644 0.376316 0.00368098 0.0578947
0 0.554294 0.367544 0.00368098 0.0578947
0 0.392025 0.451754 0.00429448 0.0684211
0 0.410429 0.499123 0.00368098 0.0684211
0 0.407209 0.579825 0.00460123 0.0754386
0 0.509663 0.54386 0.00460123 0.077193
0 0.445399 0.710526 0.00613497 0.0947368
0 0.387577 0.764912 0.00828221 0.115789
0 0.353988 0.572807 0.00552147 0.0964912
0 0.417485 0.273684 0.00429448 0.0526316
0 0.421166 0.650877 0.00552147 0.0842105
