0 0.519325 0.169298 0.00245399 0.0368421
0 0.543252 0.397368 0.00368098 0.0578947
0 0.270399 0.342982 0.00398773 0.0719298
0 0.44954 0.282456 0.00276074 0.0491228
0 0.547699 0.336842 0.00337423 0.0561404
0 0.465951 0.445614 0.00429448 0.0631579
0 0.562423 0.229825 0.00276074 0.045614
0 0.586963 0.327193 0.00337423 0.054386
0 0.48727 0.347368 0.00337423 0.045614
0 0.577914 0.392982 0.00368098 0.0596491
0 0.451074 0.45614 0.00398773 0.0631579
0 0.419785 0.233333 0.00276074 0.045614
0 0.722853 0.329825 0.00337423 0.0561404
0 0.417638 0.664035 0.00521472 0.0859649
0 0.464877 0.344737 0.00337423 0.0578947
0 0.601687 0.396491 0.00398773 0.0596491
0 0.494632 0.285088 0.00337423 0.0473684
0 0.525307 0.270175 0.00398773 0.0631579
0 0.394479 0.457895 0.00429448 0.0631579
0 0.602761 0.587719 0.00552147 0.0807018
0 0.609049 0.534211 0.00521472 0.0719298
0 0.518558 0.554386 0.00521472 0.077193
0 0.540031 0.323684 0.00521472 0.054386
