0 0.710583 0.346491 0.00337423 0.0578947
0 0.287423 0.504386 0.00429448 0.0719298
0 0.243865 0.539474 0.00429448 0.0789474
0 0.421012 0.213158 0.00276074 0.0438596
0 0.233129 0.585088 0.00490798 0.0649123
0 0.468098 0.358772 0.00368098 0.0578947
0 0.501074 0.47807 0.00460123 0.0684211
0 0.499847 0.363158 0.00337423 0.0561404
0 0.501074 0.231579 0.00276074 0.045614
0 0.332209 0.281579 0.00306748 0.0508772
0 0.522239 0.270175 0.00276074 0.0491228
0 0.396626 0.337719 0.00368098 0.054386
0 0.537117 0.363158 0.00368098 0.0596491
0 0.562883 0.449123 0.00429448 0.0666667
0 0.22454 0.403509 0.00306748 0.0631579
0 0.471779 0.307018 0.00368098 0.0596491
0 0.528988 0.587719 0.00521472 0.077193
0 0.386043 0.267544 0.00337423 0.054386
0 0.543558 0.6 0.00552147 0.0807018
0 0.509663 0.428947 0.00582822 0.0894737
0 0.390337 0.604386 0.00521472 0.0824561
0 0.435276 0.518421 0.00429448 0.0719298
0 0.40138 0.494737 0.00460123 0.0701754
