0 0.682209 0.34386 0.00368098 0.0596491
0 0.253221 0.441228 0.00460123 0.0614035
0 0.497393 0.245614 0.00276074 0.0421053
0 0.327454 0.326316 0.00337423 0.0561404
0 0.209509 0.518421 0.00490798 0.0578947
0 0.206288 0.374561 0.00337423 0.0578947
0 0.398466 0.392105 0.00429448 0.0649123
0 0.552914 0.348246 0.00337423 0.0578947
0 0.454141 0.244737 0.00276074 0.0473684
0 0.490184 0.390351 0.00368098 0.0614035
0 0.431748 0.402632 0.00398773 0.0614035
0 0.347393 0.533333 0.00460123 0.0701754
0 0.314417 0.690351 0.00613497 0.0894737
0 0.197393 0.525439 0.00460123 0.0719298
0 0.338957 0.496491 0.00490798 0.0701754
0 0.430828 0.613158 0.00521472 0.0789474
0 0.559049 0.553509 0.00521472 0.0789474
0 0.512423 0.52193 0.00460123 0.0719298
0 0.352147 0.289474 0.00429448 0.0561404
0 0.419785 0.563158 0.00521472 0.0701754
0 0.396319 0.446491 0.00429448 0.0754386
0 0.467945 0.535965 0.00460123 0.0859649
0 0.455215 0.701754 0.00613497 0.0912281
