0 0.575 0.329825 0.00460123 0.0526316
0 0.576227 0.338596 0.00521472 0.0596491
0 0.731288 0.338596 0.00368098 0.0561404
0 0.597393 0.460526 0.00460123 0.0649123
0 0.467025 0.295614 0.00337423 0.0508772
0 0.579908 0.245614 0.00276074 0.045614
0 0.497853 0.37193 0.00368098 0.0561404
0 0.481595 0.372807 0.00306748 0.054386
0 0.605675 0.335965 0.00337423 0.054386
0 0.496319 0.477193 0.00490798 0.0736842
0 0.507515 0.292982 0.00460123 0.0561404
0 0.526994 0.175439 0.00368098 0.0385965
0 0.447699 0.244737 0.00276074 0.0473684
0 0.284509 0.350877 0.00276074 0.0631579
0 0.56273 0.438596 0.00398773 0.0666667
0 0.420706 0.454386 0.00460123 0.0701754
0 0.44862 0.685088 0.00521472 0.0894737
0 0.478988 0.458772 0.00398773 0.0578947
0 0.596166 0.504386 0.00460123 0.0684211
0 0.621779 0.436842 0.00429448 0.0666667
0 0.53589 0.292105 0.00429448 0.0578947
0 0.539264 0.6 0.00552147 0.0842105
0 0.604294 0.509649 0.00490798 0.0684211
