0 0.575 0.326316 0.00398773 0.0491228
0 0.57638 0.341228 0.00490798 0.0578947
0 0.732209 0.337719 0.00368098 0.0578947
0 0.597239 0.469298 0.00429448 0.0684211
0 0.579908 0.245614 0.00276074 0.045614
0 0.479755 0.373684 0.00306748 0.0561404
0 0.497853 0.377193 0.00368098 0.0561404
0 0.467178 0.298246 0.00306748 0.0526316
0 0.510276 0.29386 0.00460123 0.054386
0 0.495092 0.478947 0.00490798 0.077193
0 0.446472 0.244737 0.00276074 0.0473684
0 0.526994 0.174561 0.00368098 0.0403509
0 0.605675 0.337719 0.00337423 0.054386
0 0.420245 0.454386 0.00429448 0.0701754
0 0.561656 0.44386 0.00429448 0.0666667
0 0.595399 0.503509 0.00429448 0.0666667
0 0.622086 0.438596 0.00429448 0.0666667
0 0.602761 0.508772 0.00490798 0.0736842
0 0.478374 0.457895 0.00398773 0.0631579
0 0.283896 0.350877 0.00276074 0.0631579
0 0.53865 0.602632 0.00552147 0.0824561
0 0.446933 0.686842 0.00613497 0.0894737
0 0.535736 0.292105 0.00398773 0.0578947
