0 0.556748 0.468421 0.00429448 0.0701754
0 0.700767 0.344737 0.00337423 0.0578947
0 0.455828 0.360526 0.00368098 0.0578947
0 0.19816 0.567544 0.00490798 0.0719298
0 0.389877 0.350877 0.00368098 0.0596491
0 0.397853 0.236842 0.00306748 0.0491228
0 0.447699 0.337719 0.00337423 0.054386
0 0.498159 0.379825 0.00368098 0.0614035
0 0.31089 0.310526 0.00337423 0.0561404
0 0.513804 0.264035 0.00306748 0.0473684
0 0.505982 0.504386 0.00460123 0.0719298
0 0.37362 0.274561 0.00368098 0.0578947
0 0.535583 0.368421 0.00368098 0.0596491
0 0.304755 0.492982 0.00460123 0.0736842
0 0.492331 0.239474 0.00245399 0.0438596
0 0.211656 0.403509 0.00429448 0.0631579
0 0.506442 0.600877 0.00552147 0.0789474
0 0.368405 0.626316 0.00552147 0.0842105
0 0.383589 0.507895 0.00460123 0.0719298
0 0.425767 0.529825 0.00490798 0.0701754
0 0.508282 0.444737 0.00429448 0.0684211
0 0.525767 0.627193 0.00552147 0.0824561
0 0.206442 0.541228 0.00674847 0.0789474
