0 0.493712 0.312281 0.00337423 0.0491228
0 0.705982 0.338596 0.00337423 0.0561404
0 0.446319 0.242982 0.00306748 0.0508772
0 0.555982 0.334211 0.00337423 0.054386
0 0.467791 0.268421 0.00306748 0.0491228
0 0.483282 0.180702 0.00337423 0.0421053
0 0.336656 0.464035 0.00398773 0.0614035
0 0.523926 0.320175 0.00368098 0.054386
0 0.255828 0.364912 0.00306748 0.0736842
0 0.338344 0.663158 0.00613497 0.0877193
0 0.401994 0.349123 0.00337423 0.0561404
0 0.53727 0.251754 0.00276074 0.0473684
0 0.541411 0.383333 0.00368098 0.0614035
0 0.382669 0.244737 0.00276074 0.0473684
0 0.579448 0.561404 0.00490798 0.0736842
0 0.576534 0.403509 0.00398773 0.0631579
0 0.373313 0.488596 0.00490798 0.0754386
0 0.521933 0.438596 0.00398773 0.0666667
0 0.586196 0.539474 0.00490798 0.0754386
0 0.45 0.388597 0.00368098 0.0578947
0 0.508742 0.268421 0.00398773 0.0596491
0 0.458896 0.597368 0.00552147 0.0824561
0 0.442331 0.467544 0.00429448 0.0649123
