0 0.476994 0.185965 0.00245399 0.0350877
0 0.295092 0.498246 0.00429448 0.0526316
0 0.43865 0.234211 0.00306748 0.0438596
0 0.35092 0.607895 0.00552147 0.054386
0 0.417638 0.542982 0.00398773 0.0719298
0 0.23681 0.373684 0.00245399 0.0561404
0 0.469172 0.427193 0.00398773 0.054386
0 0.440491 0.4 0.00429448 0.0631579
0 0.580828 0.333333 0.00337423 0.0561404
0 0.466718 0.594737 0.00460123 0.077193
0 0.519939 0.370175 0.00368098 0.0596491
0 0.476227 0.607895 0.00521472 0.0789474
0 0.401227 0.481579 0.00429448 0.0614035
0 0.462577 0.515789 0.00490798 0.0666667
0 0.364724 0.473684 0.00429448 0.0666667
0 0.712577 0.352632 0.00368098 0.0561404
0 0.389877 0.274561 0.00306748 0.0508772
0 0.328221 0.534211 0.00490798 0.0578947
0 0.358436 0.319298 0.00460123 0.0561404
0 0.520245 0.511404 0.00490798 0.0754386
0 0.298313 0.548246 0.00521472 0.0719298
0 0.427454 0.675439 0.00460123 0.0842105
0 0.406595 0.52807 0.00460123 0.0947368
