0 0.680675 0.34386 0.00368098 0.0596491
0 0.178374 0.532456 0.00460123 0.0649123
0 0.497393 0.25 0.00276074 0.0438596
0 0.171166 0.538597 0.00490798 0.0666667
0 0.32684 0.316667 0.00337423 0.054386
0 0.200613 0.378947 0.00306748 0.0561404
0 0.550153 0.350877 0.00337423 0.0561404
0 0.394939 0.377193 0.00398773 0.0596491
0 0.341258 0.3 0.00337423 0.0561404
0 0.490491 0.390351 0.00368098 0.0614035
0 0.247086 0.423684 0.00398773 0.0578947
0 0.332362 0.499123 0.00460123 0.0684211
0 0.432362 0.402632 0.00398773 0.0649123
0 0.458742 0.24386 0.00276074 0.045614
0 0.508436 0.514035 0.00460123 0.0736842
0 0.31135 0.685965 0.00613497 0.0912281
0 0.347546 0.531579 0.00490798 0.0701754
0 0.462577 0.695614 0.00613497 0.0929825
0 0.556748 0.542982 0.00490798 0.0754386
0 0.43773 0.611404 0.00552147 0.0719298
0 0.399386 0.441228 0.00490798 0.0789474
0 0.419632 0.564912 0.00490798 0.0701754
0 0.473773 0.535965 0.00460123 0.0789474
