0 0.498006 0.355263 0.00276074 0.054386
0 0.730522 0.335965 0.00337423 0.054386
0 0.499233 0.347368 0.00337423 0.0561404
0 0.537423 0.280702 0.00306748 0.0526316
0 0.578834 0.326316 0.00368098 0.0596491
0 0.577761 0.239474 0.00276074 0.0473684
0 0.467945 0.298246 0.00337423 0.0526316
0 0.494172 0.287719 0.00368098 0.0491228
0 0.599847 0.441228 0.00398773 0.0649123
0 0.526534 0.173684 0.00337423 0.0385965
0 0.581748 0.32807 0.00460123 0.0596491
0 0.452607 0.241228 0.00276074 0.0473684
0 0.502301 0.47193 0.00521472 0.077193
0 0.605368 0.329825 0.00337423 0.0561404
0 0.482362 0.450877 0.00398773 0.0631579
0 0.457055 0.684211 0.00613497 0.0877193
0 0.28727 0.342105 0.00276074 0.0631579
0 0.567791 0.422807 0.00429448 0.0631579
0 0.622546 0.418421 0.00398773 0.0649123
0 0.545092 0.588596 0.00552147 0.0789474
0 0.423313 0.445614 0.00429448 0.0666667
0 0.602147 0.509649 0.00429448 0.0649123
0 0.612883 0.499123 0.00490798 0.0719298
