0 0.497239 0.207895 0.00245399 0.0403509
0 0.708742 0.77807 0.00582822 0.0824561
0 0.524693 0.565789 0.00398773 0.0754386
0 0.709049 0.745614 0.00521472 0.0807018
0 0.525307 0.538597 0.00521472 0.0736842
0 0.467791 0.335965 0.00306748 0.054386
0 0.608282 0.448246 0.00429448 0.0649123
0 0.757515 0.354386 0.00337423 0.0561404
0 0.430368 0.553509 0.00490798 0.0754386
0 0.625307 0.29386 0.00337423 0.0508772
0 0.554141 0.681579 0.00521472 0.0824561
0 0.536503 0.37193 0.00368098 0.0561404
0 0.707822 0.557895 0.00521472 0.077193
0 0.678068 0.421053 0.00398773 0.0631579
0 0.603067 0.369298 0.00368098 0.0578947
0 0.680061 0.55614 0.00490798 0.0701754
0 0.559663 0.270175 0.00337423 0.045614
0 0.58681 0.716667 0.00613497 0.0929825
0 0.595706 0.246491 0.00552147 0.0578947
0 0.621933 0.595614 0.00521472 0.0824561
0 0.482822 0.576316 0.00490798 0.0789474
0 0.566718 0.367544 0.00337423 0.054386
0 0.255828 0.389474 0.00552147 0.0596491
