0 0.495859 0.387719 0.00398773 0.0596491
0 0.688957 0.347368 0.00368098 0.0596491
0 0.171012 0.546491 0.00521472 0.0719298
0 0.197546 0.4 0.00306748 0.0561404
0 0.285583 0.355263 0.00368098 0.0578947
0 0.442638 0.37193 0.00368098 0.0596491
0 0.478834 0.242105 0.00245399 0.045614
0 0.174693 0.546491 0.00644172 0.0754386
0 0.365337 0.264912 0.00368098 0.0561404
0 0.504448 0.261404 0.00276074 0.045614
0 0.312117 0.499123 0.00460123 0.0719298
0 0.384356 0.365789 0.00368098 0.0614035
0 0.542025 0.366667 0.00368098 0.0596491
0 0.50092 0.532456 0.00490798 0.0754386
0 0.553834 0.494737 0.00460123 0.0701754
0 0.49862 0.65614 0.00582822 0.0912281
0 0.357822 0.287719 0.00337423 0.0631579
0 0.340491 0.657018 0.00613497 0.0859649
0 0.424387 0.398246 0.00460123 0.0736842
0 0.507515 0.474561 0.00460123 0.0684211
0 0.421166 0.55 0.00490798 0.0719298
0 0.477914 0.609649 0.00552147 0.0789474
0 0.362883 0.519298 0.00490798 0.0701754
