0 0.443712 0.191228 0.00276074 0.0350877
0 0.384969 0.35 0.00368098 0.054386
0 0.50046 0.223684 0.00276074 0.0473684
0 0.715031 0.349123 0.00368098 0.0596491
0 0.271166 0.62807 0.00552147 0.0701754
0 0.542945 0.35 0.00368098 0.0578947
0 0.287423 0.499123 0.00490798 0.0754386
0 0.481748 0.346491 0.00337423 0.0578947
0 0.509663 0.342982 0.00337423 0.0578947
0 0.521626 0.403509 0.00398773 0.0631579
0 0.533436 0.270175 0.00306748 0.0491228
0 0.509202 0.461404 0.00429448 0.0666667
0 0.570552 0.440351 0.00429448 0.0666667
0 0.353834 0.259649 0.00276074 0.0491228
0 0.401687 0.259649 0.00337423 0.0526316
0 0.292791 0.513158 0.00460123 0.0754386
0 0.553221 0.565789 0.00521472 0.0754386
0 0.492791 0.283333 0.00398773 0.0649123
0 0.414571 0.613158 0.00521472 0.0824561
0 0.56365 0.565789 0.00521472 0.0789474
0 0.237883 0.392982 0.00337423 0.0701754
0 0.419479 0.47193 0.00460123 0.0666667
0 0.445552 0.495614 0.00460123 0.0684211
