0 0.367485 0.554386 0.00490798 0.0842105
0 0.252914 0.362281 0.00276074 0.0649123
0 0.506442 0.421053 0.00429448 0.0561404
0 0.718405 0.346491 0.00368098 0.0578947
0 0.46319 0.398246 0.00368098 0.0561404
0 0.475767 0.17807 0.00245399 0.0333333
0 0.351227 0.70614 0.00613497 0.0859649
0 0.365644 0.430702 0.00429448 0.0649123
0 0.378988 0.450877 0.00337423 0.0561404
0 0.52454 0.369298 0.00368098 0.0578947
0 0.444939 0.228947 0.00276074 0.0438596
0 0.510429 0.510526 0.00490798 0.0736842
0 0.606902 0.311404 0.00337423 0.054386
0 0.393712 0.468421 0.00398773 0.0631579
0 0.435429 0.507018 0.00337423 0.0701754
0 0.421933 0.438596 0.00398773 0.0561404
0 0.469479 0.505263 0.00460123 0.0736842
0 0.400767 0.289474 0.00460123 0.0561404
0 0.419939 0.261404 0.00368098 0.0561404
0 0.420245 0.762281 0.00613497 0.0964912
0 0.479908 0.636842 0.00521472 0.0842105
0 0.444785 0.619298 0.00552147 0.0807018
0 0.409356 0.553509 0.00460123 0.0929825
