0 0.696472 0.773684 0.00582822 0.0877193
0 0.694018 0.740351 0.00521472 0.0842105
0 0.496012 0.205263 0.00245399 0.0385965
0 0.518558 0.560526 0.00460123 0.0824561
0 0.671012 0.417544 0.00398773 0.0596491
0 0.42454 0.549123 0.00490798 0.0701754
0 0.464264 0.330702 0.00337423 0.054386
0 0.60092 0.370175 0.00368098 0.0561404
0 0.755368 0.351754 0.00337423 0.054386
0 0.60184 0.451754 0.00429448 0.0649123
0 0.622086 0.294737 0.00306748 0.0526316
0 0.575307 0.711403 0.00582822 0.0824561
0 0.519478 0.533333 0.00521472 0.0736842
0 0.532515 0.369298 0.00368098 0.054386
0 0.545399 0.692105 0.00552147 0.0859649
0 0.613957 0.59386 0.00521472 0.0824561
0 0.556902 0.27193 0.00337423 0.045614
0 0.592945 0.242982 0.00490798 0.054386
0 0.673159 0.559649 0.00460123 0.0701754
0 0.700767 0.561404 0.00521472 0.0807018
0 0.478681 0.57193 0.00521472 0.0807018
0 0.562883 0.367544 0.00306748 0.0508772
0 0.254294 0.387719 0.00552147 0.0596491
