0 0.696626 0.342982 0.00368098 0.0578947
0 0.407515 0.265789 0.00276074 0.0403509
0 0.444018 0.242982 0.00276074 0.0438596
0 0.311963 0.544737 0.00490798 0.0684211
0 0.235736 0.397368 0.00398773 0.0508772
0 0.454601 0.424561 0.00368098 0.0596491
0 0.50046 0.235965 0.00276074 0.0473684
0 0.494325 0.390351 0.00398773 0.0614035
0 0.565491 0.340351 0.00337423 0.0561404
0 0.372699 0.516667 0.00429448 0.0649123
0 0.421933 0.412281 0.00398773 0.0596491
0 0.33681 0.44386 0.00490798 0.0631579
0 0.404755 0.465789 0.00337423 0.0614035
0 0.308742 0.509649 0.00521472 0.0649123
0 0.372086 0.323684 0.00490798 0.0578947
0 0.378221 0.69386 0.00613497 0.0859649
0 0.466871 0.564035 0.00490798 0.0789474
0 0.379601 0.560526 0.00460123 0.0684211
0 0.525153 0.538597 0.00490798 0.0736842
0 0.421166 0.636842 0.00552147 0.0842105
0 0.568098 0.591228 0.00552147 0.0807018
0 0.433129 0.562281 0.00552147 0.0719298
0 0.429908 0.74386 0.00521472 0.105263
