0 0.16181 0.531579 0.00521472 0.0631579
0 0.432975 0.397368 0.00398773 0.0614035
0 0.681288 0.341228 0.00368098 0.0578947
0 0.255368 0.398246 0.00398773 0.0561404
0 0.333129 0.3 0.00306748 0.0491228
0 0.155368 0.55614 0.00460123 0.0561404
0 0.490951 0.388597 0.00398773 0.0614035
0 0.498006 0.254386 0.00276074 0.045614
0 0.196933 0.385088 0.00306748 0.054386
0 0.392331 0.369298 0.00368098 0.054386
0 0.547239 0.353509 0.00368098 0.0578947
0 0.340951 0.297368 0.00337423 0.054386
0 0.464264 0.24386 0.00276074 0.045614
0 0.449693 0.609649 0.00490798 0.0789474
0 0.472853 0.680702 0.00521472 0.0877193
0 0.315798 0.684211 0.00582822 0.0877193
0 0.325 0.508772 0.00460123 0.0736842
0 0.554908 0.530702 0.00490798 0.0754386
0 0.506288 0.504386 0.00460123 0.0719298
0 0.419479 0.562281 0.00460123 0.0719298
0 0.481442 0.531579 0.00460123 0.0736842
0 0.403988 0.434211 0.00490798 0.0789474
0 0.34954 0.529825 0.00460123 0.0701754
