0 0.163344 0.553509 0.00521472 0.0719298
0 0.684663 0.345614 0.00368098 0.0596491
0 0.35046 0.290351 0.00337423 0.054386
0 0.493865 0.386842 0.00368098 0.0614035
0 0.166104 0.54386 0.00644172 0.0736842
0 0.275307 0.371053 0.00398773 0.0578947
0 0.386503 0.369298 0.00368098 0.0578947
0 0.195245 0.399123 0.00337423 0.054386
0 0.473773 0.242982 0.00276074 0.0438596
0 0.315798 0.502632 0.00460123 0.0719298
0 0.353988 0.276316 0.00306748 0.054386
0 0.543865 0.363158 0.00368098 0.0596491
0 0.501687 0.258772 0.00276074 0.0473684
0 0.439877 0.375439 0.00368098 0.0596491
0 0.553068 0.504386 0.00490798 0.0719298
0 0.468865 0.611404 0.00460123 0.0789474
0 0.330061 0.669298 0.00613497 0.0859649
0 0.506442 0.485088 0.00490798 0.0719298
0 0.357209 0.524561 0.00460123 0.0736842
0 0.420552 0.553509 0.00490798 0.0754386
0 0.489877 0.664035 0.00552147 0.0859649
0 0.495092 0.529825 0.00490798 0.077193
0 0.415798 0.418421 0.00460123 0.0789474
