0 0.243712 0.359649 0.00276074 0.0561404
0 0.43681 0.248246 0.00245399 0.0438596
0 0.412577 0.331579 0.00306748 0.0526316
0 0.555828 0.364912 0.00368098 0.0596491
0 0.722853 0.351754 0.00337423 0.0578947
0 0.503834 0.234211 0.00276074 0.0438596
0 0.398006 0.568421 0.00460123 0.0736842
0 0.460736 0.440351 0.00429448 0.0666667
0 0.44862 0.536842 0.00460123 0.0596491
0 0.442331 0.464912 0.00429448 0.0666667
0 0.382515 0.629825 0.00552147 0.0842105
0 0.55 0.553509 0.00490798 0.0789474
0 0.405982 0.501754 0.00398773 0.0736842
0 0.422546 0.515789 0.00460123 0.0701754
0 0.511656 0.378947 0.00368098 0.0596491
0 0.508129 0.535965 0.00460123 0.0754386
0 0.422239 0.271053 0.00398773 0.054386
0 0.395859 0.446491 0.00398773 0.0684211
0 0.397239 0.700877 0.00613497 0.0894737
0 0.416258 0.631579 0.00552147 0.0807018
0 0.450153 0.692105 0.00582822 0.0859649
0 0.36411 0.565789 0.00613497 0.107018
0 0.375 0.735965 0.00828221 0.110526
