0 0.253834 0.359649 0.00276074 0.0666667
0 0.396626 0.464035 0.00429448 0.0614035
0 0.506902 0.424561 0.00398773 0.0491228
0 0.382209 0.445614 0.00306748 0.0526316
0 0.371472 0.423684 0.00368098 0.0614035
0 0.464571 0.399123 0.00398773 0.0614035
0 0.472546 0.500877 0.00460123 0.0719298
0 0.51227 0.511404 0.00490798 0.0754386
0 0.475767 0.17807 0.00245399 0.0333333
0 0.370399 0.55614 0.00460123 0.077193
0 0.718712 0.346491 0.00368098 0.0578947
0 0.607669 0.310526 0.00368098 0.0561404
0 0.445552 0.229825 0.00276074 0.045614
0 0.524847 0.371053 0.00368098 0.0578947
0 0.422086 0.437719 0.00429448 0.0614035
0 0.435736 0.507895 0.00337423 0.0719298
0 0.403681 0.290351 0.00429448 0.0578947
0 0.421779 0.264912 0.00368098 0.0561404
0 0.420552 0.764035 0.00613497 0.0964912
0 0.442638 0.620175 0.00552147 0.0824561
0 0.351227 0.711403 0.00613497 0.0894737
0 0.47684 0.644737 0.00582822 0.0859649
0 0.409049 0.553509 0.00460123 0.0929825
