0 0.68635 0.340351 0.00337423 0.0561404
0 0.243558 0.514912 0.00490798 0.0719298
0 0.422393 0.558772 0.00429448 0.0684211
0 0.276074 0.437719 0.00368098 0.0614035
0 0.498313 0.242982 0.00276074 0.0438596
0 0.448926 0.242982 0.00276074 0.0438596
0 0.335736 0.336842 0.00337423 0.0561404
0 0.350767 0.537719 0.00460123 0.0684211
0 0.466718 0.557895 0.00521472 0.0807018
0 0.490031 0.389474 0.00398773 0.0596491
0 0.21319 0.385088 0.00368098 0.0684211
0 0.557209 0.34386 0.00337423 0.0561404
0 0.403221 0.396491 0.00398773 0.0631579
0 0.367945 0.281579 0.00460123 0.054386
0 0.331135 0.689474 0.00582822 0.0912281
0 0.431748 0.407895 0.00398773 0.0649123
0 0.42408 0.613158 0.00582822 0.0824561
0 0.230061 0.519298 0.00429448 0.0736842
0 0.517178 0.523684 0.00490798 0.0719298
0 0.561503 0.564035 0.00521472 0.0789474
0 0.446933 0.714912 0.00490798 0.103509
0 0.395706 0.45 0.00429448 0.0754386
0 0.346933 0.495614 0.00490798 0.0684211
