0 0.323773 0.292105 0.00337423 0.054386
0 0.412423 0.224561 0.00276074 0.045614
0 0.502914 0.487719 0.00460123 0.0666667
0 0.394785 0.342105 0.00368098 0.0561404
0 0.49954 0.237719 0.00276074 0.0473684
0 0.295092 0.492982 0.00429448 0.0701754
0 0.46365 0.363158 0.00398773 0.0561404
0 0.706902 0.346491 0.00337423 0.0578947
0 0.220399 0.580702 0.00521472 0.0736842
0 0.498466 0.373684 0.00368098 0.0596491
0 0.559509 0.453509 0.00429448 0.0684211
0 0.518712 0.266667 0.00306748 0.0491228
0 0.462423 0.316667 0.00337423 0.054386
0 0.536196 0.366667 0.00368098 0.0596491
0 0.219172 0.401754 0.00398773 0.0631579
0 0.380521 0.268421 0.00337423 0.0526316
0 0.431442 0.52193 0.00460123 0.0684211
0 0.522393 0.59386 0.00490798 0.0789474
0 0.228221 0.541228 0.00736196 0.0859649
0 0.380675 0.610526 0.00552147 0.0807018
0 0.508436 0.435088 0.00521472 0.0807018
0 0.395092 0.5 0.00490798 0.0701754
0 0.53819 0.609649 0.00521472 0.0824561
