0 0.684816 0.341228 0.00337423 0.0578947
0 0.268405 0.437719 0.00368098 0.0614035
0 0.332515 0.332456 0.00368098 0.054386
0 0.233589 0.514912 0.00460123 0.0614035
0 0.498006 0.242982 0.00276074 0.0438596
0 0.466871 0.552632 0.00490798 0.0842105
0 0.21135 0.382456 0.00306748 0.0596491
0 0.45046 0.24386 0.00276074 0.045614
0 0.555675 0.344737 0.00337423 0.054386
0 0.40138 0.394737 0.00398773 0.0666667
0 0.489877 0.390351 0.00368098 0.0614035
0 0.420706 0.562281 0.00521472 0.0754386
0 0.325767 0.691228 0.00613497 0.0912281
0 0.34954 0.535088 0.00460123 0.0701754
0 0.432055 0.408772 0.00398773 0.0596491
0 0.362577 0.286842 0.00429448 0.054386
0 0.515951 0.522807 0.00490798 0.0736842
0 0.425767 0.614912 0.00552147 0.0789474
0 0.344325 0.492105 0.00521472 0.0719298
0 0.219785 0.523684 0.00460123 0.0719298
0 0.449387 0.710526 0.00490798 0.0982456
0 0.395552 0.448246 0.00460123 0.0754386
0 0.56089 0.564035 0.00521472 0.0789474
