0 0.47592 0.181579 0.00214724 0.0333333
0 0.444479 0.400877 0.00429448 0.0614035
0 0.713804 0.351754 0.00368098 0.0578947
0 0.473773 0.425439 0.00398773 0.0614035
0 0.438344 0.235965 0.00306748 0.0473684
0 0.298006 0.500877 0.00460123 0.0473684
0 0.23681 0.372807 0.00245399 0.0578947
0 0.421012 0.528947 0.00398773 0.0578947
0 0.332822 0.527193 0.00490798 0.0649123
0 0.587117 0.324561 0.00306748 0.0491228
0 0.402147 0.471053 0.00429448 0.0578947
0 0.460276 0.515789 0.00460123 0.0701754
0 0.520245 0.370175 0.00368098 0.0596491
0 0.46181 0.596491 0.00521472 0.077193
0 0.481595 0.617544 0.00552147 0.0807018
0 0.36273 0.314035 0.00460123 0.0491228
0 0.344479 0.616667 0.00552147 0.0754386
0 0.364264 0.474561 0.00460123 0.0649123
0 0.393098 0.271053 0.00337423 0.054386
0 0.422086 0.7 0.00490798 0.0982456
0 0.405675 0.542105 0.00460123 0.0842105
0 0.517485 0.513158 0.00490798 0.0754386
0 0.307055 0.52807 0.00552147 0.0701754
