0 0.513804 0.171053 0.00368098 0.0473684
0 0.429755 0.297368 0.00306748 0.0473684
0 0.71365 0.327193 0.00337423 0.054386
0 0.539417 0.318421 0.00337423 0.0508772
0 0.265337 0.342105 0.00306748 0.0666667
0 0.54862 0.229825 0.00276074 0.045614
0 0.470399 0.338596 0.00337423 0.0526316
0 0.569785 0.316667 0.00337423 0.054386
0 0.386043 0.65614 0.00582822 0.0842105
0 0.588804 0.380702 0.00398773 0.0631579
0 0.520859 0.299123 0.00368098 0.0508772
0 0.403221 0.237719 0.00276074 0.0473684
0 0.531595 0.39386 0.00429448 0.0614035
0 0.37454 0.464035 0.00429448 0.0649123
0 0.557209 0.367544 0.00337423 0.054386
0 0.594018 0.575439 0.00521472 0.0807018
0 0.464417 0.292982 0.00368098 0.0526316
0 0.496933 0.54386 0.00490798 0.0736842
0 0.455982 0.450877 0.00398773 0.0666667
0 0.477454 0.264912 0.00337423 0.0526316
0 0.598466 0.519298 0.00490798 0.0701754
0 0.520706 0.264035 0.00398773 0.0614035
0 0.42362 0.469298 0.00552147 0.0754386
