0 0.280675 0.503509 0.00490798 0.0666667
0 0.440644 0.199123 0.00276074 0.0403509
0 0.283896 0.519298 0.00460123 0.077193
0 0.389417 0.340351 0.00337423 0.0491228
0 0.714417 0.344737 0.00368098 0.0578947
0 0.478988 0.345614 0.00337423 0.0561404
0 0.507515 0.346491 0.00337423 0.0578947
0 0.505675 0.463158 0.00460123 0.0666667
0 0.50046 0.223684 0.00276074 0.0438596
0 0.531288 0.270175 0.00306748 0.0491228
0 0.569325 0.440351 0.00429448 0.0666667
0 0.35 0.264035 0.00306748 0.0473684
0 0.519172 0.405263 0.00398773 0.0631579
0 0.541411 0.355263 0.00368098 0.0578947
0 0.399233 0.262281 0.00337423 0.054386
0 0.235123 0.395614 0.00337423 0.0649123
0 0.490184 0.285088 0.00368098 0.0614035
0 0.549233 0.571053 0.00521472 0.0789474
0 0.559663 0.571053 0.00521472 0.0789474
0 0.263804 0.626316 0.00552147 0.0842105
0 0.409969 0.608772 0.00521472 0.0842105
0 0.444325 0.500877 0.00460123 0.0684211
0 0.415491 0.474561 0.00460123 0.0684211
