0 0.16227 0.529825 0.00490798 0.0631579
0 0.681135 0.342105 0.00337423 0.0596491
0 0.254908 0.4 0.00368098 0.0561404
0 0.432975 0.396491 0.00398773 0.0631579
0 0.155521 0.55614 0.00429448 0.0561404
0 0.490798 0.388597 0.00429448 0.0614035
0 0.332822 0.300877 0.00306748 0.0508772
0 0.497699 0.253509 0.00276074 0.0473684
0 0.392638 0.37193 0.00368098 0.0596491
0 0.197239 0.384211 0.00306748 0.0526316
0 0.547239 0.353509 0.00368098 0.0578947
0 0.340798 0.296491 0.00306748 0.0561404
0 0.463957 0.24386 0.00276074 0.045614
0 0.44954 0.609649 0.00460123 0.0754386
0 0.315184 0.684211 0.00582822 0.0877193
0 0.325613 0.508772 0.00460123 0.0736842
0 0.555061 0.531579 0.00521472 0.077193
0 0.472393 0.680702 0.00490798 0.0877193
0 0.506442 0.505263 0.00490798 0.0736842
0 0.419479 0.562281 0.00460123 0.0719298
0 0.349387 0.529825 0.00490798 0.0701754
0 0.403681 0.434211 0.00490798 0.0789474
0 0.480828 0.532456 0.00460123 0.0754386
