0 0.396933 0.74386 0.00858896 0.045614
0 0.238344 0.365789 0.00245399 0.054386
0 0.43635 0.463158 0.00398773 0.0491228
0 0.43635 0.249123 0.00276074 0.045614
0 0.401074 0.325439 0.00337423 0.0508772
0 0.72362 0.357018 0.00368098 0.0578947
0 0.404294 0.588596 0.00552147 0.0789474
0 0.505982 0.231579 0.00276074 0.045614
0 0.408129 0.597368 0.00460123 0.0754386
0 0.457822 0.491228 0.00460123 0.0666667
0 0.403374 0.763158 0.00674847 0.0982456
0 0.518405 0.377193 0.00368098 0.0596491
0 0.555828 0.366667 0.00368098 0.0596491
0 0.507209 0.539474 0.00460123 0.0719298
0 0.424847 0.657895 0.00552147 0.0842105
0 0.406748 0.280702 0.00429448 0.0561404
0 0.442485 0.696491 0.00521472 0.0947368
0 0.547853 0.568421 0.00490798 0.0807018
0 0.410736 0.702632 0.00674847 0.0824561
0 0.385583 0.447368 0.00429448 0.0666667
0 0.346626 0.585088 0.00490798 0.0859649
0 0.413037 0.490351 0.00398773 0.0789474
0 0.444939 0.577193 0.00521472 0.0807018
