0 0.340337 0.464912 0.00460123 0.0526316
0 0.338037 0.464912 0.00490798 0.0596491
0 0.35184 0.482456 0.00429448 0.0631579
0 0.387577 0.301754 0.00460123 0.0596491
0 0.409663 0.264912 0.00337423 0.0526316
0 0.602454 0.313158 0.00368098 0.054386
0 0.496779 0.428947 0.00398773 0.0614035
0 0.243712 0.367544 0.00214724 0.054386
0 0.455368 0.404386 0.00398773 0.0614035
0 0.47592 0.17807 0.00214724 0.0333333
0 0.716718 0.348246 0.00337423 0.0578947
0 0.350614 0.540351 0.00490798 0.0736842
0 0.441411 0.228947 0.00306748 0.0438596
0 0.376994 0.483333 0.00429448 0.0684211
0 0.334202 0.685965 0.00644172 0.0912281
0 0.522853 0.367544 0.00337423 0.0578947
0 0.413804 0.437719 0.00429448 0.0508772
0 0.431288 0.508772 0.00368098 0.0736842
0 0.508896 0.512281 0.00490798 0.0736842
0 0.419325 0.75 0.00552147 0.107018
0 0.461963 0.513158 0.00490798 0.0719298
0 0.452761 0.610526 0.00552147 0.0807018
0 0.487577 0.637719 0.00582822 0.0859649
0 0.408742 0.542982 0.00460123 0.0929825
