0 0.648926 0.280702 0.00276074 0.0491228
0 0.650613 0.282456 0.00306748 0.0491228
0 0.676227 0.224561 0.00276074 0.0385965
0 0.65 0.264912 0.00429448 0.0491228
0 0.71181 0.268421 0.00521472 0.0210526
0 0.597393 0.195614 0.00214724 0.0403509
0 0.696166 0.241228 0.00337423 0.0438596
0 0.673159 0.240351 0.00460123 0.0491228
0 0.743712 0.271053 0.00337423 0.054386
0 0.705828 0.466667 0.00429448 0.0666667
0 0.731902 0.228947 0.00490798 0.0508772
0 0.529141 0.289474 0.00368098 0.0561404
0 0.367638 0.321053 0.00276074 0.0631579
0 0.594939 0.255263 0.00276074 0.0473684
0 0.634356 0.226316 0.00245399 0.045614
0 0.534816 0.338596 0.00337423 0.0561404
0 0.667791 0.302632 0.00306748 0.054386
0 0.713497 0.302632 0.00429448 0.054386
0 0.704295 0.259649 0.00368098 0.0491228
0 0.632822 0.458772 0.00429448 0.0649123
0 0.523773 0.25614 0.00337423 0.045614
0 0.609509 0.17807 0.00306748 0.0368421
0 0.730828 0.355263 0.00276074 0.0578947
0 0.754601 0.351754 0.00429448 0.0508772
