0 0.58819 0.202632 0.00276074 0.0403509
0 0.634356 0.20614 0.00245399 0.0403509
0 0.591564 0.273684 0.00337423 0.0491228
0 0.590337 0.215789 0.00398773 0.0491228
0 0.657515 0.236842 0.00337423 0.045614
0 0.754755 0.322807 0.00337423 0.0561404
0 0.639724 0.258772 0.00276074 0.0473684
0 0.481442 0.264912 0.00276074 0.0491228
0 0.668405 0.374561 0.00368098 0.0578947
0 0.508589 0.172807 0.00245399 0.0438596
0 0.526687 0.430702 0.00429448 0.0649123
0 0.602454 0.29386 0.00306748 0.0508772
0 0.645399 0.373684 0.00368098 0.0561404
0 0.534049 0.211404 0.00306748 0.0403509
0 0.565491 0.261404 0.00276074 0.0421053
0 0.529601 0.239474 0.00521472 0.0473684
0 0.559049 0.45614 0.00460123 0.0666667
0 0.661196 0.242982 0.00398773 0.0508772
0 0.552607 0.22807 0.00276074 0.0421053
0 0.646626 0.226316 0.00306748 0.045614
0 0.351227 0.30614 0.00306748 0.0614035
0 0.585123 0.27807 0.00398773 0.0614035
0 0.70092 0.252632 0.00368098 0.0421053
