0 0.614724 0.198246 0.00245399 0.0421053
0 0.633129 0.234211 0.00306748 0.0473684
0 0.504294 0.411404 0.00429448 0.0578947
0 0.495552 0.167544 0.00276074 0.0473684
0 0.477147 0.242982 0.00276074 0.0473684
0 0.55046 0.260526 0.00276074 0.0438596
0 0.592945 0.290351 0.00306748 0.0473684
0 0.544325 0.217544 0.00276074 0.0385965
0 0.51089 0.191228 0.00276074 0.0385965
0 0.749233 0.323684 0.00337423 0.054386
0 0.570706 0.195614 0.00276074 0.0403509
0 0.633436 0.217544 0.00306748 0.045614
0 0.573466 0.270175 0.00276074 0.0491228
0 0.624847 0.37807 0.00368098 0.0578947
0 0.340337 0.303509 0.00337423 0.0596491
0 0.649693 0.384211 0.00368098 0.0596491
0 0.625 0.258772 0.00398773 0.054386
0 0.55138 0.447368 0.00460123 0.0666667
0 0.563957 0.212281 0.00398773 0.0526316
0 0.642178 0.240351 0.00398773 0.045614
0 0.561196 0.270175 0.00337423 0.0526316
0 0.512883 0.228947 0.00552147 0.0508772
0 0.684049 0.260526 0.00368098 0.0473684
