0 0.707515 0.181579 0.00337423 0.0368421
0 0.730215 0.27193 0.00337423 0.045614
0 0.732515 0.257018 0.00245399 0.0403509
0 0.646166 0.179825 0.00214724 0.0263158
0 0.708742 0.194737 0.00337423 0.0421053
0 0.685583 0.298246 0.00306748 0.0491228
0 0.746472 0.357018 0.00398773 0.0684211
0 0.69816 0.284211 0.00306748 0.0491228
0 0.622699 0.250877 0.00306748 0.0491228
0 0.586963 0.236842 0.00276074 0.045614
0 0.35 0.329825 0.00306748 0.0631579
0 0.740951 0.292982 0.00460123 0.0561404
0 0.628067 0.313158 0.00337423 0.0508772
0 0.548773 0.35614 0.00368098 0.0596491
0 0.758436 0.367544 0.00460123 0.0684211
0 0.723926 0.283333 0.00368098 0.0578947
0 0.67546 0.189474 0.00429448 0.0421053
0 0.528067 0.260526 0.00276074 0.0473684
0 0.543252 0.351754 0.00368098 0.0578947
0 0.712577 0.436842 0.00429448 0.0666667
0 0.668558 0.229825 0.00398773 0.0526316
0 0.605368 0.499123 0.00460123 0.0684211
0 0.773466 0.325439 0.00460123 0.054386
