0 0.614724 0.175439 0.00306748 0.0385965
0 0.769939 0.325439 0.00306748 0.0473684
0 0.625767 0.201754 0.00245399 0.0350877
0 0.579448 0.190351 0.00245399 0.0368421
0 0.615798 0.214912 0.00337423 0.0438596
0 0.572699 0.173684 0.00245399 0.0350877
0 0.602301 0.209649 0.00398773 0.0438596
0 0.598006 0.22193 0.00337423 0.0438596
0 0.676994 0.341228 0.00368098 0.0578947
0 0.683436 0.392982 0.00368098 0.0631579
0 0.670552 0.297368 0.00306748 0.0508772
0 0.585429 0.236842 0.00276074 0.045614
0 0.35092 0.311404 0.00245399 0.054386
0 0.638957 0.264912 0.00306748 0.0491228
0 0.649233 0.319298 0.00337423 0.0526316
0 0.549233 0.336842 0.00337423 0.0561404
0 0.609202 0.230702 0.00368098 0.0473684
0 0.531288 0.292982 0.00429448 0.0561404
0 0.517025 0.252632 0.00276074 0.0491228
0 0.61181 0.47807 0.00460123 0.0684211
0 0.646626 0.235965 0.00429448 0.0473684
0 0.645706 0.435965 0.00429448 0.0684211
0 0.69862 0.384211 0.00460123 0.0701754
