0 0.615184 0.251754 0.00521472 0.0438596
0 0.535123 0.218421 0.00276074 0.0403509
0 0.595859 0.194737 0.00337423 0.0421053
0 0.625614 0.178947 0.00398773 0.0421053
0 0.597239 0.209649 0.00306748 0.0438596
0 0.63635 0.310526 0.00337423 0.0315789
0 0.768098 0.326316 0.00368098 0.0561404
0 0.625614 0.214912 0.00460123 0.0368421
0 0.613804 0.257895 0.00368098 0.045614
0 0.54908 0.305263 0.00306748 0.0421053
0 0.617331 0.235965 0.00337423 0.0333333
0 0.650767 0.308772 0.00398773 0.0596491
0 0.67638 0.310526 0.00368098 0.0491228
0 0.320092 0.317544 0.00276074 0.0491228
0 0.502301 0.246491 0.00276074 0.0473684
0 0.567945 0.261404 0.00276074 0.045614
0 0.504908 0.376316 0.00368098 0.0614035
0 0.58865 0.230702 0.00368098 0.0508772
0 0.639724 0.232456 0.00460123 0.0578947
0 0.55138 0.602632 0.00521472 0.0824561
0 0.700307 0.442105 0.00429448 0.0666667
0 0.695399 0.399123 0.00490798 0.0614035
0 0.534663 0.352632 0.00429448 0.0596491
0 0.640337 0.514912 0.00460123 0.0719298
