0 0.593865 0.195614 0.00184049 0.0368421
0 0.677607 0.225439 0.00245399 0.0438596
0 0.71181 0.268421 0.00521472 0.0175439
0 0.52638 0.262281 0.00306748 0.0473684
0 0.747393 0.275439 0.00337423 0.0596491
0 0.73681 0.242982 0.00490798 0.0508772
0 0.363497 0.320175 0.00306748 0.0614035
0 0.595859 0.258772 0.00276074 0.0473684
0 0.697239 0.238596 0.00368098 0.0421053
0 0.538804 0.342982 0.00337423 0.0578947
0 0.635583 0.227193 0.00306748 0.0473684
0 0.669172 0.24386 0.00398773 0.0491228
0 0.703988 0.257895 0.00368098 0.045614
0 0.667791 0.300877 0.00306748 0.054386
0 0.610429 0.183333 0.00306748 0.0368421
0 0.734356 0.360526 0.00306748 0.0614035
0 0.65092 0.29386 0.00306748 0.0508772
0 0.633896 0.459649 0.00460123 0.0666667
0 0.530061 0.288596 0.00368098 0.054386
0 0.753834 0.347368 0.00460123 0.0526316
0 0.706135 0.457895 0.00429448 0.0666667
0 0.657975 0.268421 0.00429448 0.0491228
0 0.716871 0.305263 0.00490798 0.0596491
