0 0.521166 0.311404 0.00368098 0.054386
0 0.744018 0.369298 0.00398773 0.0508772
0 0.709969 0.258772 0.00337423 0.0368421
0 0.697239 0.265789 0.00306748 0.0473684
0 0.63819 0.223684 0.00276074 0.0473684
0 0.686656 0.238596 0.00276074 0.0421053
0 0.620245 0.463158 0.00429448 0.0596491
0 0.676687 0.213158 0.00245399 0.0403509
0 0.715491 0.219298 0.00337423 0.0526316
0 0.587883 0.165789 0.00398773 0.0508772
0 0.641718 0.27807 0.00306748 0.0508772
0 0.520092 0.278947 0.00337423 0.0526316
0 0.603834 0.195614 0.00276074 0.0438596
0 0.745092 0.279825 0.00306748 0.0508772
0 0.663497 0.242105 0.00245399 0.0385965
0 0.703988 0.252632 0.00306748 0.0491228
0 0.516564 0.24386 0.00306748 0.0421053
0 0.717945 0.352632 0.00398773 0.0561404
0 0.680061 0.495614 0.00429448 0.0719298
0 0.658589 0.308772 0.00306748 0.0526316
0 0.367945 0.314912 0.00276074 0.0649123
0 0.590644 0.247368 0.00276074 0.045614
0 0.625767 0.264912 0.00368098 0.0491228
