0 0.711196 0.183333 0.00337423 0.0368421
0 0.713497 0.197368 0.00368098 0.0403509
0 0.711963 0.19386 0.00368098 0.0403509
0 0.700307 0.286842 0.00306748 0.0508772
0 0.735736 0.257018 0.00214724 0.0403509
0 0.644939 0.180702 0.00214724 0.0315789
0 0.619785 0.253509 0.00276074 0.0473684
0 0.672239 0.187719 0.00398773 0.0421053
0 0.743098 0.296491 0.00460123 0.0561404
0 0.686043 0.297368 0.00337423 0.0508772
0 0.548773 0.35614 0.00368098 0.0561404
0 0.585276 0.239474 0.00306748 0.0473684
0 0.667638 0.231579 0.00398773 0.0526316
0 0.347393 0.330702 0.00276074 0.0649123
0 0.750614 0.364035 0.00368098 0.0649123
0 0.62592 0.314912 0.00337423 0.0508772
0 0.72592 0.285088 0.00337423 0.054386
0 0.734356 0.283333 0.00368098 0.054386
0 0.528067 0.261404 0.00276074 0.0491228
0 0.542791 0.352632 0.00337423 0.0561404
0 0.603528 0.505263 0.00460123 0.0701754
0 0.71319 0.439474 0.00429448 0.0684211
0 0.760583 0.369298 0.00398773 0.0614035
0 0.773466 0.323684 0.00460123 0.054386
