0 0.720399 0.201754 0.00398773 0.0385965
0 0.718865 0.200877 0.00398773 0.0403509
0 0.717485 0.197368 0.00429448 0.0368421
0 0.637577 0.181579 0.00214724 0.0298246
0 0.73819 0.302632 0.00398773 0.0578947
0 0.610276 0.253509 0.00276074 0.0473684
0 0.737423 0.263158 0.00245399 0.045614
0 0.717025 0.208772 0.00398773 0.0421053
0 0.579448 0.242105 0.00306748 0.0491228
0 0.696166 0.289474 0.00337423 0.0526316
0 0.680982 0.289474 0.00306748 0.0526316
0 0.548773 0.35614 0.00368098 0.0561404
0 0.744785 0.309649 0.00429448 0.0578947
0 0.619785 0.317544 0.00337423 0.0526316
0 0.524233 0.259649 0.00306748 0.0491228
0 0.722239 0.297368 0.00398773 0.054386
0 0.756442 0.37807 0.00368098 0.0578947
0 0.340644 0.330702 0.00337423 0.0578947
0 0.659356 0.19386 0.00398773 0.0473684
0 0.53865 0.357895 0.00368098 0.0561404
0 0.707055 0.447368 0.00429448 0.0666667
0 0.761503 0.372807 0.00398773 0.0578947
0 0.597086 0.520175 0.00460123 0.0754386
0 0.773466 0.323684 0.00460123 0.054386
0 0.657055 0.236842 0.00368098 0.0526316
