0 0.743712 0.321053 0.00337423 0.0526316
0 0.521319 0.167544 0.00337423 0.0438596
0 0.565951 0.195614 0.00245399 0.0403509
0 0.294325 0.321053 0.00337423 0.0666667
0 0.547546 0.286842 0.00306748 0.0473684
0 0.498313 0.251754 0.00276074 0.0473684
0 0.538344 0.291228 0.00306748 0.0491228
0 0.468405 0.220175 0.00245399 0.0473684
0 0.63773 0.373684 0.00368098 0.0596491
0 0.538497 0.25614 0.00337423 0.0526316
0 0.610123 0.380702 0.00368098 0.0526316
0 0.583129 0.364912 0.00368098 0.0596491
0 0.520399 0.427193 0.00398773 0.0614035
0 0.593558 0.303509 0.00368098 0.0596491
0 0.490184 0.411404 0.00429448 0.0684211
0 0.444325 0.420175 0.00398773 0.0649123
0 0.634049 0.537719 0.00490798 0.0719298
0 0.521166 0.226316 0.00429448 0.0526316
0 0.492178 0.659649 0.00582822 0.0877193
0 0.58819 0.27193 0.00398773 0.0561404
0 0.567485 0.540351 0.00490798 0.077193
0 0.624386 0.289474 0.00398773 0.0561404
0 0.63681 0.465789 0.00490798 0.0719298
