0 0.704908 0.175439 0.00306748 0.0350877
0 0.703067 0.186842 0.00368098 0.0368421
0 0.648313 0.181579 0.00214724 0.0298246
0 0.720859 0.255263 0.00368098 0.0473684
0 0.751534 0.35614 0.00368098 0.0631579
0 0.739264 0.352632 0.00368098 0.0596491
0 0.727147 0.257895 0.00214724 0.0421053
0 0.354294 0.32807 0.00306748 0.0666667
0 0.684663 0.304386 0.00306748 0.0508772
0 0.62592 0.24386 0.00276074 0.045614
0 0.691104 0.273684 0.00306748 0.0491228
0 0.58819 0.231579 0.00276074 0.045614
0 0.631442 0.311404 0.00337423 0.0508772
0 0.54862 0.354386 0.00337423 0.0596491
0 0.719172 0.279825 0.00398773 0.054386
0 0.73911 0.295614 0.00398773 0.054386
0 0.542331 0.348246 0.00368098 0.0578947
0 0.774387 0.324561 0.00460123 0.0561404
0 0.528067 0.259649 0.00276074 0.0491228
0 0.711196 0.427193 0.00398773 0.0649123
0 0.607822 0.489474 0.00460123 0.0701754
0 0.67546 0.181579 0.00429448 0.0403509
0 0.667945 0.228947 0.00398773 0.054386
