0 0.576534 0.187719 0.00276074 0.0385965
0 0.641411 0.259649 0.00306748 0.0491228
0 0.608436 0.171053 0.00337423 0.0438596
0 0.767025 0.324561 0.00337423 0.0526316
0 0.571319 0.174561 0.00276074 0.0368421
0 0.642485 0.233333 0.00337423 0.0491228
0 0.605215 0.209649 0.00368098 0.0438596
0 0.67362 0.345614 0.00368098 0.0596491
0 0.59862 0.211404 0.00337423 0.0438596
0 0.62408 0.203509 0.00276074 0.0350877
0 0.585276 0.233333 0.00306748 0.045614
0 0.608282 0.22807 0.00368098 0.0491228
0 0.648466 0.32193 0.00306748 0.054386
0 0.686963 0.392105 0.00398773 0.0578947
0 0.35092 0.312281 0.00245399 0.0526316
0 0.668865 0.294737 0.00276074 0.0526316
0 0.592945 0.217544 0.00368098 0.045614
0 0.54954 0.336842 0.00337423 0.0561404
0 0.644172 0.430702 0.00429448 0.0649123
0 0.612117 0.483333 0.00460123 0.0684211
0 0.697853 0.384211 0.00490798 0.0701754
0 0.516718 0.251754 0.00276074 0.0473684
0 0.531748 0.29386 0.00460123 0.054386
