0 0.717025 0.19386 0.00398773 0.0333333
0 0.718405 0.2 0.00368098 0.0385965
0 0.63635 0.182456 0.00214724 0.0280702
0 0.737423 0.304386 0.00368098 0.0578947
0 0.716104 0.207018 0.00398773 0.0421053
0 0.679448 0.288596 0.00306748 0.0473684
0 0.609049 0.251754 0.00276074 0.0473684
0 0.694479 0.289474 0.00306748 0.0526316
0 0.744785 0.308772 0.00429448 0.0561404
0 0.578528 0.242105 0.00306748 0.0491228
0 0.618252 0.316667 0.00337423 0.0508772
0 0.54862 0.355263 0.00337423 0.054386
0 0.720706 0.301754 0.00398773 0.0561404
0 0.736503 0.260526 0.00245399 0.0473684
0 0.523773 0.257895 0.00276074 0.0491228
0 0.339724 0.329825 0.00337423 0.0596491
0 0.756135 0.379825 0.00368098 0.0578947
0 0.538037 0.357018 0.00368098 0.0578947
0 0.705215 0.445614 0.00429448 0.0666667
0 0.657515 0.196491 0.00398773 0.0491228
0 0.596166 0.524561 0.00460123 0.0736842
0 0.77316 0.323684 0.00460123 0.054386
0 0.761196 0.375439 0.00398773 0.0561404
0 0.655061 0.235965 0.00398773 0.054386
