0 0.80046 0.589474 0.00521472 0.0736842
0 0.612423 0.724561 0.00582822 0.0912281
0 0.715184 0.415789 0.00398773 0.0666667
0 0.515798 0.232456 0.00276074 0.0438596
0 0.624233 0.400877 0.00368098 0.0578947
0 0.775153 0.376316 0.00368098 0.0614035
0 0.603834 0.392105 0.00398773 0.0578947
0 0.65 0.290351 0.00306748 0.0508772
0 0.769939 0.765789 0.00674847 0.0964912
0 0.618405 0.728947 0.00674847 0.0964912
0 0.57316 0.425439 0.00398773 0.0614035
0 0.489417 0.59386 0.00521472 0.0824561
0 0.616258 0.278947 0.00306748 0.0491228
0 0.495706 0.386842 0.00368098 0.0614035
0 0.813804 0.80614 0.00858896 0.0859649
0 0.507515 0.6 0.00521472 0.0842105
0 0.57546 0.263158 0.00368098 0.045614
0 0.565031 0.57807 0.00429448 0.0789474
0 0.66319 0.467544 0.00429448 0.0684211
0 0.279601 0.392105 0.00582822 0.0649123
0 0.690184 0.602632 0.00552147 0.0824561
0 0.738497 0.585965 0.00521472 0.077193
0 0.567945 0.52807 0.00582822 0.077193
