0 0.664571 0.22807 0.00337423 0.045614
0 0.634969 0.160526 0.00306748 0.0473684
0 0.620245 0.182456 0.00306748 0.0385965
0 0.572086 0.199123 0.00245399 0.0368421
0 0.666258 0.22807 0.00306748 0.0491228
0 0.68865 0.303509 0.00490798 0.0561404
0 0.528681 0.260526 0.00276074 0.0438596
0 0.540184 0.329825 0.00368098 0.0561404
0 0.619172 0.264035 0.00276074 0.0438596
0 0.629141 0.183333 0.00368098 0.0438596
0 0.674693 0.328947 0.00337423 0.054386
0 0.544325 0.318421 0.00337423 0.0578947
0 0.363037 0.315789 0.00214724 0.0561404
0 0.605061 0.213158 0.00276074 0.0473684
0 0.693098 0.412281 0.00398773 0.0596491
0 0.651687 0.179825 0.00337423 0.0403509
0 0.717178 0.382456 0.00368098 0.0596491
0 0.767025 0.32193 0.00398773 0.0614035
0 0.622239 0.471053 0.00398773 0.0684211
0 0.706288 0.303509 0.00521472 0.0561404
0 0.643712 0.230702 0.00398773 0.0508772
0 0.64908 0.259649 0.00429448 0.0526316
0 0.72454 0.368421 0.00368098 0.0526316
