0 0.56365 0.194737 0.00337423 0.0421053
0 0.74954 0.315789 0.00337423 0.0526316
0 0.508896 0.216667 0.00245399 0.0403509
0 0.545245 0.168421 0.00337423 0.0421053
0 0.642178 0.275439 0.00337423 0.0491228
0 0.56411 0.180702 0.00368098 0.0421053
0 0.548313 0.213158 0.00276074 0.0438596
0 0.598313 0.328947 0.00398773 0.0508772
0 0.301994 0.305263 0.00276074 0.0526316
0 0.565644 0.272807 0.00306748 0.0473684
0 0.63589 0.298246 0.00306748 0.045614
0 0.665031 0.495614 0.00490798 0.0719298
0 0.471626 0.392105 0.00398773 0.0614035
0 0.482362 0.222807 0.00276074 0.045614
0 0.645706 0.339474 0.00368098 0.0578947
0 0.51181 0.379825 0.00398773 0.0684211
0 0.524233 0.354386 0.00368098 0.0561404
0 0.557669 0.242982 0.00306748 0.0508772
0 0.583129 0.236842 0.00368098 0.0526316
0 0.600153 0.292105 0.00460123 0.0508772
0 0.521779 0.620175 0.00552147 0.0824561
0 0.660736 0.44386 0.00490798 0.0736842
0 0.592178 0.497368 0.00460123 0.0719298
