0 0.681595 0.187719 0.00429448 0.0491228
0 0.618405 0.185965 0.00306748 0.0350877
0 0.695552 0.241228 0.00276074 0.0508772
0 0.684816 0.309649 0.00337423 0.054386
0 0.679294 0.204386 0.00460123 0.0508772
0 0.653988 0.263158 0.00306748 0.045614
0 0.590184 0.254386 0.00306748 0.0491228
0 0.662117 0.27193 0.00337423 0.0526316
0 0.56135 0.231579 0.00306748 0.045614
0 0.705982 0.338596 0.00337423 0.0596491
0 0.737423 0.40614 0.00368098 0.0578947
0 0.592945 0.314912 0.00306748 0.0508772
0 0.515031 0.250877 0.00306748 0.0491228
0 0.740798 0.385965 0.00368098 0.0526316
0 0.543865 0.352632 0.00429448 0.0526316
0 0.721626 0.329825 0.00337423 0.0561404
0 0.523006 0.358772 0.00368098 0.0578947
0 0.633129 0.195614 0.00368098 0.0473684
0 0.575767 0.555263 0.00490798 0.0754386
0 0.77454 0.327193 0.00429448 0.054386
0 0.680215 0.478947 0.00460123 0.0701754
0 0.330828 0.325439 0.00337423 0.0614035
0 0.625 0.235088 0.00398773 0.0561404
