0 0.513804 0.215789 0.00245399 0.0421053
0 0.555521 0.173684 0.00368098 0.0385965
0 0.563804 0.275439 0.00306748 0.0526316
0 0.745245 0.316667 0.00337423 0.054386
0 0.303988 0.30614 0.00306748 0.0508772
0 0.561043 0.241228 0.00306748 0.0473684
0 0.642025 0.344737 0.00368098 0.0578947
0 0.515491 0.372807 0.00398773 0.0649123
0 0.597853 0.340351 0.00368098 0.0561404
0 0.484202 0.227193 0.00276074 0.0473684
0 0.522239 0.331579 0.00337423 0.0526316
0 0.542331 0.211404 0.00245399 0.0403509
0 0.631748 0.279825 0.00337423 0.054386
0 0.636196 0.274561 0.00368098 0.0578947
0 0.557515 0.197368 0.00398773 0.0438596
0 0.477301 0.392982 0.00368098 0.0631579
0 0.584509 0.248246 0.00398773 0.054386
0 0.574847 0.185965 0.00368098 0.045614
0 0.662883 0.488596 0.00429448 0.0649123
0 0.66089 0.438596 0.00460123 0.0701754
0 0.596779 0.492105 0.00460123 0.0719298
0 0.602761 0.292105 0.00552147 0.0614035
0 0.527761 0.621053 0.00582822 0.0842105
