0 0.677454 0.227193 0.00276074 0.0403509
0 0.594632 0.195614 0.00214724 0.0368421
0 0.635276 0.228947 0.00306748 0.0473684
0 0.71181 0.268421 0.00521472 0.0175439
0 0.746472 0.274561 0.00337423 0.0578947
0 0.52592 0.261404 0.00337423 0.0491228
0 0.53819 0.341228 0.00337423 0.0578947
0 0.667485 0.302632 0.00306748 0.054386
0 0.671166 0.241228 0.00429448 0.0473684
0 0.736043 0.241228 0.00521472 0.0508772
0 0.697393 0.240351 0.00337423 0.0385965
0 0.595552 0.257895 0.00276074 0.045614
0 0.65046 0.291228 0.00337423 0.0526316
0 0.364571 0.321053 0.00276074 0.0631579
0 0.733742 0.359649 0.00306748 0.0596491
0 0.610276 0.182456 0.00276074 0.0350877
0 0.704141 0.259649 0.00337423 0.045614
0 0.530061 0.290351 0.00368098 0.054386
0 0.656595 0.268421 0.00460123 0.0491228
0 0.633742 0.459649 0.00429448 0.0666667
0 0.706748 0.457018 0.00429448 0.0649123
0 0.716411 0.304386 0.00460123 0.054386
0 0.754448 0.349123 0.00460123 0.0526316
