0 0.603528 0.178947 0.00337423 0.0421053
0 0.709969 0.269298 0.00521472 0.0368421
0 0.67362 0.216667 0.00245399 0.0333333
0 0.599233 0.194737 0.00214724 0.0385965
0 0.672853 0.24386 0.00337423 0.045614
0 0.695092 0.241228 0.00306748 0.0438596
0 0.711656 0.265789 0.00490798 0.022807
0 0.641718 0.268421 0.00368098 0.0491228
0 0.526534 0.285965 0.00398773 0.0526316
0 0.742178 0.270175 0.00337423 0.0561404
0 0.594018 0.250877 0.00276074 0.045614
0 0.70092 0.47807 0.00429448 0.0649123
0 0.64816 0.285965 0.00306748 0.0491228
0 0.666104 0.307018 0.00337423 0.0526316
0 0.726994 0.22193 0.00490798 0.054386
0 0.708282 0.292982 0.00429448 0.0561404
0 0.369785 0.319298 0.00276074 0.0631579
0 0.727147 0.354386 0.00276074 0.0596491
0 0.630061 0.460526 0.00429448 0.0684211
0 0.633896 0.22193 0.00276074 0.0473684
0 0.604908 0.174561 0.00306748 0.0403509
0 0.704448 0.257895 0.00337423 0.0491228
0 0.529908 0.330702 0.00337423 0.054386
0 0.521626 0.250877 0.00337423 0.0421053
0 0.752301 0.352632 0.00460123 0.0526316
