0 0.657362 0.203509 0.00245399 0.0421053
0 0.645245 0.286842 0.00337423 0.0508772
0 0.525613 0.257018 0.00276074 0.0438596
0 0.354448 0.316667 0.00337423 0.054386
0 0.686503 0.244737 0.00368098 0.0403509
0 0.629755 0.223684 0.00368098 0.0473684
0 0.681595 0.242105 0.00306748 0.045614
0 0.709049 0.378947 0.00398773 0.0596491
0 0.675767 0.231579 0.00306748 0.0421053
0 0.582669 0.183333 0.00276074 0.0403509
0 0.62638 0.466667 0.00429448 0.0666667
0 0.632669 0.238596 0.00337423 0.0526316
0 0.591871 0.25 0.00276074 0.0438596
0 0.66411 0.300877 0.00306748 0.054386
0 0.644632 0.252632 0.00398773 0.0491228
0 0.767791 0.322807 0.00490798 0.0561404
0 0.602147 0.185965 0.00306748 0.0421053
0 0.548006 0.337719 0.00337423 0.054386
0 0.705675 0.324561 0.00398773 0.0561404
0 0.711656 0.290351 0.00429448 0.054386
0 0.681902 0.441228 0.00429448 0.0684211
0 0.723159 0.352632 0.00460123 0.0596491
0 0.530061 0.290351 0.00368098 0.054386
