0 0.532055 0.304386 0.00337423 0.0473684
0 0.577147 0.213158 0.00337423 0.0473684
0 0.525307 0.222807 0.00276074 0.0421053
0 0.600153 0.17193 0.00398773 0.0421053
0 0.659356 0.32193 0.00337423 0.054386
0 0.583896 0.202632 0.00337423 0.0403509
0 0.761656 0.323684 0.00368098 0.054386
0 0.622086 0.234211 0.00429448 0.0508772
0 0.578681 0.227193 0.00337423 0.0473684
0 0.624386 0.312281 0.00337423 0.0526316
0 0.684202 0.461404 0.00398773 0.0631579
0 0.559663 0.265789 0.00276074 0.0473684
0 0.611503 0.223684 0.00398773 0.0368421
0 0.531442 0.351754 0.00398773 0.0578947
0 0.629448 0.3 0.00306748 0.0491228
0 0.603374 0.231579 0.00368098 0.0385965
0 0.314724 0.317544 0.00306748 0.045614
0 0.499233 0.39386 0.00398773 0.0614035
0 0.601687 0.265789 0.00337423 0.0473684
0 0.497393 0.244737 0.00276074 0.0473684
0 0.62592 0.511404 0.00460123 0.0754386
0 0.54862 0.619298 0.00521472 0.0842105
0 0.680982 0.417544 0.00552147 0.0701754
