0 0.680828 0.209649 0.00276074 0.0403509
0 0.618865 0.269298 0.00276074 0.0438596
0 0.709202 0.255263 0.00429448 0.0473684
0 0.679141 0.233333 0.00368098 0.0491228
0 0.75092 0.291228 0.00306748 0.0526316
0 0.690031 0.253509 0.00276074 0.0438596
0 0.735429 0.371053 0.00398773 0.054386
0 0.514571 0.273684 0.00337423 0.0491228
0 0.577147 0.166667 0.00337423 0.0526316
0 0.71089 0.224561 0.00398773 0.045614
0 0.514571 0.312281 0.00337423 0.0561404
0 0.703988 0.252632 0.00306748 0.0491228
0 0.653374 0.307018 0.00306748 0.0491228
0 0.642485 0.226316 0.00276074 0.045614
0 0.638037 0.27193 0.00306748 0.0491228
0 0.609509 0.462281 0.00429448 0.0649123
0 0.586503 0.246491 0.00306748 0.0438596
0 0.606135 0.195614 0.00245399 0.0438596
0 0.708436 0.350877 0.00398773 0.0596491
0 0.363497 0.315789 0.00306748 0.0701754
0 0.51135 0.242105 0.00306748 0.0421053
0 0.665798 0.50614 0.00460123 0.0684211
0 0.655675 0.242982 0.00276074 0.0368421
