0 0.704601 0.178947 0.00306748 0.0350877
0 0.648006 0.182456 0.00214724 0.0280702
0 0.703221 0.192105 0.00337423 0.0403509
0 0.723926 0.258772 0.00306748 0.0473684
0 0.728834 0.259649 0.00245399 0.0421053
0 0.753681 0.357895 0.00368098 0.0666667
0 0.685276 0.300877 0.00306748 0.0473684
0 0.741718 0.350877 0.00368098 0.0596491
0 0.352761 0.32807 0.00306748 0.0631579
0 0.625 0.244737 0.00276074 0.0473684
0 0.693252 0.275439 0.00306748 0.0491228
0 0.548466 0.354386 0.00368098 0.0596491
0 0.587883 0.234211 0.00276074 0.0473684
0 0.630521 0.312281 0.00337423 0.0526316
0 0.542945 0.349123 0.00368098 0.0596491
0 0.528067 0.260526 0.00276074 0.0473684
0 0.720706 0.280702 0.00398773 0.0561404
0 0.676227 0.185088 0.00398773 0.0438596
0 0.739264 0.292105 0.00429448 0.054386
0 0.77408 0.323684 0.00460123 0.054386
0 0.71181 0.429825 0.00398773 0.0631579
0 0.606595 0.49386 0.00460123 0.0719298
0 0.668252 0.22807 0.00398773 0.0526316
