0 0.534969 0.214035 0.00368098 0.0491228
0 0.573313 0.527193 0.00490798 0.0754386
0 0.749233 0.320175 0.00337423 0.054386
0 0.530215 0.165789 0.00337423 0.0403509
0 0.56227 0.185088 0.00245399 0.0403509
0 0.472239 0.216667 0.00276074 0.0438596
0 0.502761 0.236842 0.00306748 0.045614
0 0.557362 0.25614 0.00368098 0.0491228
0 0.53635 0.214035 0.00398773 0.0491228
0 0.645092 0.362281 0.00368098 0.0578947
0 0.591411 0.354386 0.00368098 0.0596491
0 0.295706 0.313158 0.00306748 0.0578947
0 0.451687 0.416667 0.00398773 0.0649123
0 0.552454 0.276316 0.00306748 0.0473684
0 0.522853 0.417544 0.00398773 0.0631579
0 0.619785 0.35614 0.00337423 0.0561404
0 0.494632 0.403509 0.00460123 0.0701754
0 0.500153 0.648246 0.00521472 0.0859649
0 0.597699 0.298246 0.00337423 0.0596491
0 0.633742 0.283333 0.00368098 0.054386
0 0.645859 0.52807 0.00460123 0.0701754
0 0.543252 0.251754 0.00306748 0.0508772
0 0.58911 0.257018 0.00398773 0.0578947
0 0.646779 0.457018 0.00460123 0.0719298
