0 0.606442 0.726316 0.00552147 0.0912281
0 0.810429 0.80614 0.00736196 0.0894737
0 0.602607 0.407895 0.00398773 0.0614035
0 0.718252 0.415789 0.00398773 0.0631579
0 0.517791 0.238596 0.00245399 0.045614
0 0.615337 0.283333 0.00306748 0.0508772
0 0.630215 0.417544 0.00398773 0.0596491
0 0.774233 0.378947 0.00368098 0.0596491
0 0.650613 0.286842 0.00306748 0.0508772
0 0.820399 0.601754 0.00521472 0.077193
0 0.496779 0.398246 0.00398773 0.0631579
0 0.495706 0.609649 0.00552147 0.0824561
0 0.574693 0.436842 0.00398773 0.0631579
0 0.570706 0.262281 0.00398773 0.0438596
0 0.568865 0.581579 0.00398773 0.0719298
0 0.613037 0.731579 0.00644172 0.0947368
0 0.753834 0.758772 0.00644172 0.0964912
0 0.665337 0.47193 0.00429448 0.0701754
0 0.284356 0.391228 0.00552147 0.0631579
0 0.750307 0.597368 0.00552147 0.0789474
0 0.694018 0.607895 0.00582822 0.0824561
0 0.508742 0.608772 0.00521472 0.0807018
0 0.571932 0.532456 0.00582822 0.0789474
