0 0.57316 0.20614 0.00337423 0.0403509
0 0.572086 0.2 0.00245399 0.0385965
0 0.761656 0.331579 0.00368098 0.0596491
0 0.589877 0.17193 0.00306748 0.0385965
0 0.617025 0.158772 0.00276074 0.0473684
0 0.574693 0.212281 0.00337423 0.0385965
0 0.703834 0.392982 0.00337423 0.0526316
0 0.670092 0.415789 0.00398773 0.0491228
0 0.663804 0.312281 0.00368098 0.0526316
0 0.673159 0.340351 0.00398773 0.0596491
0 0.522239 0.253509 0.00276074 0.0473684
0 0.602914 0.236842 0.00276074 0.0421053
0 0.707209 0.376316 0.00398773 0.0578947
0 0.548466 0.342105 0.00368098 0.0596491
0 0.53727 0.304386 0.00337423 0.0578947
0 0.63635 0.185965 0.00337423 0.0385965
0 0.654908 0.24386 0.00306748 0.045614
0 0.618252 0.252632 0.00398773 0.0491228
0 0.649233 0.225439 0.00276074 0.0438596
0 0.62362 0.22807 0.00368098 0.045614
0 0.598466 0.182456 0.00368098 0.0421053
0 0.353528 0.317544 0.00214724 0.0561404
0 0.683896 0.308772 0.00398773 0.0596491
0 0.622546 0.487719 0.00460123 0.0701754
