0 0.697853 0.173684 0.00429448 0.0421053
0 0.654908 0.179825 0.00245399 0.0298246
0 0.69908 0.178947 0.00429448 0.0385965
0 0.733436 0.355263 0.00368098 0.0578947
0 0.744172 0.353509 0.00490798 0.0649123
0 0.359663 0.322807 0.00276074 0.0631579
0 0.548313 0.349123 0.00337423 0.0596491
0 0.676687 0.181579 0.00429448 0.0403509
0 0.589417 0.226316 0.00276074 0.045614
0 0.629294 0.235088 0.00276074 0.045614
0 0.684356 0.304386 0.00306748 0.0508772
0 0.740491 0.299123 0.00429448 0.0508772
0 0.722699 0.25614 0.00245399 0.0491228
0 0.709969 0.247368 0.00460123 0.0561404
0 0.687577 0.263158 0.00398773 0.0526316
0 0.635123 0.310526 0.00337423 0.0526316
0 0.542025 0.34386 0.00368098 0.0561404
0 0.711503 0.42193 0.00398773 0.0649123
0 0.528374 0.260526 0.00276074 0.0473684
0 0.775153 0.322807 0.00429448 0.0561404
0 0.714571 0.280702 0.00460123 0.0561404
0 0.61181 0.478947 0.00460123 0.0701754
0 0.668558 0.228947 0.00398773 0.054386
