0 0.620859 0.174561 0.00368098 0.0403509
0 0.671626 0.316667 0.00337423 0.054386
0 0.544785 0.301754 0.00306748 0.0350877
0 0.646319 0.305263 0.00368098 0.0526316
0 0.766718 0.323684 0.00337423 0.054386
0 0.501074 0.246491 0.00276074 0.0473684
0 0.593712 0.203509 0.00337423 0.045614
0 0.622393 0.212281 0.00429448 0.0350877
0 0.533282 0.22193 0.00276074 0.0438596
0 0.614264 0.234211 0.00337423 0.0403509
0 0.635123 0.311404 0.00337423 0.0508772
0 0.319018 0.315789 0.00306748 0.0491228
0 0.566258 0.262281 0.00306748 0.0473684
0 0.58635 0.229825 0.00337423 0.0491228
0 0.611196 0.259649 0.00337423 0.045614
0 0.503834 0.380702 0.00398773 0.0631579
0 0.635736 0.231579 0.00521472 0.0561404
0 0.697699 0.444737 0.00460123 0.0684211
0 0.534049 0.350877 0.00429448 0.0596491
0 0.55092 0.60614 0.00552147 0.0824561
0 0.637423 0.516667 0.00490798 0.0719298
0 0.692178 0.400877 0.00521472 0.0684211
