0 0.609969 0.230702 0.00337423 0.0473684
0 0.586196 0.186842 0.00245399 0.0403509
0 0.610583 0.205263 0.00337423 0.0385965
0 0.627147 0.183333 0.00398773 0.0438596
0 0.634202 0.22193 0.00337423 0.0473684
0 0.612117 0.231579 0.00398773 0.0491228
0 0.636963 0.211404 0.00276074 0.0403509
0 0.774847 0.333333 0.00368098 0.045614
0 0.575767 0.179825 0.00245399 0.0368421
0 0.68589 0.328947 0.00306748 0.0473684
0 0.677301 0.294737 0.00306748 0.0491228
0 0.518865 0.251754 0.00276074 0.0473684
0 0.586656 0.240351 0.00276074 0.0421053
0 0.653834 0.314035 0.00337423 0.0526316
0 0.351074 0.312281 0.00214724 0.0491228
0 0.638344 0.270175 0.00306748 0.0491228
0 0.530215 0.292105 0.00337423 0.054386
0 0.614264 0.47193 0.00460123 0.0701754
0 0.682975 0.389474 0.00398773 0.0631579
0 0.549847 0.336842 0.00337423 0.0561404
0 0.653988 0.440351 0.00429448 0.0666667
0 0.703067 0.381579 0.00490798 0.0684211
0 0.655828 0.242105 0.00429448 0.0526316
