0 0.809816 0.811404 0.00674847 0.0964912
0 0.605828 0.72807 0.00552147 0.0877193
0 0.602301 0.407018 0.00398773 0.0596491
0 0.517945 0.242105 0.00276074 0.045614
0 0.718558 0.414912 0.00398773 0.0649123
0 0.822853 0.602632 0.00521472 0.0754386
0 0.774233 0.378947 0.00368098 0.0596491
0 0.611963 0.732456 0.00613497 0.0964912
0 0.615337 0.283333 0.00306748 0.0508772
0 0.650613 0.286842 0.00306748 0.0508772
0 0.630828 0.420175 0.00398773 0.0578947
0 0.496933 0.399123 0.00368098 0.0614035
0 0.574693 0.437719 0.00398773 0.0614035
0 0.569939 0.260526 0.00429448 0.0438596
0 0.496626 0.610526 0.00552147 0.0842105
0 0.75184 0.754386 0.00613497 0.0947368
0 0.569632 0.581579 0.00429448 0.0754386
0 0.665491 0.47193 0.00460123 0.0701754
0 0.284969 0.392105 0.00552147 0.0614035
0 0.509049 0.610526 0.00521472 0.0807018
0 0.694479 0.608772 0.00552147 0.0842105
0 0.751687 0.601754 0.00521472 0.0807018
0 0.572239 0.533333 0.00582822 0.0807018
