0 0.718865 0.188596 0.00398773 0.0368421
0 0.641258 0.183333 0.00214724 0.0263158
0 0.717331 0.20614 0.00398773 0.0403509
0 0.614571 0.255263 0.00276074 0.0473684
0 0.699233 0.289474 0.00337423 0.0526316
0 0.738344 0.297368 0.00429448 0.0578947
0 0.582515 0.241228 0.00306748 0.0473684
0 0.744785 0.305263 0.00429448 0.0596491
0 0.665031 0.192982 0.00368098 0.045614
0 0.684663 0.29386 0.00306748 0.054386
0 0.725767 0.292982 0.00368098 0.0561404
0 0.343558 0.330702 0.00306748 0.0614035
0 0.548926 0.35614 0.00337423 0.0561404
0 0.73865 0.259649 0.00245399 0.045614
0 0.526227 0.259649 0.00276074 0.0491228
0 0.622239 0.316667 0.00337423 0.054386
0 0.755061 0.370175 0.00337423 0.0596491
0 0.600767 0.513158 0.00460123 0.0719298
0 0.541104 0.355263 0.00368098 0.0578947
0 0.66273 0.236842 0.00398773 0.0526316
0 0.710123 0.44386 0.00429448 0.0666667
0 0.762117 0.370175 0.00398773 0.0596491
0 0.773466 0.323684 0.00460123 0.054386
