0 0.67454 0.196491 0.00552147 0.045614
0 0.675767 0.188596 0.00429448 0.0438596
0 0.677454 0.307895 0.00337423 0.0473684
0 0.65046 0.262281 0.00276074 0.0403509
0 0.616411 0.182456 0.00398773 0.0421053
0 0.68911 0.238596 0.00276074 0.0491228
0 0.558129 0.228947 0.00276074 0.0473684
0 0.587577 0.254386 0.00276074 0.045614
0 0.7 0.338596 0.00306748 0.0596491
0 0.58819 0.312281 0.00337423 0.0526316
0 0.656902 0.266667 0.00337423 0.0491228
0 0.733742 0.412281 0.00368098 0.0631579
0 0.51365 0.248246 0.00276074 0.0473684
0 0.73681 0.392105 0.00368098 0.0578947
0 0.542945 0.350877 0.00429448 0.0526316
0 0.520859 0.360526 0.00368098 0.0578947
0 0.717025 0.324561 0.00337423 0.0561404
0 0.672546 0.20614 0.00398773 0.0438596
0 0.77454 0.327193 0.00429448 0.054386
0 0.629755 0.197368 0.00368098 0.0438596
0 0.329908 0.323684 0.00337423 0.0614035
0 0.572699 0.557018 0.00490798 0.0754386
0 0.67592 0.480702 0.00460123 0.0701754
0 0.621012 0.235088 0.00398773 0.0561404
