0 0.719325 0.190351 0.00368098 0.0368421
0 0.640031 0.181579 0.00214724 0.0263158
0 0.73865 0.300877 0.00429448 0.0578947
0 0.717485 0.20614 0.00368098 0.0403509
0 0.581288 0.242105 0.00306748 0.045614
0 0.72454 0.296491 0.00368098 0.0561404
0 0.612577 0.254386 0.00306748 0.0491228
0 0.682822 0.29386 0.00306748 0.0508772
0 0.69816 0.292105 0.00306748 0.054386
0 0.54908 0.35614 0.00368098 0.0561404
0 0.755982 0.374561 0.00337423 0.0578947
0 0.342025 0.331579 0.00306748 0.0596491
0 0.744785 0.307018 0.00429448 0.0561404
0 0.525307 0.258772 0.00276074 0.0473684
0 0.621012 0.314912 0.00337423 0.0508772
0 0.73865 0.261404 0.00245399 0.045614
0 0.66227 0.195614 0.00368098 0.0473684
0 0.708589 0.44386 0.00429448 0.0666667
0 0.540491 0.357018 0.00368098 0.0578947
0 0.59908 0.519298 0.00490798 0.0736842
0 0.773466 0.324561 0.00460123 0.0526316
0 0.659969 0.235965 0.00398773 0.054386
0 0.762117 0.369298 0.00398773 0.0578947
