0 0.669632 0.228947 0.00429448 0.0508772
0 0.641104 0.160526 0.00306748 0.0508772
0 0.668098 0.228947 0.00306748 0.0473684
0 0.626994 0.178947 0.00368098 0.0421053
0 0.540337 0.332456 0.00337423 0.054386
0 0.695552 0.309649 0.00337423 0.0508772
0 0.63727 0.183333 0.00398773 0.0438596
0 0.577301 0.203509 0.00245399 0.0421053
0 0.656288 0.176316 0.00337423 0.0403509
0 0.769172 0.323684 0.00398773 0.0578947
0 0.365031 0.314912 0.00245399 0.0578947
0 0.674693 0.325439 0.00337423 0.054386
0 0.696779 0.412281 0.00398773 0.0596491
0 0.623926 0.272807 0.00306748 0.0438596
0 0.528681 0.261404 0.00276074 0.045614
0 0.545399 0.322807 0.00368098 0.0596491
0 0.671472 0.22807 0.00306748 0.0526316
0 0.610736 0.212281 0.00306748 0.0491228
0 0.711656 0.303509 0.00552147 0.0596491
0 0.720552 0.379825 0.00368098 0.0578947
0 0.655982 0.260526 0.00398773 0.0508772
0 0.622393 0.468421 0.00429448 0.0666667
0 0.729755 0.37193 0.00368098 0.0526316
0 0.648006 0.236842 0.00398773 0.0526316
