0 0.642025 0.159649 0.00368098 0.0491228
0 0.578681 0.203509 0.00276074 0.0385965
0 0.628528 0.17807 0.00368098 0.0438596
0 0.669018 0.227193 0.00306748 0.0473684
0 0.540644 0.328947 0.00337423 0.054386
0 0.696166 0.311404 0.00337423 0.0508772
0 0.63865 0.181579 0.00368098 0.0473684
0 0.674693 0.325439 0.00337423 0.054386
0 0.657209 0.177193 0.00337423 0.0385965
0 0.769478 0.322807 0.00398773 0.0561404
0 0.365337 0.315789 0.00245399 0.0596491
0 0.624847 0.275439 0.00306748 0.045614
0 0.697393 0.409649 0.00398773 0.0614035
0 0.528681 0.261404 0.00276074 0.045614
0 0.721166 0.378947 0.00368098 0.0561404
0 0.672393 0.229825 0.00306748 0.0526316
0 0.545705 0.323684 0.00368098 0.0614035
0 0.657209 0.257895 0.00398773 0.0491228
0 0.611656 0.211404 0.00306748 0.0508772
0 0.622086 0.467544 0.00429448 0.0649123
0 0.712883 0.301754 0.00552147 0.0596491
0 0.730368 0.369298 0.00368098 0.054386
0 0.648926 0.235965 0.00398773 0.054386
