0 0.711043 0.24386 0.00429448 0.0526316
0 0.680061 0.214912 0.00245399 0.0403509
0 0.640951 0.224561 0.00276074 0.0421053
0 0.74816 0.283333 0.00306748 0.0508772
0 0.582055 0.167544 0.00337423 0.0473684
0 0.517638 0.278947 0.00398773 0.0491228
0 0.693558 0.262281 0.00306748 0.0473684
0 0.615644 0.465789 0.00429448 0.0649123
0 0.738957 0.371053 0.00368098 0.0578947
0 0.681902 0.235088 0.00368098 0.0491228
0 0.656748 0.307895 0.00306748 0.0508772
0 0.712883 0.223684 0.00429448 0.0508772
0 0.703988 0.252632 0.00306748 0.0491228
0 0.514264 0.245614 0.00276074 0.0385965
0 0.58865 0.246491 0.00306748 0.0438596
0 0.605215 0.194737 0.00245399 0.045614
0 0.710276 0.257018 0.00398773 0.0438596
0 0.517485 0.314035 0.00368098 0.0526316
0 0.639417 0.276316 0.00337423 0.0508772
0 0.712883 0.350877 0.00368098 0.0561404
0 0.659356 0.242982 0.00276074 0.0368421
0 0.365644 0.315789 0.00306748 0.0666667
0 0.621166 0.266667 0.00368098 0.0491228
0 0.674387 0.502632 0.00460123 0.0684211
