0 0.559356 0.264035 0.00276074 0.0298246
0 0.622853 0.201754 0.00276074 0.0421053
0 0.578067 0.199123 0.00276074 0.0403509
0 0.51411 0.422807 0.00429448 0.0666667
0 0.582515 0.271053 0.00306748 0.0403509
0 0.550767 0.223684 0.00276074 0.0368421
0 0.521626 0.199123 0.00276074 0.0368421
0 0.481902 0.253509 0.00306748 0.0473684
0 0.644478 0.238596 0.00368098 0.0491228
0 0.501074 0.170175 0.00276074 0.045614
0 0.752301 0.324561 0.00337423 0.0561404
0 0.597393 0.291228 0.00337423 0.0491228
0 0.658282 0.382456 0.00368098 0.0561404
0 0.63911 0.222807 0.00337423 0.045614
0 0.347393 0.303509 0.00337423 0.0631579
0 0.575153 0.216667 0.00368098 0.0473684
0 0.633129 0.37807 0.00368098 0.0578947
0 0.630828 0.260526 0.00398773 0.0508772
0 0.556748 0.449123 0.00429448 0.0666667
0 0.649693 0.242105 0.00429448 0.0491228
0 0.572086 0.273684 0.00368098 0.0561404
0 0.521166 0.233333 0.00613497 0.0526316
0 0.691718 0.260526 0.00368098 0.0473684
