0 0.67454 0.163158 0.00306748 0.0421053
0 0.679141 0.17193 0.00245399 0.0385965
0 0.589264 0.213158 0.00245399 0.0403509
0 0.693558 0.237719 0.00306748 0.0473684
0 0.657515 0.176316 0.00337423 0.0368421
0 0.367025 0.319298 0.00276074 0.0631579
0 0.542025 0.340351 0.00368098 0.0596491
0 0.737577 0.310526 0.00460123 0.0631579
0 0.635736 0.30614 0.00337423 0.0508772
0 0.704141 0.239474 0.00276074 0.0473684
0 0.681442 0.311404 0.00460123 0.0578947
0 0.709049 0.414035 0.00398773 0.0631579
0 0.680521 0.261404 0.00398773 0.0561404
0 0.730675 0.364035 0.00368098 0.0578947
0 0.669785 0.182456 0.00398773 0.0421053
0 0.736503 0.354386 0.00368098 0.0596491
0 0.548159 0.337719 0.00368098 0.0578947
0 0.71227 0.289474 0.00429448 0.0561404
0 0.528374 0.260526 0.00276074 0.0473684
0 0.617485 0.466667 0.00429448 0.0666667
0 0.775153 0.322807 0.00429448 0.0561404
0 0.629448 0.223684 0.00306748 0.0473684
0 0.663497 0.228947 0.00368098 0.0508772
