0 0.607209 0.268421 0.00337423 0.0491228
0 0.682975 0.247368 0.00337423 0.0526316
0 0.554141 0.246491 0.00276074 0.0333333
0 0.603528 0.195614 0.00276074 0.0403509
0 0.609663 0.268421 0.00337423 0.0491228
0 0.593865 0.471053 0.00429448 0.0403509
0 0.528528 0.177193 0.00306748 0.0421053
0 0.756595 0.311404 0.00337423 0.054386
0 0.654448 0.205263 0.00337423 0.0421053
0 0.655215 0.250877 0.00368098 0.0491228
0 0.482822 0.284211 0.00306748 0.0526316
0 0.620859 0.295614 0.00306748 0.0438596
0 0.658896 0.229825 0.00306748 0.045614
0 0.692791 0.363158 0.00398773 0.0561404
0 0.534663 0.239474 0.00368098 0.0473684
0 0.570399 0.266667 0.00276074 0.0421053
0 0.556902 0.45 0.00460123 0.0649123
0 0.669632 0.364035 0.00368098 0.0508772
0 0.350153 0.317544 0.00276074 0.0596491
0 0.530061 0.242105 0.00429448 0.0491228
0 0.71273 0.237719 0.00337423 0.0438596
0 0.621319 0.22807 0.00460123 0.0561404
