0 0.514724 0.217544 0.00245399 0.045614
0 0.557822 0.167544 0.00337423 0.0403509
0 0.563344 0.27193 0.00337423 0.0491228
0 0.561656 0.238596 0.00306748 0.0491228
0 0.744632 0.314035 0.00337423 0.0526316
0 0.598926 0.337719 0.00337423 0.0578947
0 0.541258 0.213158 0.00214724 0.0403509
0 0.484816 0.228947 0.00276074 0.0473684
0 0.630675 0.276316 0.00306748 0.0508772
0 0.516104 0.371053 0.00398773 0.0649123
0 0.642025 0.344737 0.00368098 0.0578947
0 0.635276 0.275439 0.00368098 0.0561404
0 0.304601 0.305263 0.00306748 0.0526316
0 0.522086 0.326316 0.00368098 0.0526316
0 0.556135 0.197368 0.00368098 0.0438596
0 0.584969 0.254386 0.00368098 0.0526316
0 0.478528 0.39386 0.00368098 0.0614035
0 0.66227 0.487719 0.00429448 0.0666667
0 0.598926 0.490351 0.00460123 0.0719298
0 0.66089 0.438596 0.00460123 0.0701754
0 0.603681 0.291228 0.00552147 0.0596491
0 0.577607 0.185965 0.00368098 0.045614
0 0.529755 0.619298 0.00552147 0.0807018
