0 0.56227 0.25 0.00490798 0.054386
0 0.752914 0.319298 0.00337423 0.0561404
0 0.560736 0.181579 0.00245399 0.0368421
0 0.596626 0.342982 0.00368098 0.0578947
0 0.532515 0.166667 0.00368098 0.0421053
0 0.549387 0.204386 0.00368098 0.0473684
0 0.563957 0.239474 0.00398773 0.0508772
0 0.5 0.394737 0.00368098 0.0666667
0 0.476074 0.214912 0.00245399 0.0438596
0 0.65092 0.35 0.00368098 0.0578947
0 0.506902 0.226316 0.00276074 0.045614
0 0.628221 0.338596 0.00368098 0.0526316
0 0.561503 0.267544 0.00337423 0.0508772
0 0.457515 0.407018 0.00398773 0.0631579
0 0.525613 0.408772 0.00398773 0.0596491
0 0.600613 0.296491 0.00368098 0.0596491
0 0.547699 0.249123 0.00337423 0.0526316
0 0.297393 0.309649 0.00337423 0.0578947
0 0.641718 0.279825 0.00368098 0.0508772
0 0.507362 0.641228 0.00552147 0.0859649
0 0.588957 0.242105 0.00429448 0.0596491
0 0.654755 0.517544 0.00460123 0.0666667
0 0.579141 0.520175 0.00490798 0.0754386
0 0.655828 0.449123 0.00490798 0.077193
