0 0.513957 0.316667 0.00337423 0.054386
0 0.734969 0.333333 0.00368098 0.0561404
0 0.582055 0.314035 0.00337423 0.0561404
0 0.524233 0.333333 0.00368098 0.0561404
0 0.511656 0.451754 0.00429448 0.0649123
0 0.583896 0.3 0.00398773 0.0526316
0 0.625614 0.402632 0.00398773 0.0614035
0 0.482515 0.284211 0.00306748 0.0491228
0 0.497546 0.25614 0.00368098 0.0491228
0 0.606595 0.326316 0.00337423 0.0526316
0 0.522393 0.175439 0.00368098 0.0385965
0 0.485583 0.435088 0.00429448 0.0666667
0 0.535583 0.27193 0.00306748 0.0491228
0 0.57316 0.227193 0.00276074 0.0438596
0 0.291411 0.332456 0.00306748 0.0684211
0 0.461503 0.232456 0.00276074 0.0473684
0 0.429448 0.430702 0.00429448 0.0649123
0 0.571319 0.397368 0.00398773 0.0614035
0 0.602607 0.417544 0.00398773 0.0631579
0 0.475 0.677193 0.00582822 0.0877193
0 0.554294 0.566667 0.00490798 0.077193
0 0.613344 0.531579 0.00460123 0.0701754
0 0.623773 0.482456 0.00460123 0.0701754
