0 0.754141 0.319298 0.00337423 0.0526316
0 0.59954 0.341228 0.00337423 0.0508772
0 0.562117 0.198246 0.00337423 0.0421053
0 0.533436 0.170175 0.00368098 0.0421053
0 0.560583 0.223684 0.00337423 0.0438596
0 0.509356 0.221053 0.00276074 0.0421053
0 0.558589 0.17807 0.00306748 0.0403509
0 0.504141 0.389474 0.00398773 0.0666667
0 0.478834 0.214912 0.00245399 0.0438596
0 0.652454 0.342982 0.00368098 0.0578947
0 0.46273 0.401754 0.00398773 0.0631579
0 0.60092 0.29386 0.00368098 0.054386
0 0.551687 0.247368 0.00337423 0.0526316
0 0.634509 0.325439 0.00337423 0.054386
0 0.646012 0.277193 0.00368098 0.0491228
0 0.526534 0.391228 0.00398773 0.0561404
0 0.29954 0.30614 0.00276074 0.054386
0 0.586196 0.236842 0.00368098 0.0526316
0 0.66181 0.511404 0.00460123 0.0649123
0 0.565491 0.266667 0.00337423 0.045614
0 0.585123 0.512281 0.00460123 0.0736842
0 0.51319 0.630702 0.00552147 0.0824561
0 0.660276 0.446491 0.00521472 0.0789474
