0 0.634969 0.204386 0.00245399 0.0368421
0 0.58911 0.207895 0.00337423 0.0438596
0 0.591258 0.214912 0.00398773 0.0508772
0 0.592025 0.27193 0.00306748 0.0491228
0 0.658282 0.235965 0.00368098 0.0473684
0 0.754908 0.322807 0.00368098 0.0561404
0 0.481442 0.264912 0.00276074 0.0491228
0 0.640031 0.258772 0.00276074 0.0473684
0 0.509049 0.173684 0.00276074 0.0421053
0 0.669325 0.374561 0.00368098 0.0578947
0 0.645706 0.374561 0.00368098 0.0578947
0 0.530061 0.239474 0.00490798 0.0473684
0 0.565798 0.261404 0.00276074 0.0421053
0 0.602454 0.295614 0.00306748 0.0508772
0 0.559356 0.455263 0.00460123 0.0684211
0 0.66181 0.24386 0.00398773 0.0491228
0 0.527301 0.432456 0.00429448 0.0649123
0 0.534816 0.212281 0.00337423 0.0421053
0 0.647239 0.226316 0.00306748 0.045614
0 0.552607 0.229825 0.00276074 0.0421053
0 0.351227 0.30614 0.00306748 0.0614035
0 0.585736 0.277193 0.00398773 0.0596491
0 0.70138 0.253509 0.00398773 0.0438596
