0 0.584969 0.185965 0.00245399 0.0385965
0 0.607822 0.228947 0.00337423 0.0438596
0 0.624847 0.184211 0.00368098 0.0421053
0 0.77408 0.333333 0.00398773 0.045614
0 0.575307 0.178947 0.00214724 0.0350877
0 0.634816 0.209649 0.00276074 0.0403509
0 0.684356 0.331579 0.00306748 0.0491228
0 0.676074 0.29386 0.00368098 0.0578947
0 0.631135 0.222807 0.00337423 0.045614
0 0.609202 0.20614 0.00368098 0.0403509
0 0.58635 0.240351 0.00276074 0.0421053
0 0.518558 0.251754 0.00276074 0.0473684
0 0.35092 0.312281 0.00245399 0.0491228
0 0.652761 0.314912 0.00368098 0.054386
0 0.61319 0.472807 0.00429448 0.0684211
0 0.530521 0.292105 0.00337423 0.054386
0 0.638344 0.270175 0.00306748 0.0491228
0 0.611963 0.232456 0.00368098 0.0508772
0 0.683129 0.389474 0.00368098 0.0631579
0 0.651841 0.439474 0.00429448 0.0684211
0 0.549693 0.336842 0.00306748 0.0561404
0 0.701994 0.382456 0.00460123 0.0666667
0 0.654141 0.239474 0.00398773 0.0508772
