0 0.711196 0.262281 0.00521472 0.0263158
0 0.634816 0.223684 0.00276074 0.0438596
0 0.67362 0.212281 0.00245399 0.0350877
0 0.602454 0.19386 0.00245399 0.0403509
0 0.704141 0.283333 0.00398773 0.0508772
0 0.742331 0.27193 0.00306748 0.0526316
0 0.598926 0.17193 0.00337423 0.0421053
0 0.62638 0.459649 0.00429448 0.0631579
0 0.670245 0.242982 0.00245399 0.0403509
0 0.525767 0.325439 0.00368098 0.054386
0 0.723466 0.351754 0.00276074 0.054386
0 0.370092 0.319298 0.00276074 0.0666667
0 0.703681 0.255263 0.00306748 0.054386
0 0.691871 0.238596 0.00276074 0.0421053
0 0.634816 0.265789 0.00337423 0.0473684
0 0.645706 0.283333 0.00306748 0.0508772
0 0.524387 0.281579 0.00398773 0.054386
0 0.592791 0.25 0.00276074 0.0438596
0 0.693405 0.488596 0.00460123 0.0719298
0 0.519939 0.247368 0.00306748 0.0421053
0 0.66365 0.307895 0.00337423 0.054386
0 0.721933 0.215789 0.00521472 0.0596491
0 0.749233 0.357895 0.00460123 0.0561404
