0 0.576687 0.222807 0.00368098 0.0526316
0 0.530368 0.302632 0.00306748 0.0473684
0 0.52454 0.224561 0.00245399 0.0421053
0 0.574693 0.214912 0.00337423 0.0473684
0 0.656902 0.320175 0.00337423 0.054386
0 0.582362 0.203509 0.00337423 0.0421053
0 0.760583 0.322807 0.00337423 0.0561404
0 0.597086 0.171053 0.00398773 0.0403509
0 0.627301 0.299123 0.00306748 0.0508772
0 0.578067 0.226316 0.00337423 0.0491228
0 0.610736 0.225439 0.00368098 0.0368421
0 0.558896 0.265789 0.00306748 0.0473684
0 0.623006 0.310526 0.00368098 0.0526316
0 0.601074 0.264912 0.00337423 0.0491228
0 0.620706 0.235965 0.00398773 0.054386
0 0.530828 0.35 0.00398773 0.0578947
0 0.602454 0.232456 0.00368098 0.0403509
0 0.682055 0.464912 0.00398773 0.0631579
0 0.313957 0.316667 0.00276074 0.0473684
0 0.497086 0.24386 0.00276074 0.045614
0 0.49862 0.395614 0.00398773 0.0614035
0 0.548313 0.622807 0.00521472 0.0842105
0 0.624847 0.513158 0.00490798 0.0754386
0 0.680215 0.415789 0.00582822 0.0701754
