0 0.702147 0.249123 0.00368098 0.045614
0 0.50046 0.303509 0.00337423 0.0526316
0 0.675767 0.213158 0.00368098 0.0473684
0 0.600153 0.266667 0.00276074 0.0280702
0 0.506135 0.245614 0.00306748 0.0421053
0 0.759969 0.310526 0.00337423 0.0596491
0 0.670859 0.229825 0.00368098 0.045614
0 0.67454 0.25 0.00368098 0.0438596
0 0.643405 0.302632 0.00337423 0.0473684
0 0.699847 0.250877 0.00337423 0.0526316
0 0.575613 0.240351 0.00276074 0.045614
0 0.693712 0.351754 0.00337423 0.0508772
0 0.356902 0.319298 0.00276074 0.0631579
0 0.627301 0.265789 0.00306748 0.0473684
0 0.558896 0.17193 0.00306748 0.045614
0 0.607822 0.196491 0.00276074 0.0421053
0 0.507515 0.266667 0.00337423 0.045614
0 0.591411 0.468421 0.00429448 0.0666667
0 0.63911 0.257018 0.00337423 0.0473684
0 0.635429 0.49386 0.00460123 0.0719298
0 0.640337 0.22807 0.00398773 0.045614
0 0.719785 0.372807 0.00398773 0.0578947
0 0.712577 0.227193 0.00368098 0.0473684
