0 0.706748 0.253509 0.00368098 0.0473684
0 0.754755 0.297368 0.00337423 0.054386
0 0.64954 0.248246 0.00276074 0.0403509
0 0.683282 0.247368 0.00276074 0.045614
0 0.702761 0.350877 0.00368098 0.0491228
0 0.703221 0.251754 0.00337423 0.0473684
0 0.729448 0.372807 0.00368098 0.054386
0 0.603528 0.463158 0.00460123 0.0631579
0 0.360583 0.317544 0.00276074 0.0631579
0 0.510123 0.275439 0.00368098 0.0491228
0 0.569479 0.169298 0.00337423 0.0473684
0 0.64862 0.30614 0.00337423 0.0508772
0 0.634969 0.268421 0.00306748 0.045614
0 0.610736 0.271053 0.00306748 0.0403509
0 0.642485 0.226316 0.00276074 0.045614
0 0.676074 0.233333 0.00368098 0.045614
0 0.582209 0.242982 0.00306748 0.0473684
0 0.607362 0.195614 0.00245399 0.0438596
0 0.508282 0.309649 0.00368098 0.054386
0 0.506902 0.242105 0.00276074 0.0385965
0 0.654755 0.501754 0.00460123 0.0631579
0 0.710583 0.223684 0.00398773 0.0473684
