0 0.632515 0.236842 0.00306748 0.0385965
0 0.653374 0.309649 0.00306748 0.0368421
0 0.544785 0.217544 0.00245399 0.0385965
0 0.647853 0.185088 0.00368098 0.0403509
0 0.32454 0.32193 0.00306748 0.054386
0 0.671933 0.315789 0.00337423 0.0561404
0 0.71411 0.431579 0.00429448 0.0631579
0 0.566564 0.307018 0.00306748 0.045614
0 0.604294 0.192105 0.00306748 0.0438596
0 0.644325 0.208772 0.00398773 0.0421053
0 0.575613 0.258772 0.00276074 0.0473684
0 0.71227 0.394737 0.00490798 0.0631579
0 0.659663 0.232456 0.00337423 0.0508772
0 0.631748 0.259649 0.00398773 0.0491228
0 0.612117 0.203509 0.00337423 0.045614
0 0.507362 0.245614 0.00306748 0.0491228
0 0.511963 0.364912 0.00368098 0.0596491
0 0.654755 0.501754 0.00460123 0.0701754
0 0.772853 0.32807 0.00460123 0.0526316
0 0.53773 0.351754 0.00429448 0.0578947
0 0.558436 0.578947 0.00521472 0.077193
0 0.601687 0.233333 0.00398773 0.0561404
0 0.692791 0.314912 0.00398773 0.054386
