0 0.710583 0.242105 0.00398773 0.0526316
0 0.680368 0.214035 0.00245399 0.0385965
0 0.749386 0.284211 0.00306748 0.0491228
0 0.692331 0.259649 0.00245399 0.045614
0 0.614724 0.464912 0.00429448 0.0596491
0 0.516564 0.27807 0.00368098 0.0508772
0 0.711656 0.225439 0.00429448 0.0473684
0 0.580215 0.168421 0.00337423 0.0491228
0 0.703681 0.252632 0.00306748 0.0491228
0 0.638957 0.274561 0.00306748 0.0508772
0 0.655215 0.307895 0.00306748 0.0508772
0 0.516104 0.312281 0.00337423 0.0526316
0 0.641871 0.226316 0.00276074 0.045614
0 0.605828 0.195614 0.00245399 0.0438596
0 0.73681 0.375439 0.00368098 0.0596491
0 0.680521 0.235088 0.00398773 0.0491228
0 0.709969 0.25614 0.00398773 0.045614
0 0.619325 0.268421 0.00368098 0.0491228
0 0.711656 0.351754 0.00368098 0.0508772
0 0.58773 0.246491 0.00306748 0.0473684
0 0.657975 0.244737 0.00306748 0.0368421
0 0.51319 0.244737 0.00306748 0.0403509
0 0.672239 0.505263 0.00460123 0.0631579
0 0.364877 0.315789 0.00276074 0.0666667
