0 0.605828 0.232456 0.00368098 0.0403509
0 0.609202 0.226316 0.00368098 0.0421053
0 0.651994 0.333333 0.00337423 0.0526316
0 0.561196 0.223684 0.00276074 0.0438596
0 0.569325 0.207895 0.00306748 0.0403509
0 0.52316 0.226316 0.00276074 0.045614
0 0.619479 0.299123 0.00337423 0.0508772
0 0.582055 0.170175 0.00337423 0.0385965
0 0.616258 0.314912 0.00306748 0.054386
0 0.597239 0.267544 0.00368098 0.0473684
0 0.755368 0.324561 0.00337423 0.0561404
0 0.524387 0.303509 0.00460123 0.0561404
0 0.557362 0.268421 0.00306748 0.0491228
0 0.616258 0.238596 0.00368098 0.0526316
0 0.311196 0.315789 0.00276074 0.045614
0 0.494632 0.242105 0.00276074 0.045614
0 0.57408 0.225439 0.00337423 0.0473684
0 0.494325 0.410526 0.00398773 0.0631579
0 0.674693 0.472807 0.00398773 0.0614035
0 0.527914 0.353509 0.00429448 0.0578947
0 0.674847 0.427193 0.00490798 0.0649123
0 0.546933 0.631579 0.00552147 0.0877193
0 0.619785 0.509649 0.00460123 0.0719298
