0 0.661503 0.20614 0.00214724 0.0333333
0 0.355368 0.316667 0.00337423 0.054386
0 0.686503 0.44386 0.00429448 0.0631579
0 0.52638 0.259649 0.00306748 0.045614
0 0.686963 0.244737 0.00337423 0.0473684
0 0.628067 0.464912 0.00460123 0.0666667
0 0.694479 0.25614 0.00552147 0.045614
0 0.583896 0.183333 0.00276074 0.0368421
0 0.681135 0.232456 0.00276074 0.0403509
0 0.547086 0.339474 0.00337423 0.054386
0 0.716564 0.37807 0.00368098 0.0578947
0 0.645092 0.291228 0.00306748 0.0526316
0 0.592945 0.250877 0.00306748 0.045614
0 0.603834 0.183333 0.00337423 0.0403509
0 0.763957 0.311404 0.00460123 0.0578947
0 0.709049 0.319298 0.00398773 0.0561404
0 0.665644 0.300877 0.00306748 0.0508772
0 0.63727 0.237719 0.00337423 0.0508772
0 0.530061 0.290351 0.00368098 0.054386
0 0.728067 0.350877 0.00460123 0.0596491
0 0.648313 0.253509 0.00460123 0.0508772
0 0.631748 0.224561 0.00398773 0.0491228
0 0.717485 0.285965 0.00429448 0.0596491
