0 0.657362 0.222807 0.00306748 0.0385965
0 0.660276 0.239474 0.00337423 0.0438596
0 0.691871 0.297368 0.00337423 0.0473684
0 0.643712 0.192982 0.00276074 0.0385965
0 0.352761 0.314035 0.00245399 0.0526316
0 0.621472 0.214035 0.00368098 0.0421053
0 0.639877 0.280702 0.00306748 0.0491228
0 0.522239 0.254386 0.00276074 0.0491228
0 0.695706 0.335088 0.00368098 0.0526316
0 0.659663 0.30614 0.00337423 0.054386
0 0.621626 0.236842 0.00337423 0.045614
0 0.690337 0.383333 0.00398773 0.0614035
0 0.596012 0.184211 0.00306748 0.045614
0 0.666104 0.242105 0.00398773 0.045614
0 0.619785 0.466667 0.00460123 0.0666667
0 0.579141 0.181579 0.00245399 0.0368421
0 0.589417 0.245614 0.00276074 0.0421053
0 0.77546 0.334211 0.00429448 0.0473684
0 0.629294 0.24386 0.00337423 0.045614
0 0.549233 0.336842 0.00337423 0.0526316
0 0.529755 0.291228 0.00368098 0.0526316
0 0.668558 0.445614 0.00460123 0.0701754
0 0.712117 0.37193 0.00521472 0.0666667
