0 0.640031 0.207018 0.00276074 0.0385965
0 0.663957 0.24386 0.00398773 0.045614
0 0.593712 0.199123 0.00276074 0.0333333
0 0.595859 0.274561 0.00337423 0.0508772
0 0.644018 0.25614 0.00276074 0.045614
0 0.674847 0.371053 0.00368098 0.0578947
0 0.480061 0.272807 0.00306748 0.0508772
0 0.533436 0.431579 0.00429448 0.0596491
0 0.667638 0.245614 0.00398773 0.0491228
0 0.755368 0.321053 0.00337423 0.0561404
0 0.599387 0.221053 0.00429448 0.0526316
0 0.652761 0.371053 0.00368098 0.054386
0 0.552301 0.229825 0.00276074 0.0421053
0 0.606135 0.295614 0.00306748 0.0508772
0 0.51273 0.172807 0.00276074 0.0403509
0 0.350614 0.307895 0.00306748 0.0614035
0 0.591258 0.277193 0.00398773 0.0561404
0 0.53865 0.223684 0.00368098 0.0473684
0 0.566564 0.258772 0.00245399 0.0438596
0 0.56411 0.463158 0.00429448 0.0666667
0 0.705061 0.248246 0.00337423 0.0438596
0 0.533896 0.240351 0.00398773 0.045614
0 0.65046 0.227193 0.00337423 0.0473684
