0 0.711043 0.261404 0.00368098 0.0315789
0 0.673926 0.211404 0.00245399 0.0368421
0 0.634969 0.222807 0.00306748 0.045614
0 0.703374 0.281579 0.00429448 0.0508772
0 0.602454 0.194737 0.00245399 0.0421053
0 0.742331 0.272807 0.00306748 0.0508772
0 0.691258 0.237719 0.00276074 0.0438596
0 0.625767 0.463158 0.00429448 0.0666667
0 0.722853 0.350877 0.00276074 0.0561404
0 0.369939 0.319298 0.00306748 0.0666667
0 0.523773 0.280702 0.00398773 0.0561404
0 0.524693 0.325439 0.00337423 0.0508772
0 0.669172 0.242105 0.00276074 0.0421053
0 0.519632 0.245614 0.00306748 0.0421053
0 0.645092 0.282456 0.00306748 0.0491228
0 0.597699 0.170175 0.00337423 0.0421053
0 0.703681 0.255263 0.00306748 0.054386
0 0.633742 0.266667 0.00368098 0.0491228
0 0.592485 0.249123 0.00276074 0.045614
0 0.691871 0.486842 0.00460123 0.0719298
0 0.663037 0.307018 0.00337423 0.0526316
0 0.721319 0.216667 0.00521472 0.0614035
0 0.74862 0.357018 0.00460123 0.0578947
