0 0.801227 0.789474 0.00674847 0.101754
0 0.517945 0.251754 0.00276074 0.0473684
0 0.604908 0.735088 0.00613497 0.0982456
0 0.292485 0.383333 0.00337423 0.0508772
0 0.599387 0.725439 0.00552147 0.0894737
0 0.772393 0.382456 0.00368098 0.0631579
0 0.613804 0.291228 0.00306748 0.0526316
0 0.596166 0.420175 0.00398773 0.0614035
0 0.650307 0.280702 0.00306748 0.0526316
0 0.719479 0.414912 0.00398773 0.0649123
0 0.645706 0.462281 0.00429448 0.0649123
0 0.496626 0.411404 0.00368098 0.0614035
0 0.501534 0.623684 0.00552147 0.0859649
0 0.576534 0.452632 0.00398773 0.0666667
0 0.767485 0.614035 0.00552147 0.0842105
0 0.733129 0.737719 0.00613497 0.0929825
0 0.668405 0.474561 0.00429448 0.0684211
0 0.560276 0.253509 0.00460123 0.0438596
0 0.844939 0.635088 0.00582822 0.077193
0 0.576227 0.588596 0.00460123 0.0789474
0 0.699693 0.616667 0.00552147 0.0859649
0 0.509509 0.615789 0.00552147 0.0842105
0 0.572086 0.533333 0.00552147 0.077193
