0 0.612117 0.303509 0.00398773 0.0526316
0 0.555061 0.214035 0.00337423 0.045614
0 0.524387 0.228947 0.00276074 0.0438596
0 0.57454 0.164912 0.00429448 0.0385965
0 0.309663 0.314035 0.00276074 0.0491228
0 0.613344 0.297368 0.00337423 0.0473684
0 0.605522 0.209649 0.00368098 0.0508772
0 0.750767 0.322807 0.00337423 0.0561404
0 0.61089 0.316667 0.00337423 0.054386
0 0.617025 0.236842 0.00337423 0.0526316
0 0.647699 0.337719 0.00337423 0.054386
0 0.669018 0.434211 0.00490798 0.0649123
0 0.492178 0.240351 0.00276074 0.0491228
0 0.557669 0.268421 0.00306748 0.0491228
0 0.491104 0.407018 0.00368098 0.0631579
0 0.622853 0.242105 0.00337423 0.0561404
0 0.592638 0.264912 0.00368098 0.0491228
0 0.522239 0.304386 0.00460123 0.054386
0 0.569939 0.225439 0.00368098 0.0508772
0 0.544785 0.628947 0.00490798 0.0824561
0 0.669172 0.476316 0.00398773 0.0649123
0 0.525307 0.355263 0.00460123 0.0578947
0 0.615798 0.502632 0.00460123 0.0719298
