0 0.757362 0.312281 0.00368098 0.0526316
0 0.699233 0.370175 0.00398773 0.045614
0 0.68681 0.250877 0.00306748 0.0491228
0 0.528834 0.233333 0.00306748 0.0350877
0 0.611043 0.269298 0.00306748 0.0508772
0 0.659356 0.251754 0.00337423 0.0438596
0 0.62546 0.299123 0.00306748 0.0473684
0 0.48681 0.283333 0.00306748 0.0473684
0 0.658896 0.209649 0.00306748 0.0438596
0 0.66135 0.232456 0.00368098 0.0473684
0 0.56319 0.45 0.00429448 0.0578947
0 0.534663 0.177193 0.00306748 0.045614
0 0.60138 0.471053 0.00460123 0.0649123
0 0.575 0.263158 0.00276074 0.0421053
0 0.604908 0.198246 0.00245399 0.0421053
0 0.557822 0.239474 0.00276074 0.0403509
0 0.674387 0.362281 0.00398773 0.054386
0 0.351534 0.315789 0.00245399 0.0561404
0 0.615184 0.265789 0.00337423 0.0508772
0 0.526687 0.248246 0.00429448 0.0438596
0 0.71411 0.237719 0.00368098 0.0438596
0 0.625307 0.228947 0.00460123 0.0578947
