0 0.631135 0.237719 0.00276074 0.0333333
0 0.651994 0.308772 0.00337423 0.0315789
0 0.544325 0.218421 0.00276074 0.0403509
0 0.71319 0.429825 0.00429448 0.0631579
0 0.646472 0.182456 0.00398773 0.0421053
0 0.324233 0.32193 0.00306748 0.054386
0 0.565798 0.308772 0.00337423 0.045614
0 0.670705 0.316667 0.00337423 0.054386
0 0.71135 0.392982 0.00490798 0.0596491
0 0.603834 0.192105 0.00337423 0.0438596
0 0.507055 0.246491 0.00306748 0.0473684
0 0.611503 0.205263 0.00337423 0.045614
0 0.511656 0.364912 0.00368098 0.0596491
0 0.575307 0.259649 0.00276074 0.045614
0 0.658436 0.233333 0.00337423 0.0526316
0 0.653834 0.500877 0.00460123 0.0684211
0 0.643252 0.209649 0.00368098 0.0403509
0 0.53773 0.351754 0.00429448 0.0578947
0 0.772699 0.328947 0.00429448 0.054386
0 0.630982 0.259649 0.00368098 0.0491228
0 0.600767 0.235088 0.00398773 0.0561404
0 0.557975 0.580702 0.00552147 0.0807018
0 0.691871 0.314912 0.00398773 0.0508772
