0 0.704601 0.17807 0.00306748 0.0368421
0 0.723159 0.259649 0.00337423 0.0491228
0 0.647699 0.182456 0.00214724 0.0280702
0 0.702914 0.192105 0.00337423 0.0403509
0 0.728528 0.259649 0.00245399 0.0421053
0 0.753221 0.357018 0.00398773 0.0649123
0 0.685276 0.300877 0.00306748 0.0473684
0 0.692945 0.275439 0.00306748 0.0491228
0 0.353067 0.327193 0.00306748 0.0649123
0 0.741258 0.350877 0.00398773 0.0596491
0 0.625 0.245614 0.00276074 0.045614
0 0.548466 0.354386 0.00368098 0.0596491
0 0.587883 0.234211 0.00276074 0.0473684
0 0.630521 0.312281 0.00337423 0.0526316
0 0.542638 0.348246 0.00368098 0.0578947
0 0.528067 0.260526 0.00276074 0.0473684
0 0.720399 0.279825 0.00398773 0.054386
0 0.77408 0.323684 0.00460123 0.054386
0 0.738957 0.292105 0.00429448 0.054386
0 0.71181 0.429825 0.00398773 0.0631579
0 0.606595 0.492105 0.00460123 0.0719298
0 0.676074 0.182456 0.00429448 0.0421053
0 0.668252 0.22807 0.00398773 0.0526316
