0 0.611196 0.249123 0.00398773 0.045614
0 0.543865 0.302632 0.00306748 0.0368421
0 0.670399 0.316667 0.00337423 0.054386
0 0.619785 0.174561 0.00337423 0.0403509
0 0.645245 0.305263 0.00398773 0.0526316
0 0.592945 0.205263 0.00368098 0.045614
0 0.621472 0.212281 0.00429448 0.0350877
0 0.532362 0.22193 0.00276074 0.0438596
0 0.766718 0.324561 0.00337423 0.0526316
0 0.501074 0.246491 0.00276074 0.0473684
0 0.610429 0.260526 0.00306748 0.0438596
0 0.318712 0.315789 0.00306748 0.0491228
0 0.613344 0.234211 0.00337423 0.0368421
0 0.565951 0.261404 0.00306748 0.045614
0 0.634816 0.312281 0.00337423 0.0526316
0 0.634969 0.233333 0.00490798 0.0561404
0 0.503681 0.380702 0.00368098 0.0596491
0 0.585736 0.230702 0.00337423 0.0473684
0 0.696779 0.444737 0.00460123 0.0684211
0 0.550767 0.607018 0.00521472 0.0842105
0 0.534049 0.351754 0.00429448 0.0578947
0 0.636503 0.516667 0.00490798 0.0719298
0 0.691564 0.402632 0.00521472 0.0684211
