0 0.704908 0.379825 0.00613497 0.0578947
0 0.572546 0.2 0.00276074 0.0385965
0 0.761503 0.331579 0.00337423 0.0596491
0 0.574233 0.210526 0.00306748 0.0385965
0 0.58865 0.170175 0.00306748 0.0385965
0 0.616104 0.157895 0.00276074 0.045614
0 0.353067 0.316667 0.00245399 0.054386
0 0.66273 0.314912 0.00337423 0.0508772
0 0.703067 0.392105 0.00368098 0.054386
0 0.668405 0.417544 0.00429448 0.0526316
0 0.707055 0.374561 0.00429448 0.0578947
0 0.522239 0.253509 0.00276074 0.0473684
0 0.601994 0.238596 0.00276074 0.045614
0 0.596933 0.183333 0.00306748 0.0403509
0 0.548466 0.342982 0.00368098 0.0614035
0 0.635583 0.185965 0.00306748 0.0385965
0 0.616564 0.251754 0.00368098 0.0473684
0 0.672699 0.341228 0.00429448 0.0614035
0 0.654448 0.245614 0.00337423 0.045614
0 0.536963 0.302632 0.00337423 0.0578947
0 0.622853 0.228947 0.00337423 0.0473684
0 0.682975 0.309649 0.00398773 0.0614035
0 0.648466 0.225439 0.00306748 0.0438596
0 0.622239 0.487719 0.00460123 0.0701754
