0 0.714877 0.196491 0.00398773 0.0385965
0 0.716411 0.204386 0.00337423 0.0438596
0 0.643865 0.182456 0.00245399 0.0315789
0 0.70092 0.290351 0.00306748 0.0508772
0 0.737423 0.259649 0.00245399 0.045614
0 0.668558 0.191228 0.00398773 0.045614
0 0.617485 0.253509 0.00306748 0.0473684
0 0.743712 0.298246 0.00460123 0.0596491
0 0.345706 0.332456 0.00306748 0.0614035
0 0.736503 0.286842 0.00368098 0.0508772
0 0.68589 0.297368 0.00306748 0.0508772
0 0.584049 0.242982 0.00306748 0.0473684
0 0.726534 0.290351 0.00337423 0.054386
0 0.665951 0.235965 0.00368098 0.054386
0 0.548773 0.35614 0.00368098 0.0561404
0 0.624386 0.315789 0.00337423 0.0526316
0 0.527607 0.261404 0.00306748 0.0491228
0 0.752761 0.365789 0.00368098 0.0614035
0 0.542331 0.353509 0.00368098 0.0578947
0 0.602607 0.510526 0.00460123 0.0736842
0 0.76135 0.37193 0.00429448 0.0596491
0 0.712423 0.440351 0.00460123 0.0666667
0 0.773466 0.323684 0.00460123 0.054386
