0 0.583282 0.305263 0.00398773 0.0526316
0 0.581288 0.314035 0.00306748 0.0526316
0 0.733282 0.32807 0.00337423 0.0561404
0 0.478988 0.285965 0.00276074 0.045614
0 0.510736 0.453509 0.00429448 0.0649123
0 0.62454 0.408772 0.00429448 0.0631579
0 0.605982 0.324561 0.00337423 0.0561404
0 0.511503 0.319298 0.00337423 0.0561404
0 0.484663 0.436842 0.00429448 0.0666667
0 0.495399 0.263158 0.00368098 0.0526316
0 0.57408 0.22807 0.00276074 0.045614
0 0.52316 0.175439 0.00337423 0.0385965
0 0.459969 0.232456 0.00276074 0.0473684
0 0.519478 0.337719 0.00398773 0.0578947
0 0.427301 0.431579 0.00429448 0.0631579
0 0.570092 0.402632 0.00398773 0.0614035
0 0.53589 0.27193 0.00306748 0.0491228
0 0.471779 0.676316 0.00490798 0.0894737
0 0.290184 0.336842 0.00306748 0.0701754
0 0.602301 0.42193 0.00398773 0.0649123
0 0.552914 0.567544 0.00521472 0.0789474
0 0.622393 0.483333 0.00490798 0.0719298
0 0.611196 0.527193 0.00460123 0.0719298
