0 0.697239 0.188596 0.00490798 0.0473684
0 0.62454 0.181579 0.00245399 0.0298246
0 0.696166 0.202632 0.00460123 0.0508772
0 0.720399 0.331579 0.00398773 0.0631579
0 0.663804 0.272807 0.00306748 0.0403509
0 0.71227 0.246491 0.00245399 0.0508772
0 0.596779 0.252632 0.00276074 0.045614
0 0.567945 0.233333 0.00276074 0.0491228
0 0.69862 0.309649 0.00398773 0.0614035
0 0.603221 0.313158 0.00337423 0.0508772
0 0.674387 0.279825 0.00337423 0.0508772
0 0.518098 0.252632 0.00306748 0.0491228
0 0.68819 0.462281 0.00460123 0.0684211
0 0.746319 0.398246 0.00368098 0.0596491
0 0.734356 0.333333 0.00368098 0.0561404
0 0.528067 0.357018 0.00337423 0.0578947
0 0.333896 0.327193 0.00337423 0.0614035
0 0.545552 0.353509 0.00398773 0.0508772
0 0.583282 0.542982 0.00460123 0.0754386
0 0.773926 0.324561 0.00429448 0.0526316
0 0.641718 0.196491 0.00368098 0.0491228
0 0.750767 0.381579 0.00398773 0.0578947
0 0.635583 0.235088 0.00429448 0.0561404
