0 0.677454 0.22807 0.00276074 0.0421053
0 0.594939 0.196491 0.00214724 0.0385965
0 0.71181 0.268421 0.00521472 0.0175439
0 0.635123 0.230702 0.00276074 0.0473684
0 0.746012 0.273684 0.00306748 0.0561404
0 0.73589 0.240351 0.00552147 0.0491228
0 0.525613 0.261404 0.00337423 0.0491228
0 0.667638 0.302632 0.00276074 0.054386
0 0.53819 0.341228 0.00337423 0.0578947
0 0.671779 0.242105 0.00490798 0.0491228
0 0.697393 0.240351 0.00337423 0.0385965
0 0.364724 0.320175 0.00306748 0.0649123
0 0.650307 0.291228 0.00306748 0.0526316
0 0.595552 0.257895 0.00276074 0.045614
0 0.733589 0.358772 0.00276074 0.0614035
0 0.610276 0.182456 0.00276074 0.0350877
0 0.529755 0.290351 0.00368098 0.054386
0 0.704141 0.259649 0.00337423 0.045614
0 0.656135 0.266667 0.00429448 0.0491228
0 0.716104 0.303509 0.00460123 0.0561404
0 0.706902 0.457895 0.00460123 0.0666667
0 0.633742 0.459649 0.00429448 0.0666667
0 0.754448 0.349123 0.00460123 0.0526316
