0 0.675153 0.320175 0.00613497 0.0614035
0 0.659663 0.235965 0.00337423 0.0438596
0 0.657975 0.231579 0.00306748 0.045614
0 0.608742 0.177193 0.00276074 0.0350877
0 0.62638 0.159649 0.00306748 0.045614
0 0.635123 0.228947 0.00337423 0.0473684
0 0.542178 0.336842 0.00337423 0.0526316
0 0.526687 0.25614 0.00245399 0.0421053
0 0.565337 0.204386 0.00245399 0.0368421
0 0.540644 0.310526 0.00337423 0.0561404
0 0.67408 0.335965 0.00337423 0.0578947
0 0.359356 0.315789 0.00214724 0.0561404
0 0.613037 0.25 0.00276074 0.0438596
0 0.71135 0.385088 0.00368098 0.0578947
0 0.616564 0.181579 0.00306748 0.0403509
0 0.63681 0.254386 0.00429448 0.0526316
0 0.764417 0.323684 0.00368098 0.0614035
0 0.684509 0.414035 0.00398773 0.0596491
0 0.644632 0.182456 0.00337423 0.0385965
0 0.697699 0.304386 0.00460123 0.0508772
0 0.590798 0.211404 0.00368098 0.0473684
0 0.677761 0.30614 0.00460123 0.054386
0 0.622699 0.47807 0.00429448 0.0649123
0 0.715644 0.369298 0.00429448 0.054386
