0 0.707822 0.180702 0.00337423 0.0350877
0 0.733742 0.257018 0.00245399 0.0403509
0 0.69908 0.287719 0.00306748 0.0491228
0 0.646012 0.179825 0.00245399 0.0298246
0 0.621319 0.252632 0.00276074 0.045614
0 0.731748 0.276316 0.00337423 0.0473684
0 0.710123 0.194737 0.00368098 0.0421053
0 0.58635 0.237719 0.00276074 0.0438596
0 0.747853 0.358772 0.00368098 0.0684211
0 0.685583 0.299123 0.00306748 0.0508772
0 0.349233 0.328947 0.00276074 0.0578947
0 0.54862 0.35614 0.00337423 0.0596491
0 0.741564 0.294737 0.00460123 0.0561404
0 0.627454 0.313158 0.00337423 0.0508772
0 0.674233 0.189474 0.00429448 0.0421053
0 0.724693 0.285088 0.00337423 0.054386
0 0.528067 0.260526 0.00276074 0.0473684
0 0.668405 0.230702 0.00368098 0.0508772
0 0.759356 0.367544 0.00460123 0.0649123
0 0.543252 0.351754 0.00368098 0.0578947
0 0.604755 0.500877 0.00460123 0.0684211
0 0.712883 0.437719 0.00429448 0.0684211
0 0.773466 0.325439 0.00460123 0.054386
