0 0.563037 0.165789 0.00337423 0.0403509
0 0.744172 0.316667 0.00368098 0.054386
0 0.541258 0.214035 0.00276074 0.0421053
0 0.56089 0.27193 0.00337423 0.0491228
0 0.56227 0.237719 0.00306748 0.0473684
0 0.643252 0.34386 0.00368098 0.0596491
0 0.517638 0.219298 0.00276074 0.045614
0 0.305521 0.307895 0.00306748 0.0508772
0 0.605828 0.292982 0.00368098 0.0526316
0 0.60138 0.329825 0.00337423 0.0561404
0 0.627454 0.259649 0.00337423 0.0526316
0 0.486963 0.230702 0.00276074 0.0438596
0 0.519172 0.365789 0.00398773 0.0578947
0 0.482669 0.397368 0.00398773 0.0614035
0 0.588497 0.25614 0.00398773 0.0526316
0 0.521626 0.317544 0.00337423 0.0491228
0 0.661656 0.484211 0.00429448 0.0666667
0 0.632822 0.265789 0.00368098 0.0578947
0 0.535123 0.624561 0.00582822 0.0842105
0 0.663344 0.435088 0.00521472 0.0701754
0 0.586196 0.189474 0.00368098 0.045614
0 0.603834 0.492105 0.00460123 0.0719298
0 0.552147 0.20614 0.00429448 0.0438596
