0 0.599693 0.342982 0.00368098 0.054386
0 0.557822 0.220175 0.00337423 0.0473684
0 0.753834 0.32193 0.00337423 0.054386
0 0.508896 0.217544 0.00245399 0.0421053
0 0.535429 0.170175 0.00337423 0.0421053
0 0.558742 0.17807 0.00337423 0.0403509
0 0.651227 0.342105 0.00368098 0.0561404
0 0.480061 0.216667 0.00245399 0.0438596
0 0.506288 0.387719 0.00398773 0.0666667
0 0.465031 0.397368 0.00368098 0.0614035
0 0.63635 0.319298 0.00337423 0.0561404
0 0.6 0.292105 0.00429448 0.054386
0 0.646166 0.276316 0.00337423 0.0508772
0 0.564264 0.190351 0.00337423 0.0438596
0 0.52638 0.381579 0.00368098 0.054386
0 0.553528 0.245614 0.00337423 0.0561404
0 0.300767 0.305263 0.00276074 0.0526316
0 0.584816 0.233333 0.00398773 0.0526316
0 0.66365 0.50614 0.00460123 0.0684211
0 0.565798 0.264912 0.00337423 0.045614
0 0.516104 0.630702 0.00582822 0.0824561
0 0.66089 0.44386 0.00521472 0.077193
0 0.586963 0.509649 0.00460123 0.0719298
