0 0.540337 0.219298 0.00276074 0.0385965
0 0.62638 0.235088 0.00306748 0.0350877
0 0.639571 0.183333 0.00368098 0.0403509
0 0.771319 0.32807 0.00398773 0.0561404
0 0.636963 0.213158 0.00337423 0.0403509
0 0.647393 0.309649 0.00337423 0.0508772
0 0.559816 0.305263 0.00306748 0.0421053
0 0.505061 0.247368 0.00276074 0.0491228
0 0.606748 0.205263 0.00306748 0.045614
0 0.624693 0.257895 0.00337423 0.0491228
0 0.704601 0.395614 0.00490798 0.0614035
0 0.600767 0.195614 0.00337423 0.0438596
0 0.66365 0.311404 0.00337423 0.0508772
0 0.322546 0.318421 0.00276074 0.0508772
0 0.651534 0.232456 0.00368098 0.0508772
0 0.572393 0.259649 0.00306748 0.045614
0 0.508896 0.368421 0.00368098 0.0596491
0 0.68635 0.312281 0.00398773 0.0526316
0 0.709049 0.434211 0.00460123 0.0649123
0 0.648313 0.507895 0.00460123 0.0719298
0 0.596166 0.232456 0.00398773 0.054386
0 0.555061 0.588596 0.00521472 0.0789474
0 0.536503 0.350877 0.00429448 0.0596491
