0 0.712117 0.190351 0.00398773 0.0403509
0 0.632975 0.180702 0.00214724 0.0280702
0 0.732822 0.310526 0.00368098 0.0526316
0 0.674847 0.281579 0.00306748 0.0438596
0 0.688804 0.291228 0.00337423 0.0491228
0 0.711503 0.20614 0.00398773 0.0438596
0 0.575307 0.239474 0.00276074 0.0473684
0 0.731442 0.263158 0.00276074 0.0491228
0 0.743558 0.321053 0.00368098 0.0526316
0 0.547546 0.355263 0.00368098 0.054386
0 0.534663 0.357895 0.00368098 0.0561404
0 0.605061 0.251754 0.00276074 0.0473684
0 0.61411 0.313158 0.00306748 0.0508772
0 0.759969 0.37807 0.00398773 0.0578947
0 0.521626 0.257018 0.00276074 0.0473684
0 0.753988 0.385965 0.00368098 0.0596491
0 0.652301 0.194737 0.00398773 0.0491228
0 0.714417 0.30614 0.00429448 0.0614035
0 0.699386 0.45 0.00429448 0.0684211
0 0.33773 0.328947 0.00368098 0.0578947
0 0.591871 0.529825 0.00460123 0.0701754
0 0.773466 0.323684 0.00460123 0.0508772
0 0.648773 0.235088 0.00429448 0.0561404
