0 0.701841 0.25 0.00368098 0.0473684
0 0.599233 0.265789 0.00276074 0.0298246
0 0.499693 0.3 0.00306748 0.0526316
0 0.642945 0.303509 0.00306748 0.045614
0 0.506442 0.245614 0.00306748 0.0421053
0 0.699693 0.251754 0.00368098 0.054386
0 0.760123 0.311404 0.00368098 0.0614035
0 0.675153 0.213158 0.00368098 0.0473684
0 0.674233 0.249123 0.00368098 0.045614
0 0.670552 0.229825 0.00306748 0.045614
0 0.575 0.240351 0.00276074 0.0421053
0 0.693098 0.351754 0.00337423 0.0508772
0 0.356595 0.319298 0.00276074 0.0631579
0 0.627147 0.265789 0.00276074 0.0473684
0 0.507669 0.265789 0.00368098 0.0438596
0 0.558282 0.17193 0.00306748 0.045614
0 0.607822 0.196491 0.00276074 0.0421053
0 0.590951 0.468421 0.00460123 0.0666667
0 0.639724 0.22807 0.00398773 0.0491228
0 0.635429 0.494737 0.00460123 0.0701754
0 0.638344 0.257018 0.00306748 0.0473684
0 0.719479 0.37193 0.00398773 0.0596491
0 0.712883 0.227193 0.00368098 0.0473684
