0 0.51135 0.214912 0.00245399 0.0403509
0 0.747239 0.316667 0.00368098 0.054386
0 0.565031 0.276316 0.00306748 0.0508772
0 0.550767 0.169298 0.00337423 0.0403509
0 0.639877 0.275439 0.00368098 0.0526316
0 0.303067 0.303509 0.00306748 0.0526316
0 0.545092 0.208772 0.00245399 0.0421053
0 0.634356 0.288596 0.00306748 0.0473684
0 0.483589 0.224561 0.00276074 0.045614
0 0.522853 0.342105 0.00337423 0.0526316
0 0.474387 0.39386 0.00398773 0.0614035
0 0.643252 0.342982 0.00368098 0.0578947
0 0.560276 0.19386 0.00337423 0.0438596
0 0.597546 0.339474 0.00368098 0.0578947
0 0.559509 0.242982 0.00306748 0.0508772
0 0.569172 0.184211 0.00337423 0.0421053
0 0.664571 0.491228 0.00460123 0.0666667
0 0.584202 0.242982 0.00398773 0.054386
0 0.524847 0.621053 0.00552147 0.0842105
0 0.51365 0.376316 0.00398773 0.0719298
0 0.660736 0.442982 0.00490798 0.0754386
0 0.594018 0.492982 0.00460123 0.0701754
0 0.60138 0.290351 0.00521472 0.0578947
