0 0.754141 0.321053 0.00337423 0.0526316
0 0.599847 0.342105 0.00337423 0.0526316
0 0.534049 0.171053 0.00368098 0.0438596
0 0.559663 0.222807 0.00337423 0.045614
0 0.509509 0.220175 0.00245399 0.0403509
0 0.558589 0.177193 0.00306748 0.0385965
0 0.652147 0.341228 0.00368098 0.0578947
0 0.479141 0.215789 0.00245399 0.0421053
0 0.505215 0.390351 0.00429448 0.0684211
0 0.563037 0.199123 0.00337423 0.0438596
0 0.635429 0.322807 0.00337423 0.0526316
0 0.600613 0.29386 0.00429448 0.054386
0 0.3 0.304386 0.00306748 0.054386
0 0.552454 0.246491 0.00306748 0.054386
0 0.646166 0.277193 0.00337423 0.0491228
0 0.46365 0.398246 0.00398773 0.0631579
0 0.526534 0.388597 0.00398773 0.0578947
0 0.565644 0.263158 0.00368098 0.045614
0 0.585583 0.236842 0.00368098 0.0526316
0 0.66273 0.507018 0.00460123 0.0666667
0 0.514571 0.630702 0.00582822 0.0859649
0 0.58589 0.510526 0.00490798 0.0736842
0 0.660583 0.44386 0.00521472 0.077193
