0 0.752761 0.321053 0.00368098 0.0561404
0 0.508589 0.214035 0.00245399 0.0385965
0 0.552301 0.214912 0.00337423 0.0473684
0 0.600307 0.32807 0.00429448 0.0491228
0 0.540491 0.171053 0.00429448 0.0473684
0 0.481135 0.220175 0.00276074 0.0473684
0 0.649387 0.341228 0.00368098 0.0578947
0 0.560736 0.17807 0.00306748 0.0403509
0 0.63727 0.307895 0.00337423 0.0473684
0 0.301687 0.303509 0.00276074 0.0526316
0 0.468865 0.392982 0.00398773 0.0631579
0 0.566258 0.266667 0.00306748 0.0491228
0 0.565951 0.192105 0.00368098 0.0403509
0 0.644325 0.274561 0.00337423 0.0508772
0 0.52546 0.364912 0.00368098 0.0561404
0 0.665337 0.500877 0.00490798 0.0719298
0 0.509356 0.381579 0.00398773 0.0684211
0 0.555675 0.242982 0.00337423 0.054386
0 0.599847 0.291228 0.00460123 0.0526316
0 0.519785 0.624561 0.00521472 0.0842105
0 0.66089 0.442982 0.00521472 0.0754386
0 0.583282 0.235088 0.00398773 0.0526316
0 0.589724 0.504386 0.00460123 0.0719298
