0 0.608742 0.207018 0.00337423 0.045614
0 0.767791 0.325439 0.00306748 0.0508772
0 0.610276 0.171053 0.00337423 0.0438596
0 0.625 0.200877 0.00276074 0.0333333
0 0.640644 0.259649 0.00276074 0.0491228
0 0.571472 0.172807 0.00245399 0.0333333
0 0.576994 0.187719 0.00245399 0.0385965
0 0.68635 0.389474 0.00398773 0.0596491
0 0.59954 0.208772 0.00337423 0.0421053
0 0.67454 0.34386 0.00368098 0.0596491
0 0.585429 0.233333 0.00276074 0.045614
0 0.608589 0.227193 0.00368098 0.054386
0 0.643558 0.235965 0.00368098 0.0508772
0 0.648773 0.321053 0.00306748 0.0526316
0 0.35092 0.311404 0.00245399 0.0508772
0 0.669018 0.296491 0.00306748 0.0526316
0 0.594479 0.218421 0.00368098 0.0438596
0 0.549233 0.335965 0.00337423 0.054386
0 0.644785 0.435088 0.00429448 0.0666667
0 0.531595 0.292982 0.00429448 0.0561404
0 0.698006 0.383333 0.00460123 0.0684211
0 0.611963 0.481579 0.00429448 0.0684211
0 0.516718 0.252632 0.00276074 0.0491228
