0 0.727914 0.264912 0.00306748 0.045614
0 0.730061 0.258772 0.00245399 0.0438596
0 0.647239 0.181579 0.00245399 0.0263158
0 0.726534 0.265789 0.00337423 0.0473684
0 0.685429 0.3 0.00337423 0.0491228
0 0.62408 0.248246 0.00276074 0.0473684
0 0.587577 0.233333 0.00276074 0.045614
0 0.743865 0.354386 0.00368098 0.0596491
0 0.756135 0.364912 0.00429448 0.0666667
0 0.695706 0.280702 0.00306748 0.0491228
0 0.704908 0.192105 0.00306748 0.0403509
0 0.351534 0.327193 0.00306748 0.0649123
0 0.548466 0.354386 0.00368098 0.0596491
0 0.739571 0.29386 0.00429448 0.054386
0 0.629601 0.312281 0.00337423 0.0526316
0 0.722239 0.280702 0.00398773 0.0561404
0 0.543405 0.35 0.00337423 0.0578947
0 0.528067 0.260526 0.00276074 0.0473684
0 0.676534 0.189474 0.00398773 0.0421053
0 0.711963 0.431579 0.00429448 0.0666667
0 0.605982 0.495614 0.00460123 0.0719298
0 0.773773 0.325439 0.00460123 0.054386
0 0.668712 0.228947 0.00368098 0.0508772
