0 0.585123 0.2 0.00337423 0.0385965
0 0.631748 0.204386 0.00276074 0.0403509
0 0.58681 0.216667 0.00368098 0.0473684
0 0.654141 0.235088 0.00337423 0.045614
0 0.482055 0.260526 0.00276074 0.0473684
0 0.666564 0.37193 0.00368098 0.0561404
0 0.754294 0.323684 0.00368098 0.0578947
0 0.63819 0.257018 0.00276074 0.0438596
0 0.563957 0.259649 0.00276074 0.045614
0 0.643252 0.371053 0.00368098 0.054386
0 0.588344 0.272807 0.00306748 0.0508772
0 0.60184 0.292982 0.00306748 0.0491228
0 0.552914 0.227193 0.00276074 0.0438596
0 0.52362 0.426316 0.00429448 0.0596491
0 0.531595 0.208772 0.00306748 0.0421053
0 0.506748 0.171053 0.00245399 0.0438596
0 0.658129 0.245614 0.00398773 0.0491228
0 0.35092 0.305263 0.00368098 0.0631579
0 0.557669 0.457018 0.00429448 0.0684211
0 0.644939 0.223684 0.00337423 0.0473684
0 0.527761 0.239474 0.00521472 0.0473684
0 0.69908 0.251754 0.00368098 0.0438596
0 0.582055 0.275439 0.00398773 0.0596491
