0 0.635123 0.182456 0.00214724 0.0280702
0 0.73589 0.307895 0.00306748 0.054386
0 0.677607 0.284211 0.00306748 0.045614
0 0.577301 0.239474 0.00306748 0.0473684
0 0.734816 0.262281 0.00276074 0.0473684
0 0.692025 0.292982 0.00306748 0.0526316
0 0.607515 0.255263 0.00276074 0.0473684
0 0.744632 0.314035 0.00398773 0.0526316
0 0.548313 0.35614 0.00337423 0.0561404
0 0.714724 0.207018 0.00429448 0.045614
0 0.755368 0.383333 0.00337423 0.0578947
0 0.616718 0.317544 0.00337423 0.0526316
0 0.522853 0.257895 0.00276074 0.0491228
0 0.718098 0.300877 0.00429448 0.0578947
0 0.655215 0.19386 0.00429448 0.0473684
0 0.702761 0.449123 0.00429448 0.0666667
0 0.594785 0.526316 0.00490798 0.0736842
0 0.33865 0.329825 0.00368098 0.0596491
0 0.760736 0.376316 0.00368098 0.054386
0 0.53681 0.358772 0.00368098 0.0578947
0 0.773313 0.324561 0.00429448 0.0526316
0 0.652607 0.237719 0.00398773 0.054386
