0 0.624693 0.192982 0.00276074 0.0350877
0 0.588037 0.22807 0.00306748 0.0421053
0 0.606595 0.164035 0.00337423 0.0473684
0 0.58773 0.208772 0.00368098 0.045614
0 0.582669 0.214035 0.00337423 0.0421053
0 0.59908 0.227193 0.00306748 0.0438596
0 0.57592 0.188596 0.00276074 0.0403509
0 0.572239 0.167544 0.00276074 0.0368421
0 0.610123 0.228947 0.00306748 0.0508772
0 0.761196 0.324561 0.00337423 0.0561404
0 0.648313 0.25614 0.00276074 0.0491228
0 0.638037 0.236842 0.00429448 0.0561404
0 0.350614 0.311404 0.00245399 0.054386
0 0.549233 0.337719 0.00337423 0.0578947
0 0.672086 0.344737 0.00490798 0.0684211
0 0.691871 0.39386 0.00398773 0.0578947
0 0.516718 0.251754 0.00276074 0.0508772
0 0.614571 0.489474 0.00460123 0.0701754
0 0.650767 0.322807 0.00337423 0.0526316
0 0.669172 0.30614 0.00398773 0.0649123
0 0.646012 0.42193 0.00429448 0.0649123
0 0.698006 0.385088 0.00460123 0.0649123
0 0.532975 0.294737 0.00460123 0.0526316
