0 0.652454 0.226316 0.00368098 0.0421053
0 0.651534 0.220175 0.00306748 0.0368421
0 0.639877 0.192105 0.00368098 0.0438596
0 0.352454 0.313158 0.00245399 0.0508772
0 0.653834 0.237719 0.00337423 0.0403509
0 0.63911 0.279825 0.00337423 0.0508772
0 0.618712 0.211404 0.00368098 0.0438596
0 0.688497 0.297368 0.00337423 0.054386
0 0.625 0.241228 0.00337423 0.0473684
0 0.594018 0.182456 0.00276074 0.0421053
0 0.619018 0.235088 0.00368098 0.0526316
0 0.686963 0.385965 0.00398773 0.0596491
0 0.578374 0.180702 0.00276074 0.0385965
0 0.521012 0.254386 0.00276074 0.0491228
0 0.693098 0.335965 0.00337423 0.054386
0 0.658436 0.308772 0.00337423 0.0561404
0 0.775613 0.335088 0.00398773 0.045614
0 0.588497 0.242982 0.00276074 0.0403509
0 0.664724 0.442105 0.00429448 0.0666667
0 0.618712 0.468421 0.00429448 0.0701754
0 0.549387 0.336842 0.00306748 0.0561404
0 0.662883 0.242982 0.00429448 0.0508772
0 0.529601 0.291228 0.00337423 0.0526316
0 0.709509 0.374561 0.00490798 0.0649123
