0 0.666564 0.163158 0.00306748 0.0421053
0 0.588804 0.209649 0.00276074 0.0403509
0 0.674233 0.175439 0.00306748 0.0385965
0 0.687883 0.235965 0.00276074 0.0473684
0 0.653067 0.179825 0.00306748 0.0368421
0 0.679294 0.312281 0.00460123 0.0596491
0 0.676074 0.261404 0.00368098 0.0561404
0 0.662883 0.183333 0.00368098 0.0403509
0 0.367638 0.317544 0.00337423 0.0701754
0 0.542178 0.340351 0.00337423 0.0596491
0 0.635583 0.304386 0.00306748 0.0508772
0 0.737117 0.357895 0.00368098 0.0561404
0 0.707515 0.413158 0.00398773 0.0614035
0 0.696472 0.236842 0.00276074 0.045614
0 0.730061 0.370175 0.00368098 0.0596491
0 0.710736 0.295614 0.00429448 0.054386
0 0.547853 0.336842 0.00368098 0.0596491
0 0.77546 0.32193 0.00429448 0.0578947
0 0.528374 0.260526 0.00276074 0.0473684
0 0.619325 0.465789 0.00429448 0.0684211
0 0.626687 0.217544 0.00306748 0.0491228
0 0.732209 0.307895 0.00552147 0.0684211
0 0.66089 0.228947 0.00398773 0.054386
