0 0.563037 0.271053 0.00337423 0.0508772
0 0.558129 0.170175 0.00337423 0.0385965
0 0.515184 0.218421 0.00276074 0.0438596
0 0.561656 0.238596 0.00306748 0.0491228
0 0.744632 0.314912 0.00337423 0.054386
0 0.540951 0.214035 0.00276074 0.0385965
0 0.599233 0.336842 0.00337423 0.0561404
0 0.516718 0.371053 0.00398773 0.0649123
0 0.630061 0.274561 0.00306748 0.0508772
0 0.634663 0.275439 0.00368098 0.0561404
0 0.485429 0.228947 0.00276074 0.0473684
0 0.642331 0.344737 0.00368098 0.0578947
0 0.521933 0.325439 0.00337423 0.0508772
0 0.479141 0.395614 0.00368098 0.0614035
0 0.304908 0.305263 0.00306748 0.0526316
0 0.585276 0.254386 0.00368098 0.0526316
0 0.603988 0.290351 0.00552147 0.0614035
0 0.662117 0.485965 0.00398773 0.0631579
0 0.59954 0.490351 0.00460123 0.0719298
0 0.530521 0.618421 0.00521472 0.0824561
0 0.66089 0.437719 0.00460123 0.0684211
0 0.578834 0.188596 0.00368098 0.0438596
0 0.555521 0.197368 0.00368098 0.0438596
