0 0.637577 0.310526 0.00337423 0.0315789
0 0.596472 0.197368 0.00337423 0.0438596
0 0.62638 0.17807 0.00429448 0.0403509
0 0.535583 0.217544 0.00245399 0.0385965
0 0.598006 0.209649 0.00337423 0.0438596
0 0.768558 0.325439 0.00337423 0.054386
0 0.626687 0.214035 0.00429448 0.0385965
0 0.549693 0.304386 0.00306748 0.0403509
0 0.614571 0.258772 0.00337423 0.0438596
0 0.651841 0.308772 0.00368098 0.0561404
0 0.502301 0.246491 0.00276074 0.0473684
0 0.320399 0.317544 0.00276074 0.0491228
0 0.568558 0.259649 0.00276074 0.045614
0 0.618405 0.236842 0.00306748 0.0385965
0 0.677147 0.309649 0.00337423 0.0508772
0 0.505215 0.376316 0.00368098 0.0614035
0 0.589264 0.231579 0.00368098 0.0491228
0 0.640644 0.232456 0.00460123 0.0578947
0 0.701687 0.440351 0.00460123 0.0701754
0 0.696166 0.399123 0.00460123 0.0614035
0 0.641411 0.513158 0.00490798 0.0719298
0 0.534663 0.350877 0.00429448 0.0596491
0 0.551687 0.601754 0.00521472 0.0807018
