0 0.694785 0.185088 0.00429448 0.0473684
0 0.623313 0.182456 0.00245399 0.0315789
0 0.692485 0.202632 0.00460123 0.0508772
0 0.671472 0.276316 0.00368098 0.0473684
0 0.66135 0.269298 0.00306748 0.0403509
0 0.717331 0.334211 0.00398773 0.0649123
0 0.708742 0.251754 0.00276074 0.054386
0 0.695706 0.307018 0.00368098 0.0596491
0 0.744172 0.401754 0.00368098 0.0596491
0 0.594939 0.252632 0.00276074 0.0491228
0 0.566411 0.233333 0.00276074 0.045614
0 0.601074 0.314035 0.00337423 0.0491228
0 0.686503 0.468421 0.00429448 0.0701754
0 0.517485 0.252632 0.00306748 0.0491228
0 0.639571 0.195614 0.00368098 0.0473684
0 0.526994 0.358772 0.00368098 0.0578947
0 0.731595 0.332456 0.00368098 0.054386
0 0.333129 0.326316 0.00368098 0.0596491
0 0.545245 0.352632 0.00398773 0.0526316
0 0.74862 0.384211 0.00337423 0.0561404
0 0.581288 0.544737 0.00490798 0.0719298
0 0.774233 0.327193 0.00429448 0.054386
0 0.633282 0.235965 0.00398773 0.054386
