0 0.799387 0.788597 0.00674847 0.0964912
0 0.294479 0.384211 0.00306748 0.0526316
0 0.517945 0.257895 0.00276074 0.045614
0 0.603374 0.74386 0.00613497 0.0947368
0 0.771472 0.380702 0.00368098 0.0596491
0 0.719018 0.414035 0.00429448 0.0666667
0 0.650613 0.477193 0.00429448 0.0631579
0 0.597086 0.724561 0.00521472 0.0912281
0 0.613344 0.292105 0.00337423 0.0508772
0 0.650307 0.279825 0.00306748 0.0508772
0 0.594632 0.425439 0.00398773 0.0649123
0 0.577607 0.455263 0.00429448 0.0649123
0 0.769939 0.616667 0.00552147 0.0789474
0 0.502301 0.62193 0.00582822 0.0859649
0 0.496472 0.421053 0.00398773 0.0631579
0 0.669018 0.477193 0.00429448 0.0701754
0 0.727301 0.719298 0.00613497 0.0877193
0 0.557515 0.253509 0.00460123 0.0438596
0 0.508436 0.616667 0.00521472 0.0824561
0 0.578067 0.586842 0.00460123 0.0859649
0 0.701687 0.62193 0.00582822 0.0859649
0 0.847393 0.631579 0.00582822 0.0807018
0 0.571319 0.533333 0.00582822 0.0842105
