0 0.758742 0.308772 0.00337423 0.0491228
0 0.757209 0.311404 0.00337423 0.0508772
0 0.526841 0.234211 0.00337423 0.0368421
0 0.676074 0.362281 0.00368098 0.054386
0 0.627301 0.299123 0.00306748 0.0403509
0 0.659969 0.252632 0.00337423 0.045614
0 0.687883 0.249123 0.00337423 0.0526316
0 0.660276 0.207895 0.00337423 0.0438596
0 0.612117 0.268421 0.00337423 0.0491228
0 0.66181 0.230702 0.00337423 0.0473684
0 0.487423 0.283333 0.00306748 0.0473684
0 0.700307 0.370175 0.00368098 0.0491228
0 0.525613 0.247368 0.00398773 0.0421053
0 0.605215 0.197368 0.00245399 0.0403509
0 0.57592 0.261404 0.00276074 0.0421053
0 0.351994 0.316667 0.00276074 0.0578947
0 0.558589 0.238596 0.00306748 0.0421053
0 0.565337 0.453509 0.00429448 0.0614035
0 0.603988 0.472807 0.00429448 0.0614035
0 0.536503 0.178947 0.00306748 0.045614
0 0.71411 0.235088 0.00368098 0.045614
0 0.616718 0.265789 0.00337423 0.0508772
0 0.626227 0.22807 0.00460123 0.0561404
