0 0.665031 0.237719 0.00306748 0.0438596
0 0.666258 0.242105 0.00368098 0.045614
0 0.645859 0.195614 0.00276074 0.0403509
0 0.352914 0.314912 0.00337423 0.054386
0 0.695399 0.296491 0.00306748 0.0491228
0 0.660429 0.225439 0.00245399 0.0403509
0 0.622699 0.214035 0.00368098 0.0421053
0 0.667945 0.242982 0.00398773 0.0473684
0 0.641104 0.282456 0.00306748 0.0491228
0 0.77546 0.334211 0.00429448 0.0473684
0 0.62316 0.236842 0.00337423 0.045614
0 0.522546 0.254386 0.00276074 0.045614
0 0.660276 0.305263 0.00337423 0.0526316
0 0.597239 0.183333 0.00306748 0.0438596
0 0.697393 0.336842 0.00398773 0.0526316
0 0.579908 0.183333 0.00276074 0.0368421
0 0.589724 0.246491 0.00276074 0.0438596
0 0.632055 0.246491 0.00337423 0.0438596
0 0.669785 0.444737 0.00460123 0.0649123
0 0.621012 0.467544 0.00460123 0.0684211
0 0.692945 0.383333 0.00429448 0.0649123
0 0.548926 0.336842 0.00337423 0.0526316
0 0.529601 0.291228 0.00337423 0.0526316
0 0.713344 0.370175 0.00521472 0.0666667
