0 0.674847 0.163158 0.00306748 0.0421053
0 0.679294 0.171053 0.00276074 0.0403509
0 0.589264 0.214035 0.00245399 0.0421053
0 0.694325 0.236842 0.00276074 0.045614
0 0.657669 0.176316 0.00306748 0.0368421
0 0.366718 0.320175 0.00276074 0.0649123
0 0.542178 0.338596 0.00337423 0.0596491
0 0.737883 0.310526 0.00460123 0.0631579
0 0.635583 0.307018 0.00306748 0.0526316
0 0.709049 0.414035 0.00398773 0.0631579
0 0.681595 0.310526 0.00490798 0.0561404
0 0.704448 0.239474 0.00276074 0.0508772
0 0.680828 0.261404 0.00398773 0.0561404
0 0.670092 0.182456 0.00398773 0.0421053
0 0.730675 0.364035 0.00368098 0.0578947
0 0.736503 0.354386 0.00368098 0.0596491
0 0.548159 0.337719 0.00368098 0.0578947
0 0.629601 0.223684 0.00276074 0.0473684
0 0.617331 0.466667 0.00460123 0.0666667
0 0.528374 0.260526 0.00276074 0.0473684
0 0.71227 0.289474 0.00429448 0.0561404
0 0.775153 0.32193 0.00429448 0.0578947
0 0.663804 0.228947 0.00368098 0.0508772
