0 0.754141 0.319298 0.00337423 0.0526316
0 0.599847 0.342105 0.00337423 0.0526316
0 0.533589 0.171053 0.00337423 0.0438596
0 0.509509 0.221053 0.00245399 0.0421053
0 0.559969 0.222807 0.00337423 0.045614
0 0.558589 0.177193 0.00306748 0.0385965
0 0.652147 0.341228 0.00368098 0.0578947
0 0.504908 0.389474 0.00429448 0.0666667
0 0.479141 0.215789 0.00245399 0.0421053
0 0.56273 0.199123 0.00337423 0.0438596
0 0.634969 0.322807 0.00368098 0.0526316
0 0.463344 0.4 0.00398773 0.0631579
0 0.600767 0.29386 0.00398773 0.054386
0 0.299847 0.304386 0.00276074 0.054386
0 0.646166 0.277193 0.00337423 0.0491228
0 0.552147 0.247368 0.00306748 0.0526316
0 0.526534 0.390351 0.00398773 0.0578947
0 0.58589 0.237719 0.00368098 0.0508772
0 0.565491 0.263158 0.00337423 0.045614
0 0.662423 0.508772 0.00460123 0.0666667
0 0.51411 0.630702 0.00552147 0.0824561
0 0.585583 0.510526 0.00490798 0.0736842
0 0.660583 0.44386 0.00521472 0.077193
