0 0.752454 0.32193 0.00368098 0.054386
0 0.508589 0.213158 0.00245399 0.0403509
0 0.55138 0.211404 0.00337423 0.0473684
0 0.541104 0.170175 0.00429448 0.045614
0 0.6 0.329825 0.00429448 0.0526316
0 0.481442 0.22193 0.00276074 0.0473684
0 0.649233 0.340351 0.00337423 0.0561404
0 0.469325 0.391228 0.00368098 0.0596491
0 0.301687 0.303509 0.00276074 0.0526316
0 0.56135 0.178947 0.00306748 0.0385965
0 0.637117 0.307895 0.00306748 0.0473684
0 0.566258 0.264912 0.00306748 0.0491228
0 0.565798 0.192105 0.00337423 0.0403509
0 0.644325 0.275439 0.00337423 0.0526316
0 0.525153 0.362281 0.00368098 0.054386
0 0.509663 0.381579 0.00398773 0.0684211
0 0.665337 0.5 0.00490798 0.0736842
0 0.555982 0.242982 0.00337423 0.0578947
0 0.599693 0.291228 0.00490798 0.0526316
0 0.583129 0.236842 0.00368098 0.0526316
0 0.590337 0.502632 0.00460123 0.0719298
0 0.520245 0.622807 0.00552147 0.0842105
0 0.66089 0.442982 0.00521472 0.0754386
