0 0.555675 0.222807 0.00337423 0.045614
0 0.556902 0.216667 0.00337423 0.0473684
0 0.600153 0.342105 0.00337423 0.0526316
0 0.753834 0.32193 0.00337423 0.054386
0 0.536503 0.169298 0.00368098 0.0438596
0 0.651227 0.342105 0.00368098 0.0561404
0 0.508589 0.216667 0.00245399 0.0438596
0 0.480368 0.216667 0.00245399 0.0438596
0 0.559202 0.176316 0.00306748 0.0403509
0 0.554141 0.245614 0.00337423 0.0561404
0 0.465798 0.397368 0.00398773 0.0614035
0 0.645859 0.276316 0.00337423 0.0508772
0 0.636963 0.314912 0.00337423 0.0508772
0 0.6 0.291228 0.00429448 0.0526316
0 0.507055 0.385965 0.00368098 0.0631579
0 0.52638 0.378947 0.00368098 0.0561404
0 0.565951 0.264912 0.00306748 0.045614
0 0.301074 0.305263 0.00276074 0.0526316
0 0.565184 0.189474 0.00337423 0.0421053
0 0.584356 0.233333 0.00368098 0.0561404
0 0.517331 0.62807 0.00521472 0.0842105
0 0.664264 0.502632 0.00460123 0.0684211
0 0.66089 0.442105 0.00521472 0.0736842
0 0.587423 0.507895 0.00490798 0.0719298
