0 0.542791 0.209649 0.00276074 0.0368421
0 0.567791 0.166667 0.00429448 0.0421053
0 0.563804 0.237719 0.00306748 0.0508772
0 0.746472 0.320175 0.00337423 0.054386
0 0.520706 0.222807 0.00276074 0.045614
0 0.558896 0.27193 0.00306748 0.0491228
0 0.306902 0.309649 0.00276074 0.0473684
0 0.644172 0.341228 0.00368098 0.0578947
0 0.605215 0.325439 0.00306748 0.054386
0 0.607975 0.294737 0.00368098 0.0526316
0 0.488497 0.234211 0.00276074 0.0473684
0 0.521319 0.361403 0.00398773 0.0561404
0 0.666258 0.435088 0.00490798 0.0736842
0 0.48589 0.4 0.00368098 0.0631579
0 0.521626 0.308772 0.00337423 0.0491228
0 0.66273 0.478947 0.00460123 0.0701754
0 0.550767 0.205263 0.00398773 0.0421053
0 0.62454 0.250877 0.00306748 0.0561404
0 0.590337 0.258772 0.00398773 0.054386
0 0.629448 0.25614 0.00368098 0.0561404
0 0.593252 0.195614 0.00368098 0.0473684
0 0.53911 0.623684 0.00521472 0.0824561
0 0.608129 0.494737 0.00460123 0.0701754
