0 0.705061 0.257018 0.00460123 0.0438596
0 0.67546 0.211404 0.00245399 0.0403509
0 0.636503 0.223684 0.00306748 0.0473684
0 0.603374 0.192105 0.00245399 0.0403509
0 0.709816 0.259649 0.00368098 0.0350877
0 0.698006 0.270175 0.00337423 0.0491228
0 0.744479 0.360526 0.00490798 0.0614035
0 0.521779 0.316667 0.00368098 0.054386
0 0.642485 0.278947 0.00337423 0.0526316
0 0.687883 0.239474 0.00276074 0.0438596
0 0.590644 0.166667 0.00398773 0.0491228
0 0.744172 0.27807 0.00306748 0.0508772
0 0.520706 0.27807 0.00398773 0.054386
0 0.719325 0.355263 0.00368098 0.054386
0 0.660429 0.307895 0.00306748 0.0508772
0 0.703834 0.255263 0.00337423 0.054386
0 0.664877 0.240351 0.00276074 0.0385965
0 0.591258 0.246491 0.00276074 0.0438596
0 0.716718 0.220175 0.00398773 0.0578947
0 0.517178 0.245614 0.00306748 0.0421053
0 0.621779 0.464912 0.00429448 0.0666667
0 0.368712 0.314912 0.00306748 0.0684211
0 0.683282 0.492105 0.00460123 0.0719298
0 0.627761 0.267544 0.00337423 0.0508772
