0 0.670859 0.212281 0.00245399 0.0350877
0 0.707669 0.264035 0.00552147 0.0438596
0 0.690951 0.233333 0.00276074 0.0385965
0 0.587117 0.185088 0.00245399 0.0368421
0 0.544018 0.339474 0.00337423 0.054386
0 0.754294 0.290351 0.00306748 0.054386
0 0.647853 0.290351 0.00306748 0.0508772
0 0.698006 0.250877 0.00337423 0.0491228
0 0.740798 0.344737 0.00429448 0.0578947
0 0.357055 0.319298 0.00368098 0.0561404
0 0.527914 0.259649 0.00306748 0.045614
0 0.607209 0.183333 0.00337423 0.0403509
0 0.731442 0.376316 0.00276074 0.054386
0 0.696319 0.445614 0.00429448 0.0666667
0 0.594325 0.252632 0.00276074 0.045614
0 0.64862 0.239474 0.00337423 0.0508772
0 0.530215 0.291228 0.00398773 0.0561404
0 0.631442 0.467544 0.00398773 0.0684211
0 0.656135 0.261404 0.00368098 0.045614
0 0.729908 0.275439 0.00398773 0.0561404
0 0.668558 0.3 0.00337423 0.0526316
0 0.715184 0.314912 0.00460123 0.0578947
0 0.635583 0.228947 0.00368098 0.0473684
