0 0.679448 0.218421 0.00306748 0.0438596
0 0.705675 0.254386 0.00398773 0.0421053
0 0.681135 0.248246 0.00276074 0.0473684
0 0.755828 0.301754 0.00368098 0.0561404
0 0.702761 0.251754 0.00306748 0.0473684
0 0.648006 0.252632 0.00276074 0.0421053
0 0.651074 0.499123 0.00460123 0.0508772
0 0.642025 0.226316 0.00306748 0.045614
0 0.675 0.233333 0.00337423 0.045614
0 0.601227 0.462281 0.00429448 0.0614035
0 0.699847 0.352632 0.00337423 0.0526316
0 0.359663 0.319298 0.00276074 0.0631579
0 0.507362 0.307895 0.00368098 0.054386
0 0.648466 0.304386 0.00306748 0.0508772
0 0.567485 0.167544 0.00368098 0.0508772
0 0.509049 0.272807 0.00337423 0.0473684
0 0.607515 0.195614 0.00276074 0.0438596
0 0.608282 0.270175 0.00306748 0.0421053
0 0.581135 0.244737 0.00276074 0.0438596
0 0.726687 0.375439 0.00368098 0.0561404
0 0.505675 0.245614 0.00276074 0.0385965
0 0.633436 0.268421 0.00306748 0.045614
0 0.711043 0.224561 0.00368098 0.045614
