0 0.66135 0.218421 0.00368098 0.0508772
0 0.758282 0.311404 0.00368098 0.0508772
0 0.676994 0.357018 0.00368098 0.0508772
0 0.627914 0.299123 0.00306748 0.0438596
0 0.660429 0.207018 0.00306748 0.0421053
0 0.68819 0.25 0.00337423 0.054386
0 0.660583 0.251754 0.00337423 0.0473684
0 0.662117 0.229825 0.00337423 0.0491228
0 0.487883 0.284211 0.00276074 0.0491228
0 0.526227 0.231579 0.00337423 0.0385965
0 0.700767 0.370175 0.00398773 0.0526316
0 0.612577 0.267544 0.00306748 0.0508772
0 0.559049 0.239474 0.00276074 0.0403509
0 0.525307 0.246491 0.00398773 0.0438596
0 0.605215 0.196491 0.00245399 0.0385965
0 0.576994 0.261404 0.00306748 0.0421053
0 0.351994 0.318421 0.00276074 0.0578947
0 0.604601 0.473684 0.00429448 0.0666667
0 0.565644 0.455263 0.00429448 0.0649123
0 0.714264 0.233333 0.00337423 0.045614
0 0.53727 0.179825 0.00276074 0.0438596
0 0.617331 0.265789 0.00337423 0.0508772
0 0.626687 0.226316 0.00429448 0.0561404
