0 0.659356 0.159649 0.00337423 0.0421053
0 0.683129 0.235088 0.00306748 0.0421053
0 0.646626 0.178947 0.00368098 0.0385965
0 0.587423 0.207895 0.00245399 0.0403509
0 0.669325 0.175439 0.00306748 0.0350877
0 0.656902 0.183333 0.00398773 0.0438596
0 0.542178 0.339474 0.00337423 0.0578947
0 0.708589 0.300877 0.00368098 0.0508772
0 0.672239 0.259649 0.00398773 0.0491228
0 0.367638 0.316667 0.00337423 0.0684211
0 0.677914 0.313158 0.00429448 0.0578947
0 0.728834 0.373684 0.00368098 0.0561404
0 0.634049 0.299123 0.00306748 0.0473684
0 0.689417 0.234211 0.00337423 0.0508772
0 0.705982 0.411404 0.00398773 0.0649123
0 0.620092 0.464035 0.00460123 0.0684211
0 0.774847 0.322807 0.00429448 0.0561404
0 0.528374 0.260526 0.00276074 0.0473684
0 0.547699 0.333333 0.00398773 0.0596491
0 0.736656 0.363158 0.00337423 0.0491228
0 0.658282 0.231579 0.00368098 0.0491228
0 0.72684 0.307018 0.00582822 0.0666667
0 0.623313 0.215789 0.00306748 0.0491228
