0 0.598006 0.201754 0.00337423 0.045614
0 0.629141 0.179825 0.00368098 0.0333333
0 0.628834 0.214035 0.00368098 0.0350877
0 0.536503 0.22193 0.00245399 0.0403509
0 0.551074 0.304386 0.00337423 0.0368421
0 0.769018 0.326316 0.00368098 0.0526316
0 0.600153 0.207895 0.00337423 0.0438596
0 0.640337 0.312281 0.00337423 0.0491228
0 0.596933 0.197368 0.00306748 0.0438596
0 0.619785 0.235965 0.00337423 0.0368421
0 0.320859 0.318421 0.00306748 0.0508772
0 0.678834 0.313158 0.00368098 0.0508772
0 0.654294 0.307018 0.00368098 0.0561404
0 0.502914 0.246491 0.00276074 0.0473684
0 0.569172 0.260526 0.00276074 0.0473684
0 0.703221 0.438596 0.00460123 0.0666667
0 0.616411 0.258772 0.00337423 0.0438596
0 0.642945 0.233333 0.00429448 0.0561404
0 0.505982 0.374561 0.00398773 0.0614035
0 0.697699 0.399123 0.00521472 0.0649123
0 0.642638 0.514912 0.00490798 0.0719298
0 0.590491 0.231579 0.00368098 0.0491228
0 0.534969 0.350877 0.00429448 0.0596491
0 0.552607 0.6 0.00521472 0.077193
