0 0.754141 0.319298 0.00337423 0.0526316
0 0.59954 0.342105 0.00337423 0.0526316
0 0.533436 0.170175 0.00368098 0.0421053
0 0.560276 0.222807 0.00337423 0.045614
0 0.509509 0.221053 0.00245399 0.0421053
0 0.56227 0.199123 0.00368098 0.0438596
0 0.558742 0.177193 0.00337423 0.0385965
0 0.504601 0.389474 0.00429448 0.0666667
0 0.479141 0.214035 0.00245399 0.0421053
0 0.652301 0.342105 0.00337423 0.0596491
0 0.463037 0.400877 0.00398773 0.0649123
0 0.634816 0.323684 0.00337423 0.054386
0 0.600767 0.29386 0.00398773 0.054386
0 0.646166 0.277193 0.00337423 0.0491228
0 0.551994 0.246491 0.00337423 0.054386
0 0.299693 0.304386 0.00306748 0.054386
0 0.526687 0.391228 0.00368098 0.0561404
0 0.58589 0.236842 0.00368098 0.0526316
0 0.662117 0.509649 0.00460123 0.0649123
0 0.565644 0.264912 0.00368098 0.045614
0 0.513497 0.630702 0.00552147 0.0859649
0 0.585429 0.511404 0.00460123 0.0719298
0 0.660429 0.444737 0.00552147 0.0789474
