0 0.582055 0.196491 0.00276074 0.0421053
0 0.519632 0.417544 0.00429448 0.0526316
0 0.627301 0.204386 0.00245399 0.0403509
0 0.483129 0.257895 0.00306748 0.0491228
0 0.561503 0.261404 0.00276074 0.0421053
0 0.635123 0.257895 0.00276074 0.045614
0 0.649847 0.240351 0.00398773 0.045614
0 0.585583 0.27193 0.00306748 0.045614
0 0.753528 0.324561 0.00337423 0.0561404
0 0.581288 0.217544 0.00368098 0.045614
0 0.504448 0.172807 0.00276074 0.0438596
0 0.527301 0.204386 0.00306748 0.0403509
0 0.552454 0.22807 0.00306748 0.0385965
0 0.34954 0.301754 0.00337423 0.0631579
0 0.66227 0.378947 0.00368098 0.0596491
0 0.598159 0.292982 0.00306748 0.0526316
0 0.638037 0.374561 0.00368098 0.0578947
0 0.642025 0.223684 0.00306748 0.0473684
0 0.557669 0.450877 0.00429448 0.0631579
0 0.654294 0.242982 0.00429448 0.0508772
0 0.577301 0.275439 0.00368098 0.0526316
0 0.524847 0.235088 0.00552147 0.045614
0 0.695399 0.255263 0.00368098 0.0438596
