0 0.760276 0.334211 0.00337423 0.0578947
0 0.579448 0.207018 0.00306748 0.0421053
0 0.609356 0.161404 0.00337423 0.045614
0 0.701994 0.378947 0.00460123 0.0596491
0 0.576687 0.167544 0.00306748 0.0438596
0 0.672546 0.311404 0.00398773 0.0684211
0 0.573466 0.213158 0.00337423 0.0403509
0 0.592178 0.231579 0.00276074 0.0385965
0 0.350614 0.311404 0.00245399 0.054386
0 0.695859 0.394737 0.00398773 0.0561404
0 0.582362 0.185088 0.00398773 0.0438596
0 0.651227 0.25 0.00306748 0.0473684
0 0.613804 0.22807 0.00306748 0.045614
0 0.518252 0.248246 0.00276074 0.0473684
0 0.640644 0.228947 0.00337423 0.0473684
0 0.548159 0.338596 0.00368098 0.0561404
0 0.654755 0.316667 0.00337423 0.054386
0 0.628067 0.190351 0.00337423 0.0368421
0 0.605982 0.233333 0.00337423 0.045614
0 0.534202 0.295614 0.00398773 0.0578947
0 0.618252 0.492105 0.00460123 0.0719298
0 0.671933 0.342982 0.00521472 0.0719298
0 0.653988 0.417544 0.00429448 0.0631579
