0 0.589571 0.187719 0.00245399 0.0385965
0 0.711196 0.268421 0.00460123 0.0350877
0 0.67408 0.220175 0.00276074 0.0438596
0 0.542485 0.342982 0.00337423 0.0578947
0 0.358742 0.319298 0.00337423 0.0561404
0 0.528067 0.259649 0.00276074 0.045614
0 0.695245 0.237719 0.00337423 0.0438596
0 0.75046 0.282456 0.00276074 0.0526316
0 0.655828 0.241228 0.00306748 0.0508772
0 0.64908 0.292982 0.00306748 0.0526316
0 0.595245 0.25614 0.00276074 0.045614
0 0.701687 0.254386 0.00337423 0.0491228
0 0.609202 0.182456 0.00306748 0.0385965
0 0.668712 0.300877 0.00306748 0.054386
0 0.658589 0.263158 0.00429448 0.0526316
0 0.734356 0.370175 0.00306748 0.0596491
0 0.530061 0.291228 0.00368098 0.0561404
0 0.733589 0.265789 0.00460123 0.0614035
0 0.632515 0.462281 0.00429448 0.0684211
0 0.747086 0.346491 0.00460123 0.054386
0 0.70092 0.455263 0.00429448 0.0684211
0 0.716564 0.313158 0.00429448 0.0578947
0 0.636656 0.22807 0.00398773 0.0491228
