0 0.702147 0.183333 0.00490798 0.0473684
0 0.626227 0.182456 0.00214724 0.0280702
0 0.700613 0.204386 0.00429448 0.0508772
0 0.666564 0.272807 0.00306748 0.0403509
0 0.723926 0.326316 0.00368098 0.0561404
0 0.598466 0.253509 0.00306748 0.0473684
0 0.677914 0.282456 0.00368098 0.0526316
0 0.570092 0.233333 0.00276074 0.045614
0 0.753374 0.37807 0.00368098 0.054386
0 0.73727 0.330702 0.00337423 0.054386
0 0.717638 0.250877 0.00276074 0.0491228
0 0.529755 0.357895 0.00368098 0.0561404
0 0.519172 0.253509 0.00276074 0.0473684
0 0.702454 0.308772 0.00368098 0.0631579
0 0.748466 0.395614 0.00368098 0.0578947
0 0.605982 0.316667 0.00337423 0.0508772
0 0.690951 0.462281 0.00460123 0.0684211
0 0.545859 0.354386 0.00398773 0.0526316
0 0.334816 0.327193 0.00337423 0.0578947
0 0.644325 0.192982 0.00398773 0.0491228
0 0.58589 0.539474 0.00490798 0.0754386
0 0.773926 0.324561 0.00429448 0.0526316
0 0.638804 0.235965 0.00398773 0.054386
