0 0.625153 0.2 0.00245399 0.0385965
0 0.56089 0.260526 0.00276074 0.0368421
0 0.579908 0.197368 0.00276074 0.0403509
0 0.515951 0.424561 0.00429448 0.0631579
0 0.482515 0.255263 0.00306748 0.0473684
0 0.551687 0.225439 0.00276074 0.0368421
0 0.524233 0.201754 0.00306748 0.0385965
0 0.646472 0.235965 0.00337423 0.0473684
0 0.660429 0.377193 0.00368098 0.0561404
0 0.502301 0.17193 0.00276074 0.045614
0 0.632975 0.259649 0.00398773 0.0526316
0 0.753067 0.324561 0.00368098 0.0561404
0 0.636043 0.375439 0.00398773 0.0561404
0 0.598159 0.292105 0.00306748 0.054386
0 0.583742 0.272807 0.00306748 0.0438596
0 0.577301 0.215789 0.00368098 0.045614
0 0.348313 0.303509 0.00337423 0.0631579
0 0.640644 0.22193 0.00337423 0.0473684
0 0.557975 0.450877 0.00429448 0.0631579
0 0.65138 0.244737 0.00398773 0.0473684
0 0.57454 0.275439 0.00368098 0.0526316
0 0.522853 0.237719 0.00521472 0.0473684
0 0.693405 0.257018 0.00398773 0.0473684
