0 0.710429 0.184211 0.00368098 0.0385965
0 0.712883 0.198246 0.00368098 0.0421053
0 0.711503 0.195614 0.00337423 0.0403509
0 0.700307 0.286842 0.00306748 0.0508772
0 0.735276 0.257895 0.00245399 0.0421053
0 0.645092 0.179825 0.00245399 0.0298246
0 0.620092 0.251754 0.00276074 0.0473684
0 0.672699 0.187719 0.00429448 0.0421053
0 0.742791 0.296491 0.00460123 0.0561404
0 0.734049 0.282456 0.00368098 0.0526316
0 0.54862 0.35614 0.00337423 0.0561404
0 0.347699 0.330702 0.00276074 0.0649123
0 0.686043 0.297368 0.00337423 0.0508772
0 0.585429 0.239474 0.00276074 0.0473684
0 0.626227 0.314035 0.00337423 0.0526316
0 0.725613 0.285088 0.00337423 0.054386
0 0.750153 0.363158 0.00398773 0.0666667
0 0.667791 0.231579 0.00368098 0.0491228
0 0.528067 0.261404 0.00276074 0.0491228
0 0.542791 0.350877 0.00337423 0.0561404
0 0.603528 0.503509 0.00460123 0.0701754
0 0.71319 0.438596 0.00429448 0.0666667
0 0.760429 0.368421 0.00429448 0.0631579
0 0.773466 0.323684 0.00460123 0.054386
