0 0.602761 0.72193 0.00490798 0.0894737
0 0.807055 0.794737 0.00736196 0.108772
0 0.518405 0.247368 0.00245399 0.045614
0 0.636963 0.430702 0.00398773 0.0508772
0 0.288497 0.386842 0.00398773 0.0578947
0 0.77362 0.381579 0.00368098 0.0614035
0 0.719172 0.415789 0.00398773 0.0631579
0 0.666871 0.472807 0.00429448 0.0684211
0 0.614877 0.287719 0.00337423 0.0526316
0 0.607669 0.731579 0.00613497 0.0947368
0 0.497546 0.405263 0.00368098 0.0596491
0 0.650307 0.283333 0.00306748 0.0508772
0 0.59954 0.414035 0.00398773 0.0631579
0 0.575613 0.44386 0.00398773 0.0631579
0 0.745092 0.755263 0.00674847 0.1
0 0.499693 0.617544 0.00552147 0.0842105
0 0.572546 0.584211 0.00398773 0.0736842
0 0.565644 0.25614 0.00429448 0.045614
0 0.834356 0.614912 0.00552147 0.0789474
0 0.760123 0.60614 0.00552147 0.0824561
0 0.509969 0.613158 0.00521472 0.0824561
0 0.696932 0.607895 0.00552147 0.0824561
0 0.573006 0.532456 0.00552147 0.0789474
