0 0.635429 0.200877 0.00337423 0.0368421
0 0.62316 0.254386 0.00337423 0.0491228
0 0.539571 0.219298 0.00245399 0.0385965
0 0.644939 0.308772 0.00337423 0.0385965
0 0.636656 0.181579 0.00337423 0.0368421
0 0.770245 0.32807 0.00368098 0.0526316
0 0.624847 0.236842 0.00306748 0.0350877
0 0.634816 0.213158 0.00337423 0.0368421
0 0.605215 0.209649 0.00306748 0.0438596
0 0.599693 0.195614 0.00306748 0.0438596
0 0.557975 0.307895 0.00306748 0.0473684
0 0.707515 0.435088 0.00460123 0.0631579
0 0.504448 0.247368 0.00276074 0.0491228
0 0.649233 0.232456 0.00337423 0.0508772
0 0.661196 0.313158 0.00337423 0.054386
0 0.571626 0.260526 0.00276074 0.0473684
0 0.322086 0.319298 0.00306748 0.0491228
0 0.684356 0.310526 0.00368098 0.0526316
0 0.508282 0.369298 0.00368098 0.0614035
0 0.702914 0.398246 0.00460123 0.0666667
0 0.646319 0.507895 0.00490798 0.0719298
0 0.622239 0.260526 0.00337423 0.0438596
0 0.53635 0.350877 0.00398773 0.0596491
0 0.594785 0.233333 0.00368098 0.0526316
0 0.554294 0.589474 0.00552147 0.0807018
