0 0.715798 0.414912 0.00398773 0.0649123
0 0.516564 0.232456 0.00245399 0.0438596
0 0.611043 0.727193 0.00613497 0.0929825
0 0.625153 0.403509 0.00368098 0.0561404
0 0.603528 0.398246 0.00398773 0.0596491
0 0.617025 0.72807 0.00644172 0.0947368
0 0.775153 0.377193 0.00368098 0.0596491
0 0.650613 0.289474 0.00306748 0.0491228
0 0.807209 0.592982 0.00521472 0.0807018
0 0.491258 0.598246 0.00521472 0.0842105
0 0.573466 0.428947 0.00398773 0.0614035
0 0.616258 0.280702 0.00306748 0.0491228
0 0.765798 0.759649 0.00644172 0.0982456
0 0.496012 0.388597 0.00368098 0.0614035
0 0.57454 0.264035 0.00368098 0.0438596
0 0.565798 0.580702 0.00398773 0.077193
0 0.66411 0.468421 0.00429448 0.0701754
0 0.691411 0.604386 0.00552147 0.0824561
0 0.507822 0.603509 0.00521472 0.0842105
0 0.741258 0.588596 0.00521472 0.0754386
0 0.812883 0.805263 0.00858896 0.0877193
0 0.280982 0.392982 0.00552147 0.0666667
0 0.569172 0.531579 0.00582822 0.0807018
