0 0.542945 0.210526 0.00245399 0.0385965
0 0.568098 0.167544 0.00429448 0.0403509
0 0.563804 0.237719 0.00306748 0.0508772
0 0.746472 0.320175 0.00337423 0.054386
0 0.521012 0.222807 0.00276074 0.045614
0 0.558742 0.27193 0.00276074 0.0491228
0 0.306902 0.308772 0.00276074 0.0491228
0 0.605368 0.325439 0.00337423 0.054386
0 0.644325 0.340351 0.00337423 0.0561404
0 0.666411 0.434211 0.00521472 0.0719298
0 0.608282 0.294737 0.00368098 0.0526316
0 0.488804 0.235088 0.00276074 0.045614
0 0.550614 0.207018 0.00368098 0.0421053
0 0.48589 0.401754 0.00368098 0.0631579
0 0.521626 0.309649 0.00337423 0.0508772
0 0.521319 0.362281 0.00398773 0.0578947
0 0.663037 0.47807 0.00460123 0.0719298
0 0.624233 0.249123 0.00306748 0.0561404
0 0.590644 0.260526 0.00398773 0.054386
0 0.593865 0.196491 0.00368098 0.045614
0 0.539264 0.623684 0.00552147 0.0824561
0 0.608436 0.494737 0.00460123 0.0701754
0 0.629141 0.25614 0.00368098 0.0561404
