0 0.75046 0.321053 0.00337423 0.0561404
0 0.473313 0.216667 0.00245399 0.0438596
0 0.531288 0.166667 0.00368098 0.0421053
0 0.562117 0.185088 0.00276074 0.0403509
0 0.646319 0.361403 0.00368098 0.0596491
0 0.296319 0.312281 0.00306748 0.0596491
0 0.621933 0.35614 0.00337423 0.0561404
0 0.495552 0.401754 0.00460123 0.0701754
0 0.523466 0.415789 0.00398773 0.0631579
0 0.503834 0.235088 0.00276074 0.045614
0 0.538957 0.213158 0.00368098 0.0508772
0 0.559049 0.252632 0.00398773 0.0491228
0 0.554908 0.272807 0.00306748 0.0473684
0 0.592638 0.349123 0.00368098 0.0596491
0 0.453221 0.413158 0.00398773 0.0649123
0 0.501687 0.646491 0.00582822 0.0859649
0 0.544018 0.25 0.00337423 0.0508772
0 0.648006 0.523684 0.00460123 0.0684211
0 0.598466 0.298246 0.00306748 0.0596491
0 0.589264 0.254386 0.00429448 0.0596491
0 0.575 0.52807 0.00521472 0.077193
0 0.635429 0.27807 0.00398773 0.054386
0 0.64908 0.458772 0.00490798 0.0719298
