0 0.653834 0.162281 0.00337423 0.0473684
0 0.678528 0.229825 0.00306748 0.045614
0 0.640798 0.179825 0.00306748 0.0368421
0 0.541411 0.333333 0.00306748 0.0561404
0 0.58635 0.20614 0.00276074 0.0403509
0 0.683742 0.232456 0.00306748 0.0473684
0 0.705982 0.307895 0.00337423 0.0508772
0 0.367638 0.315789 0.00276074 0.0631579
0 0.651074 0.183333 0.00398773 0.0438596
0 0.665337 0.174561 0.00306748 0.0368421
0 0.676534 0.316667 0.00337423 0.054386
0 0.72684 0.37193 0.00398773 0.0596491
0 0.703221 0.410526 0.00398773 0.0631579
0 0.668558 0.257895 0.00398773 0.0491228
0 0.773313 0.323684 0.00429448 0.054386
0 0.631595 0.291228 0.00306748 0.045614
0 0.528374 0.262281 0.00276074 0.0473684
0 0.620859 0.462281 0.00429448 0.0649123
0 0.547699 0.332456 0.00398773 0.0614035
0 0.735583 0.362281 0.00368098 0.0508772
0 0.620245 0.214035 0.00306748 0.0526316
0 0.655982 0.231579 0.00398773 0.0526316
0 0.722853 0.303509 0.00582822 0.0631579
