0 0.565951 0.166667 0.00368098 0.0421053
0 0.542178 0.212281 0.00276074 0.0385965
0 0.745552 0.317544 0.00337423 0.0561404
0 0.519478 0.221053 0.00276074 0.045614
0 0.559509 0.270175 0.00306748 0.0491228
0 0.56319 0.236842 0.00306748 0.0491228
0 0.603988 0.32193 0.00306748 0.054386
0 0.306288 0.307895 0.00276074 0.0508772
0 0.607055 0.29386 0.00368098 0.0508772
0 0.644018 0.341228 0.00337423 0.0578947
0 0.487883 0.234211 0.00276074 0.0473684
0 0.521933 0.313158 0.00337423 0.0473684
0 0.62592 0.251754 0.00337423 0.054386
0 0.520399 0.361403 0.00398773 0.0596491
0 0.630675 0.258772 0.00368098 0.0578947
0 0.589877 0.255263 0.00429448 0.0578947
0 0.665491 0.436842 0.00521472 0.0736842
0 0.662117 0.479825 0.00460123 0.0684211
0 0.590491 0.192105 0.00368098 0.0473684
0 0.484816 0.398246 0.00398773 0.0631579
0 0.606595 0.49386 0.00460123 0.0719298
0 0.551074 0.204386 0.00398773 0.0438596
0 0.537423 0.622807 0.00552147 0.0842105
