0 0.760583 0.338596 0.00337423 0.0561404
0 0.576227 0.201754 0.00276074 0.0385965
0 0.580675 0.169298 0.00306748 0.0368421
0 0.612117 0.161404 0.00337423 0.045614
0 0.704295 0.375439 0.00429448 0.0561404
0 0.596472 0.232456 0.00276074 0.0403509
0 0.571472 0.213158 0.00306748 0.0368421
0 0.350767 0.313158 0.00214724 0.054386
0 0.69862 0.392105 0.00398773 0.0578947
0 0.519785 0.25 0.00276074 0.0473684
0 0.660276 0.417544 0.00398773 0.0596491
0 0.587577 0.180702 0.00337423 0.0421053
0 0.548466 0.338596 0.00368098 0.0561404
0 0.630675 0.190351 0.00306748 0.0368421
0 0.657975 0.316667 0.00368098 0.054386
0 0.535276 0.298246 0.00429448 0.0596491
0 0.609969 0.239474 0.00337423 0.0473684
0 0.620092 0.492105 0.00460123 0.0719298
0 0.652454 0.247368 0.00306748 0.045614
0 0.643405 0.228947 0.00276074 0.0473684
0 0.677147 0.30614 0.00398773 0.0684211
0 0.617331 0.227193 0.00337423 0.0473684
0 0.671933 0.342105 0.00521472 0.0701754
