0 0.638037 0.25 0.00368098 0.0578947
0 0.700767 0.250877 0.00337423 0.0491228
0 0.498159 0.298246 0.00306748 0.0491228
0 0.507822 0.24386 0.00276074 0.0385965
0 0.760276 0.312281 0.00337423 0.0596491
0 0.673159 0.25 0.00398773 0.0473684
0 0.691564 0.351754 0.00337423 0.0508772
0 0.670092 0.230702 0.00337423 0.0473684
0 0.355982 0.319298 0.00276074 0.0631579
0 0.596472 0.266667 0.00276074 0.0421053
0 0.698926 0.252632 0.00337423 0.0526316
0 0.573926 0.239474 0.00306748 0.0403509
0 0.634202 0.491228 0.00460123 0.0561404
0 0.641411 0.305263 0.00306748 0.0491228
0 0.590184 0.464912 0.00429448 0.0596491
0 0.673926 0.213158 0.00368098 0.0438596
0 0.508742 0.260526 0.00337423 0.0438596
0 0.718405 0.369298 0.00368098 0.054386
0 0.62638 0.264912 0.00306748 0.0421053
0 0.556595 0.172807 0.00337423 0.0438596
0 0.607515 0.196491 0.00276074 0.0421053
0 0.636503 0.259649 0.00306748 0.045614
0 0.639417 0.229825 0.00398773 0.0491228
0 0.71319 0.227193 0.00368098 0.0473684
