0 0.585123 0.201754 0.00337423 0.0421053
0 0.631595 0.201754 0.00245399 0.0385965
0 0.586043 0.214035 0.00398773 0.0491228
0 0.482669 0.261404 0.00276074 0.0491228
0 0.653834 0.235965 0.00337423 0.0438596
0 0.637577 0.257018 0.00276074 0.0438596
0 0.665798 0.372807 0.00398773 0.0578947
0 0.754294 0.323684 0.00368098 0.0578947
0 0.56365 0.258772 0.00276074 0.0438596
0 0.642945 0.371053 0.00368098 0.054386
0 0.601534 0.292105 0.00306748 0.0473684
0 0.506288 0.170175 0.00276074 0.0421053
0 0.58819 0.270175 0.00337423 0.0491228
0 0.552914 0.226316 0.00276074 0.0421053
0 0.522699 0.42807 0.00429448 0.0631579
0 0.350767 0.305263 0.00337423 0.0631579
0 0.644632 0.223684 0.00337423 0.0473684
0 0.657669 0.245614 0.00368098 0.0491228
0 0.531135 0.208772 0.00337423 0.0421053
0 0.527147 0.239474 0.00521472 0.0508772
0 0.557515 0.455263 0.00460123 0.0649123
0 0.698466 0.252632 0.00368098 0.0421053
0 0.581442 0.277193 0.00398773 0.0596491
