0 0.511963 0.222807 0.00245399 0.0421053
0 0.711503 0.413158 0.00398773 0.0649123
0 0.602454 0.382456 0.00368098 0.0561404
0 0.480061 0.579825 0.00552147 0.0789474
0 0.775307 0.371053 0.00337423 0.0578947
0 0.64908 0.292982 0.00306748 0.0526316
0 0.783282 0.77807 0.00644172 0.0929825
0 0.615951 0.274561 0.00306748 0.0473684
0 0.816564 0.810526 0.00736196 0.077193
0 0.571319 0.415789 0.00398773 0.0631579
0 0.620552 0.389474 0.00368098 0.0596491
0 0.613344 0.712281 0.00644172 0.0947368
0 0.562577 0.570175 0.00429448 0.077193
0 0.577147 0.264035 0.00337423 0.0438596
0 0.493098 0.37807 0.00337423 0.0578947
0 0.505061 0.589474 0.00521472 0.0807018
0 0.658589 0.464035 0.00429448 0.0684211
0 0.782822 0.577193 0.00552147 0.0807018
0 0.684049 0.6 0.00552147 0.0807018
0 0.56365 0.526316 0.00521472 0.0701754
0 0.729908 0.574561 0.00521472 0.0754386
0 0.623313 0.733333 0.00674847 0.0947368
0 0.275 0.390351 0.00582822 0.0649123
