0 0.600767 0.230702 0.00276074 0.0438596
0 0.559049 0.191228 0.00276074 0.0421053
0 0.584816 0.181579 0.00337423 0.0438596
0 0.48635 0.188596 0.00276074 0.0403509
0 0.465184 0.22807 0.00276074 0.045614
0 0.491104 0.164912 0.00245399 0.0421053
0 0.537423 0.264035 0.00245399 0.0403509
0 0.732669 0.312281 0.00337423 0.0526316
0 0.578067 0.281579 0.00337423 0.0508772
0 0.610123 0.263158 0.00306748 0.0561404
0 0.553068 0.269298 0.00306748 0.0508772
0 0.535276 0.210526 0.00245399 0.0385965
0 0.547699 0.249123 0.00337423 0.0526316
0 0.546626 0.429825 0.00429448 0.0631579
0 0.329601 0.291228 0.00337423 0.0596491
0 0.618865 0.214912 0.00337423 0.0473684
0 0.555061 0.20614 0.00337423 0.0508772
0 0.624233 0.236842 0.00429448 0.0491228
0 0.607362 0.391228 0.00368098 0.0631579
0 0.630061 0.37807 0.00368098 0.0578947
0 0.490644 0.224561 0.00337423 0.0526316
0 0.495552 0.414912 0.00398773 0.0403509
0 0.655675 0.27193 0.00398773 0.045614
