0 0.808742 0.8 0.00705521 0.105263
0 0.509816 0.611404 0.00552147 0.0824561
0 0.518252 0.24386 0.00276074 0.045614
0 0.634816 0.430702 0.00398773 0.054386
0 0.773926 0.380702 0.00368098 0.0596491
0 0.609049 0.728947 0.00582822 0.0929825
0 0.60046 0.413158 0.00398773 0.0614035
0 0.719172 0.414912 0.00398773 0.0649123
0 0.603834 0.723684 0.00521472 0.0894737
0 0.615031 0.285965 0.00306748 0.0491228
0 0.650613 0.283333 0.00306748 0.0508772
0 0.287577 0.387719 0.00460123 0.0561404
0 0.497546 0.404386 0.00368098 0.0614035
0 0.666411 0.472807 0.00460123 0.0684211
0 0.575307 0.439474 0.00398773 0.0614035
0 0.498466 0.614035 0.00552147 0.0842105
0 0.571626 0.583333 0.00398773 0.0719298
0 0.757515 0.601754 0.00521472 0.0807018
0 0.566871 0.258772 0.00429448 0.0438596
0 0.746472 0.758772 0.00644172 0.1
0 0.831442 0.614912 0.00582822 0.0824561
0 0.696319 0.608772 0.00552147 0.0842105
0 0.572699 0.531579 0.00552147 0.077193
