0 0.693865 0.235965 0.00306748 0.0403509
0 0.709969 0.267544 0.00460123 0.0368421
0 0.588344 0.187719 0.00245399 0.0385965
0 0.357975 0.320175 0.00306748 0.0578947
0 0.543098 0.342982 0.00337423 0.0578947
0 0.608589 0.184211 0.00306748 0.0385965
0 0.70046 0.254386 0.00337423 0.0491228
0 0.672853 0.220175 0.00276074 0.0438596
0 0.528067 0.259649 0.00276074 0.045614
0 0.648466 0.291228 0.00306748 0.0526316
0 0.744479 0.342982 0.00429448 0.054386
0 0.751994 0.284211 0.00276074 0.0526316
0 0.594939 0.254386 0.00276074 0.045614
0 0.652454 0.240351 0.00306748 0.0526316
0 0.657822 0.265789 0.00398773 0.0473684
0 0.698466 0.45 0.00429448 0.0684211
0 0.733742 0.375439 0.00306748 0.0596491
0 0.530061 0.292105 0.00368098 0.054386
0 0.632209 0.464035 0.00429448 0.0684211
0 0.668712 0.300877 0.00306748 0.054386
0 0.732209 0.266667 0.00429448 0.0596491
0 0.716104 0.311404 0.00460123 0.0578947
0 0.63635 0.22807 0.00398773 0.0491228
