0 0.657209 0.226316 0.00276074 0.0421053
0 0.633589 0.229825 0.00337423 0.0491228
0 0.605982 0.176316 0.00276074 0.0333333
0 0.62546 0.157895 0.00245399 0.045614
0 0.658436 0.240351 0.00337423 0.045614
0 0.526534 0.257018 0.00276074 0.0438596
0 0.565951 0.204386 0.00245399 0.0368421
0 0.67408 0.336842 0.00337423 0.0561404
0 0.543252 0.337719 0.00368098 0.054386
0 0.61227 0.248246 0.00306748 0.0438596
0 0.614417 0.182456 0.00306748 0.0385965
0 0.358742 0.314912 0.00214724 0.0508772
0 0.763957 0.322807 0.00398773 0.0596491
0 0.696319 0.305263 0.00429448 0.0526316
0 0.683282 0.412281 0.00398773 0.0561404
0 0.676074 0.30614 0.00429448 0.054386
0 0.634663 0.255263 0.00429448 0.0508772
0 0.540337 0.307895 0.00337423 0.0578947
0 0.643712 0.181579 0.00337423 0.0368421
0 0.58773 0.208772 0.00368098 0.0491228
0 0.709969 0.385965 0.00337423 0.0561404
0 0.622699 0.480702 0.00429448 0.0666667
0 0.714417 0.370175 0.00368098 0.0561404
