0 0.509509 0.219298 0.00245399 0.0421053
0 0.600153 0.378947 0.00337423 0.0561404
0 0.815798 0.812281 0.00582822 0.0701754
0 0.774233 0.368421 0.00368098 0.0561404
0 0.475614 0.579825 0.00521472 0.0789474
0 0.709969 0.415789 0.00398773 0.0631579
0 0.561043 0.570175 0.00429448 0.077193
0 0.615337 0.270175 0.00306748 0.045614
0 0.77362 0.569298 0.00552147 0.0789474
0 0.648466 0.292105 0.00306748 0.0508772
0 0.785429 0.780702 0.00766871 0.105263
0 0.568712 0.411404 0.00368098 0.0578947
0 0.491718 0.371053 0.00368098 0.0578947
0 0.618712 0.384211 0.00368098 0.0596491
0 0.680061 0.601754 0.00552147 0.0807018
0 0.612577 0.704386 0.00613497 0.0894737
0 0.655828 0.462281 0.00429448 0.0684211
0 0.503221 0.585965 0.00521472 0.0807018
0 0.726534 0.569298 0.00521472 0.0754386
0 0.576994 0.267544 0.00306748 0.0438596
0 0.623773 0.729825 0.00644172 0.0947368
0 0.272853 0.390351 0.00521472 0.0614035
0 0.561196 0.530702 0.00521472 0.0719298
