0 0.803221 0.798246 0.00644172 0.0982456
0 0.518405 0.247368 0.00245399 0.045614
0 0.639877 0.446491 0.00429448 0.0578947
0 0.290184 0.386842 0.00368098 0.0578947
0 0.606442 0.731579 0.00613497 0.0947368
0 0.77316 0.381579 0.00398773 0.0614035
0 0.601687 0.722807 0.00521472 0.0877193
0 0.719172 0.415789 0.00398773 0.0666667
0 0.650613 0.283333 0.00306748 0.0508772
0 0.614571 0.288596 0.00337423 0.0508772
0 0.497239 0.408772 0.00368098 0.0596491
0 0.738804 0.752632 0.00644172 0.0947368
0 0.597853 0.417544 0.00429448 0.0666667
0 0.573773 0.585965 0.00398773 0.077193
0 0.57592 0.447368 0.00398773 0.0631579
0 0.763804 0.609649 0.00552147 0.0789474
0 0.500614 0.617544 0.00552147 0.0842105
0 0.667638 0.473684 0.00460123 0.0701754
0 0.838957 0.624561 0.00552147 0.0842105
0 0.563497 0.25614 0.00429448 0.0421053
0 0.69816 0.609649 0.00552147 0.0859649
0 0.510123 0.615789 0.00552147 0.0842105
0 0.572699 0.533333 0.00552147 0.0807018
