0 0.60092 0.192982 0.00245399 0.0421053
0 0.527607 0.321053 0.00368098 0.0561404
0 0.673313 0.212281 0.00245399 0.0350877
0 0.71135 0.263158 0.00552147 0.0280702
0 0.693098 0.238596 0.00276074 0.0421053
0 0.60138 0.172807 0.00337423 0.0403509
0 0.742025 0.269298 0.00306748 0.054386
0 0.671779 0.24386 0.00306748 0.0421053
0 0.628988 0.458772 0.00460123 0.0614035
0 0.705828 0.286842 0.00429448 0.0578947
0 0.634202 0.223684 0.00276074 0.0438596
0 0.370092 0.318421 0.00276074 0.0649123
0 0.646626 0.284211 0.00306748 0.0491228
0 0.704141 0.257018 0.00337423 0.0508772
0 0.593405 0.25 0.00276074 0.0438596
0 0.664877 0.307895 0.00337423 0.054386
0 0.637577 0.268421 0.00337423 0.0491228
0 0.725 0.351754 0.00276074 0.0614035
0 0.696472 0.482456 0.00460123 0.0701754
0 0.72362 0.219298 0.00490798 0.0561404
0 0.525 0.283333 0.00398773 0.054386
0 0.520552 0.249123 0.00306748 0.0421053
0 0.75046 0.355263 0.00460123 0.054386
