0 0.679601 0.211404 0.00276074 0.0403509
0 0.640031 0.223684 0.00276074 0.0438596
0 0.519018 0.314035 0.00368098 0.0561404
0 0.747546 0.282456 0.00306748 0.0491228
0 0.583436 0.165789 0.00368098 0.0473684
0 0.518098 0.27807 0.00368098 0.0473684
0 0.71319 0.220175 0.00429448 0.0508772
0 0.694479 0.262281 0.00306748 0.0473684
0 0.709969 0.258772 0.00398773 0.0438596
0 0.703681 0.253509 0.00306748 0.0508772
0 0.740184 0.370175 0.00368098 0.0596491
0 0.604755 0.19386 0.00276074 0.0438596
0 0.676227 0.497368 0.00460123 0.0684211
0 0.514877 0.244737 0.00276074 0.0403509
0 0.657209 0.309649 0.00337423 0.0508772
0 0.639724 0.276316 0.00337423 0.0508772
0 0.58911 0.245614 0.00276074 0.0421053
0 0.616258 0.467544 0.00429448 0.0649123
0 0.682362 0.233333 0.00398773 0.0491228
0 0.713804 0.352632 0.00368098 0.0561404
0 0.366258 0.315789 0.00306748 0.0701754
0 0.660276 0.24386 0.00276074 0.0385965
0 0.622393 0.267544 0.00368098 0.0508772
