0 0.510736 0.215789 0.00245399 0.0421053
0 0.550307 0.171053 0.00368098 0.0403509
0 0.747699 0.316667 0.00337423 0.054386
0 0.565031 0.275439 0.00306748 0.0491228
0 0.545399 0.208772 0.00245399 0.0421053
0 0.634356 0.288596 0.00306748 0.0473684
0 0.303067 0.303509 0.00306748 0.0526316
0 0.640184 0.275439 0.00368098 0.0526316
0 0.483436 0.224561 0.00245399 0.045614
0 0.52316 0.341228 0.00337423 0.0508772
0 0.597699 0.338596 0.00337423 0.0561404
0 0.47408 0.392982 0.00398773 0.0631579
0 0.560736 0.192982 0.00368098 0.0421053
0 0.643865 0.34386 0.00368098 0.0561404
0 0.559202 0.242982 0.00306748 0.0508772
0 0.568558 0.183333 0.00337423 0.0438596
0 0.664571 0.491228 0.00460123 0.0666667
0 0.583896 0.242982 0.00398773 0.054386
0 0.51365 0.375439 0.00398773 0.0701754
0 0.52454 0.62193 0.00552147 0.0824561
0 0.660736 0.442982 0.00490798 0.0754386
0 0.594018 0.492982 0.00460123 0.0701754
0 0.601227 0.290351 0.00552147 0.0578947
