0 0.592025 0.198246 0.00306748 0.0385965
0 0.591258 0.208772 0.00337423 0.0421053
0 0.617485 0.177193 0.00368098 0.0350877
0 0.531135 0.220175 0.00276074 0.0403509
0 0.667638 0.314912 0.00337423 0.0473684
0 0.542331 0.30614 0.00306748 0.0403509
0 0.766258 0.323684 0.00368098 0.054386
0 0.500614 0.246491 0.00245399 0.0473684
0 0.632362 0.308772 0.00337423 0.0491228
0 0.619785 0.215789 0.00460123 0.0350877
0 0.61181 0.232456 0.00337423 0.0333333
0 0.643252 0.30614 0.00368098 0.0578947
0 0.608589 0.260526 0.00306748 0.0438596
0 0.565031 0.261404 0.00306748 0.045614
0 0.318098 0.317544 0.00306748 0.0491228
0 0.584509 0.231579 0.00337423 0.045614
0 0.503067 0.383333 0.00368098 0.0614035
0 0.633129 0.232456 0.00490798 0.0578947
0 0.695399 0.447368 0.00429448 0.0631579
0 0.634663 0.516667 0.00490798 0.0754386
0 0.533742 0.350877 0.00429448 0.0596491
0 0.550614 0.607018 0.00552147 0.0842105
0 0.690031 0.405263 0.00521472 0.0666667
