0 0.656442 0.204386 0.00245399 0.0403509
0 0.645092 0.286842 0.00306748 0.0508772
0 0.525613 0.25614 0.00276074 0.045614
0 0.684969 0.247368 0.00306748 0.0421053
0 0.354448 0.316667 0.00337423 0.054386
0 0.629448 0.223684 0.00368098 0.0473684
0 0.631748 0.239474 0.00337423 0.0508772
0 0.680521 0.242982 0.00337423 0.0473684
0 0.708129 0.379825 0.00398773 0.0614035
0 0.582362 0.183333 0.00276074 0.0403509
0 0.674847 0.231579 0.00306748 0.045614
0 0.663804 0.3 0.00306748 0.0526316
0 0.626074 0.464912 0.00429448 0.0666667
0 0.768252 0.324561 0.00460123 0.0561404
0 0.643865 0.250877 0.00429448 0.0491228
0 0.591871 0.25 0.00276074 0.0438596
0 0.601994 0.184211 0.00337423 0.0421053
0 0.548006 0.337719 0.00337423 0.054386
0 0.681748 0.442105 0.00460123 0.0666667
0 0.710583 0.290351 0.00398773 0.054386
0 0.705215 0.324561 0.00429448 0.0561404
0 0.530061 0.290351 0.00368098 0.054386
0 0.722239 0.354386 0.00460123 0.0596491
