0 0.6 0.190351 0.00245399 0.0368421
0 0.615491 0.231579 0.00398773 0.0526316
0 0.490491 0.167544 0.00245399 0.0438596
0 0.496319 0.184211 0.00306748 0.0385965
0 0.741258 0.320175 0.00337423 0.054386
0 0.471319 0.230702 0.00276074 0.0438596
0 0.616564 0.261404 0.00368098 0.0491228
0 0.541104 0.260526 0.00306748 0.0438596
0 0.537883 0.213158 0.00276074 0.0403509
0 0.56319 0.192105 0.00245399 0.0403509
0 0.329601 0.29386 0.00337423 0.0578947
0 0.585123 0.287719 0.00337423 0.0491228
0 0.553681 0.20614 0.00306748 0.0473684
0 0.549387 0.259649 0.00368098 0.0526316
0 0.500153 0.224561 0.00337423 0.0491228
0 0.561043 0.271053 0.00306748 0.0508772
0 0.637883 0.385965 0.00398773 0.0596491
0 0.669785 0.267544 0.00337423 0.0438596
0 0.632669 0.239474 0.00398773 0.0438596
0 0.614417 0.385965 0.00368098 0.0596491
0 0.546626 0.442105 0.00429448 0.0666667
0 0.495859 0.413158 0.00398773 0.0438596
0 0.62546 0.216667 0.00306748 0.0438596
