0 0.63865 0.180702 0.00245399 0.0315789
0 0.73819 0.301754 0.00398773 0.0596491
0 0.580215 0.241228 0.00276074 0.0473684
0 0.611503 0.255263 0.00276074 0.0473684
0 0.717485 0.207895 0.00368098 0.0438596
0 0.681442 0.290351 0.00337423 0.054386
0 0.697546 0.292105 0.00306748 0.0508772
0 0.723159 0.295614 0.00398773 0.0578947
0 0.738344 0.262281 0.00245399 0.0438596
0 0.548773 0.35614 0.00368098 0.0561404
0 0.744785 0.309649 0.00429448 0.0578947
0 0.756288 0.376316 0.00337423 0.0578947
0 0.524693 0.259649 0.00276074 0.0491228
0 0.620245 0.315789 0.00306748 0.0526316
0 0.341104 0.332456 0.00306748 0.0578947
0 0.660276 0.19386 0.00398773 0.0473684
0 0.539264 0.357895 0.00368098 0.0561404
0 0.707975 0.445614 0.00429448 0.0666667
0 0.597853 0.520175 0.00490798 0.0754386
0 0.761656 0.371053 0.00368098 0.0578947
0 0.773466 0.323684 0.00460123 0.054386
0 0.658282 0.236842 0.00429448 0.0561404
