0 0.705828 0.182456 0.00429448 0.045614
0 0.627607 0.182456 0.00245399 0.0280702
0 0.72546 0.324561 0.00368098 0.0491228
0 0.667791 0.275439 0.00306748 0.0421053
0 0.679601 0.281579 0.00337423 0.0473684
0 0.702454 0.205263 0.00429448 0.0491228
0 0.571012 0.235088 0.00276074 0.045614
0 0.599693 0.252632 0.00306748 0.0491228
0 0.720092 0.254386 0.00276074 0.0526316
0 0.519632 0.254386 0.00306748 0.0491228
0 0.738497 0.329825 0.00337423 0.0561404
0 0.704601 0.30614 0.00368098 0.0614035
0 0.607669 0.315789 0.00368098 0.0526316
0 0.74954 0.394737 0.00337423 0.0596491
0 0.530675 0.357895 0.00368098 0.0561404
0 0.754601 0.375439 0.00368098 0.0561404
0 0.545859 0.354386 0.00398773 0.0526316
0 0.335429 0.32807 0.00337423 0.0596491
0 0.692945 0.458772 0.00429448 0.0684211
0 0.645552 0.195614 0.00398773 0.0473684
0 0.773773 0.325439 0.00460123 0.0508772
0 0.58681 0.541228 0.00490798 0.0754386
0 0.640491 0.237719 0.00429448 0.054386
