0 0.737577 0.324561 0.00337423 0.0561404
0 0.586043 0.309649 0.00337423 0.0508772
0 0.534509 0.318421 0.00337423 0.0473684
0 0.503988 0.242982 0.00368098 0.0508772
0 0.536043 0.267544 0.00337423 0.054386
0 0.490798 0.272807 0.00306748 0.0473684
0 0.520859 0.166667 0.00306748 0.0385965
0 0.613037 0.307895 0.00337423 0.0508772
0 0.586503 0.285088 0.00368098 0.0508772
0 0.515491 0.440351 0.00398773 0.0631579
0 0.522239 0.302632 0.00337423 0.0508772
0 0.570706 0.214912 0.00276074 0.0438596
0 0.629755 0.387719 0.00368098 0.0596491
0 0.292791 0.327193 0.00337423 0.0684211
0 0.486656 0.427193 0.00460123 0.0719298
0 0.464264 0.225439 0.00276074 0.0473684
0 0.574386 0.382456 0.00398773 0.0596491
0 0.435123 0.423684 0.00398773 0.0614035
0 0.604448 0.405263 0.00398773 0.0631579
0 0.621012 0.542982 0.00521472 0.0754386
0 0.482362 0.670175 0.00521472 0.0877193
0 0.559969 0.554386 0.00521472 0.077193
0 0.628988 0.475439 0.00460123 0.0701754
