0 0.607975 0.207895 0.00368098 0.0403509
0 0.622546 0.179825 0.00398773 0.0438596
0 0.627607 0.219298 0.00306748 0.0421053
0 0.574693 0.178947 0.00214724 0.0350877
0 0.605215 0.227193 0.00306748 0.0403509
0 0.584509 0.186842 0.00214724 0.0368421
0 0.632515 0.208772 0.00245399 0.0385965
0 0.773773 0.333333 0.00398773 0.045614
0 0.682822 0.335965 0.00306748 0.0508772
0 0.586043 0.239474 0.00276074 0.0438596
0 0.651994 0.316667 0.00337423 0.054386
0 0.674693 0.296491 0.00337423 0.0526316
0 0.35092 0.313158 0.00245399 0.0508772
0 0.530675 0.292982 0.00368098 0.0526316
0 0.61135 0.232456 0.00368098 0.0508772
0 0.613344 0.473684 0.00460123 0.0666667
0 0.682975 0.392982 0.00398773 0.0631579
0 0.638497 0.268421 0.00337423 0.0491228
0 0.517945 0.252632 0.00276074 0.0491228
0 0.54954 0.336842 0.00337423 0.0561404
0 0.650307 0.442982 0.00429448 0.0684211
0 0.700767 0.385088 0.00460123 0.0684211
0 0.652454 0.238596 0.00429448 0.0491228
