0 0.654448 0.235965 0.00337423 0.0473684
0 0.598006 0.174561 0.00337423 0.0403509
0 0.620706 0.159649 0.00276074 0.045614
0 0.628681 0.22807 0.00337423 0.045614
0 0.567791 0.203509 0.00245399 0.0385965
0 0.762883 0.324561 0.00368098 0.0596491
0 0.62684 0.251754 0.00398773 0.0508772
0 0.525 0.257895 0.00276074 0.0491228
0 0.706902 0.391228 0.00337423 0.0526316
0 0.67684 0.412281 0.00398773 0.0526316
0 0.606442 0.179825 0.00368098 0.0438596
0 0.356135 0.315789 0.00184049 0.0491228
0 0.653221 0.22807 0.00276074 0.045614
0 0.607515 0.242982 0.00276074 0.0438596
0 0.673773 0.335088 0.00337423 0.0561404
0 0.546779 0.342982 0.00398773 0.0614035
0 0.710583 0.374561 0.00398773 0.054386
0 0.656442 0.242105 0.00306748 0.045614
0 0.640337 0.183333 0.00337423 0.0368421
0 0.579141 0.209649 0.00368098 0.0508772
0 0.538804 0.304386 0.00337423 0.0614035
0 0.622393 0.484211 0.00429448 0.0701754
0 0.668558 0.308772 0.00398773 0.0561404
0 0.689571 0.308772 0.00368098 0.0596491
