0 0.746166 0.320175 0.00337423 0.054386
0 0.525767 0.170175 0.00368098 0.0421053
0 0.469939 0.219298 0.00245399 0.045614
0 0.500153 0.242982 0.00276074 0.0473684
0 0.56319 0.192105 0.00245399 0.0403509
0 0.294785 0.316667 0.00306748 0.0614035
0 0.640491 0.366667 0.00368098 0.0596491
0 0.61411 0.370175 0.00368098 0.0561404
0 0.586656 0.358772 0.00398773 0.0578947
0 0.521626 0.423684 0.00398773 0.0649123
0 0.552301 0.27193 0.00337423 0.0491228
0 0.495859 0.65614 0.00582822 0.0842105
0 0.540644 0.253509 0.00337423 0.0508772
0 0.492638 0.407018 0.00429448 0.0701754
0 0.526994 0.22193 0.00429448 0.054386
0 0.448006 0.419298 0.00398773 0.0631579
0 0.545399 0.283333 0.00306748 0.0473684
0 0.595552 0.300877 0.00337423 0.0614035
0 0.588804 0.267544 0.00398773 0.0578947
0 0.639571 0.535088 0.00490798 0.0701754
0 0.570245 0.534211 0.00490798 0.0754386
0 0.641258 0.458772 0.00460123 0.0684211
0 0.628681 0.284211 0.00398773 0.0561404
