0 0.629908 0.181579 0.00214724 0.0263158
0 0.728374 0.321053 0.00337423 0.0526316
0 0.683129 0.284211 0.00306748 0.0491228
0 0.706595 0.207018 0.00398773 0.045614
0 0.670245 0.279825 0.00306748 0.0473684
0 0.572546 0.235965 0.00276074 0.0473684
0 0.601687 0.252632 0.00276074 0.0491228
0 0.520399 0.255263 0.00276074 0.0473684
0 0.546472 0.355263 0.00398773 0.054386
0 0.610429 0.315789 0.00368098 0.0526316
0 0.724387 0.25614 0.00276074 0.0491228
0 0.741258 0.32807 0.00337423 0.0526316
0 0.336196 0.32807 0.00368098 0.0596491
0 0.648006 0.194737 0.00398773 0.0491228
0 0.708589 0.307895 0.00429448 0.0578947
0 0.532209 0.358772 0.00368098 0.0578947
0 0.757209 0.376316 0.00398773 0.0578947
0 0.75138 0.390351 0.00337423 0.0578947
0 0.695399 0.455263 0.00429448 0.0684211
0 0.588344 0.533333 0.00490798 0.077193
0 0.773773 0.324561 0.00460123 0.0526316
0 0.643712 0.235088 0.00398773 0.0561404
