0 0.644325 0.22807 0.00337423 0.0421053
0 0.617791 0.235088 0.00368098 0.045614
0 0.645092 0.213158 0.00306748 0.0403509
0 0.615798 0.238596 0.00398773 0.0526316
0 0.683436 0.298246 0.00306748 0.0491228
0 0.77546 0.334211 0.00368098 0.0438596
0 0.634356 0.189474 0.00368098 0.0421053
0 0.591104 0.184211 0.00306748 0.0421053
0 0.690337 0.329825 0.00337423 0.0491228
0 0.638957 0.27807 0.00306748 0.0508772
0 0.659509 0.445614 0.00429448 0.0666667
0 0.351994 0.314035 0.00214724 0.0491228
0 0.577147 0.179825 0.00276074 0.0403509
0 0.684049 0.386842 0.00429448 0.0649123
0 0.587577 0.241228 0.00276074 0.0403509
0 0.656288 0.309649 0.00337423 0.054386
0 0.520399 0.253509 0.00276074 0.0473684
0 0.615644 0.210526 0.00368098 0.0421053
0 0.616411 0.469298 0.00460123 0.0684211
0 0.549847 0.335965 0.00337423 0.054386
0 0.529908 0.292105 0.00337423 0.0508772
0 0.660123 0.242982 0.00429448 0.0473684
0 0.706595 0.376316 0.00521472 0.0684211
