0 0.680521 0.208772 0.00276074 0.0385965
0 0.617791 0.268421 0.00368098 0.0491228
0 0.750307 0.288596 0.00306748 0.0508772
0 0.711196 0.224561 0.00398773 0.045614
0 0.578374 0.165789 0.00398773 0.0508772
0 0.690951 0.255263 0.00276074 0.0438596
0 0.669172 0.504386 0.00460123 0.0614035
0 0.709509 0.254386 0.00429448 0.0491228
0 0.515337 0.273684 0.00368098 0.0491228
0 0.653374 0.307895 0.00306748 0.0508772
0 0.514877 0.314912 0.00337423 0.054386
0 0.642485 0.227193 0.00276074 0.0473684
0 0.703834 0.252632 0.00337423 0.0491228
0 0.606135 0.194737 0.00245399 0.0421053
0 0.61181 0.462281 0.00398773 0.0578947
0 0.679294 0.233333 0.00398773 0.0491228
0 0.73589 0.37193 0.00368098 0.0561404
0 0.638037 0.272807 0.00306748 0.0473684
0 0.512117 0.242105 0.00276074 0.0421053
0 0.586963 0.245614 0.00276074 0.045614
0 0.36411 0.314912 0.00306748 0.0684211
0 0.709202 0.352632 0.00368098 0.0561404
0 0.656442 0.244737 0.00306748 0.0368421
