0 0.66227 0.207895 0.00245399 0.0403509
0 0.355521 0.316667 0.00368098 0.054386
0 0.696166 0.257018 0.00644172 0.0508772
0 0.682055 0.232456 0.00276074 0.0403509
0 0.584202 0.183333 0.00276074 0.0368421
0 0.52638 0.258772 0.00306748 0.0473684
0 0.547086 0.339474 0.00337423 0.054386
0 0.628221 0.464912 0.00429448 0.0666667
0 0.717945 0.375439 0.00337423 0.0596491
0 0.763037 0.309649 0.00460123 0.0578947
0 0.604141 0.184211 0.00337423 0.0421053
0 0.593098 0.251754 0.00276074 0.0473684
0 0.687423 0.44386 0.00429448 0.0666667
0 0.645245 0.291228 0.00337423 0.0526316
0 0.68773 0.24386 0.00306748 0.045614
0 0.709663 0.319298 0.00398773 0.0526316
0 0.665798 0.300877 0.00337423 0.0508772
0 0.638037 0.239474 0.00306748 0.0508772
0 0.530061 0.290351 0.00368098 0.054386
0 0.648926 0.253509 0.00460123 0.0508772
0 0.728988 0.348246 0.00460123 0.0578947
0 0.632055 0.224561 0.00398773 0.0491228
0 0.718252 0.285088 0.00460123 0.0578947
