0 0.694785 0.307895 0.00306748 0.0438596
0 0.639417 0.157018 0.00337423 0.0473684
0 0.576074 0.202632 0.00245399 0.0403509
0 0.667025 0.230702 0.00337423 0.0473684
0 0.624693 0.181579 0.00337423 0.0368421
0 0.540337 0.329825 0.00337423 0.0561404
0 0.669785 0.22807 0.00337423 0.0491228
0 0.364417 0.314912 0.00245399 0.054386
0 0.674847 0.326316 0.00368098 0.0561404
0 0.768405 0.322807 0.00429448 0.0596491
0 0.655061 0.175439 0.00337423 0.0421053
0 0.528681 0.261404 0.00276074 0.045614
0 0.634663 0.183333 0.00368098 0.0438596
0 0.695245 0.410526 0.00398773 0.0631579
0 0.622393 0.271053 0.00306748 0.0473684
0 0.719325 0.380702 0.00368098 0.0596491
0 0.545092 0.321053 0.00368098 0.0596491
0 0.609202 0.214035 0.00306748 0.0491228
0 0.622393 0.470175 0.00429448 0.0666667
0 0.727914 0.373684 0.00368098 0.0526316
0 0.654141 0.259649 0.00398773 0.0491228
0 0.646472 0.235965 0.00398773 0.054386
0 0.709969 0.30614 0.00521472 0.0578947
