0 0.60046 0.210526 0.00521472 0.045614
0 0.576534 0.188596 0.00276074 0.0403509
0 0.766104 0.323684 0.00337423 0.054386
0 0.642945 0.257895 0.00306748 0.045614
0 0.571012 0.174561 0.00276074 0.0368421
0 0.641104 0.235965 0.00306748 0.0473684
0 0.607515 0.169298 0.00337423 0.0403509
0 0.673159 0.345614 0.00337423 0.0596491
0 0.598006 0.214912 0.00337423 0.0438596
0 0.602454 0.207895 0.00368098 0.0438596
0 0.623773 0.201754 0.00276074 0.0385965
0 0.585429 0.233333 0.00276074 0.045614
0 0.687577 0.391228 0.00398773 0.0561404
0 0.35092 0.312281 0.00245399 0.0526316
0 0.608282 0.227193 0.00368098 0.0473684
0 0.64816 0.322807 0.00306748 0.0526316
0 0.668712 0.299123 0.00306748 0.054386
0 0.54954 0.336842 0.00337423 0.0561404
0 0.591718 0.214912 0.00368098 0.0473684
0 0.643558 0.430702 0.00429448 0.0649123
0 0.612117 0.486842 0.00460123 0.0719298
0 0.516718 0.251754 0.00276074 0.0473684
0 0.531748 0.29386 0.00460123 0.054386
0 0.697546 0.384211 0.00490798 0.0701754
