0 0.67546 0.244737 0.00368098 0.0508772
0 0.676687 0.25 0.00368098 0.0508772
0 0.64816 0.20614 0.00306748 0.0368421
0 0.65 0.253509 0.00306748 0.0473684
0 0.348313 0.314912 0.00276074 0.054386
0 0.480368 0.279825 0.00306748 0.0508772
0 0.755982 0.314912 0.00337423 0.054386
0 0.60046 0.196491 0.00276074 0.0350877
0 0.685123 0.364035 0.00398773 0.054386
0 0.545552 0.438596 0.00398773 0.0526316
0 0.601227 0.27193 0.00368098 0.0526316
0 0.61411 0.296491 0.00306748 0.0491228
0 0.567638 0.261404 0.00276074 0.0421053
0 0.552301 0.238596 0.00276074 0.0421053
0 0.661963 0.367544 0.00368098 0.054386
0 0.540184 0.235088 0.00306748 0.045614
0 0.578528 0.464035 0.00429448 0.0649123
0 0.710276 0.242982 0.00337423 0.0438596
0 0.655521 0.229825 0.00306748 0.045614
0 0.532975 0.242982 0.00398773 0.0403509
0 0.612883 0.227193 0.00490798 0.0578947
0 0.520245 0.175439 0.00306748 0.0421053
