0 0.639571 0.228947 0.00368098 0.0473684
0 0.520092 0.214912 0.00460123 0.054386
0 0.519939 0.198246 0.00306748 0.0385965
0 0.481135 0.251754 0.00276074 0.0473684
0 0.576687 0.199123 0.00306748 0.0403509
0 0.642638 0.237719 0.00368098 0.0473684
0 0.556902 0.262281 0.00276074 0.0403509
0 0.621779 0.201754 0.00245399 0.0421053
0 0.500307 0.170175 0.00306748 0.045614
0 0.51319 0.421053 0.00429448 0.0631579
0 0.54954 0.22193 0.00276074 0.0403509
0 0.752147 0.323684 0.00368098 0.0578947
0 0.629908 0.258772 0.00398773 0.0508772
0 0.580675 0.27193 0.00306748 0.045614
0 0.596626 0.291228 0.00306748 0.0491228
0 0.573313 0.212281 0.00368098 0.0491228
0 0.656135 0.380702 0.00368098 0.0596491
0 0.346319 0.302632 0.00306748 0.0578947
0 0.519785 0.233333 0.00582822 0.0526316
0 0.632362 0.377193 0.00398773 0.0596491
0 0.638497 0.22193 0.00337423 0.0473684
0 0.555521 0.449123 0.00429448 0.0666667
0 0.648313 0.241228 0.00398773 0.0508772
0 0.570552 0.271053 0.00368098 0.054386
0 0.690798 0.259649 0.00368098 0.045614
