0 0.634049 0.225439 0.00306748 0.0508772
0 0.634969 0.223684 0.00306748 0.0473684
0 0.710736 0.261404 0.00368098 0.0350877
0 0.674387 0.214912 0.00276074 0.0438596
0 0.742485 0.273684 0.00337423 0.0526316
0 0.700153 0.278947 0.00398773 0.0561404
0 0.602454 0.194737 0.00245399 0.0421053
0 0.62546 0.464912 0.00429448 0.0666667
0 0.690337 0.238596 0.00276074 0.045614
0 0.523773 0.321053 0.00337423 0.0526316
0 0.523006 0.27807 0.00368098 0.054386
0 0.721319 0.35 0.00276074 0.0578947
0 0.668252 0.239474 0.00276074 0.0403509
0 0.369632 0.318421 0.00306748 0.0684211
0 0.644325 0.281579 0.00337423 0.0508772
0 0.595859 0.167544 0.00337423 0.0438596
0 0.662117 0.307018 0.00337423 0.0526316
0 0.519018 0.247368 0.00306748 0.0421053
0 0.592178 0.249123 0.00276074 0.045614
0 0.703834 0.255263 0.00337423 0.054386
0 0.690031 0.486842 0.00460123 0.0684211
0 0.720245 0.217544 0.00490798 0.0596491
0 0.632362 0.266667 0.00337423 0.0491228
0 0.747546 0.357018 0.00490798 0.0578947
