0 0.519939 0.165789 0.00306748 0.0403509
0 0.53681 0.263158 0.00306748 0.0526316
0 0.741258 0.323684 0.00337423 0.054386
0 0.514417 0.233333 0.00429448 0.0526316
0 0.496166 0.259649 0.00276074 0.0491228
0 0.568098 0.202632 0.00245399 0.0403509
0 0.294018 0.322807 0.00337423 0.0631579
0 0.542945 0.303509 0.00306748 0.0491228
0 0.518405 0.432456 0.00429448 0.0649123
0 0.466564 0.222807 0.00245399 0.045614
0 0.633896 0.378947 0.00398773 0.0596491
0 0.488497 0.418421 0.00460123 0.0719298
0 0.531288 0.297368 0.00306748 0.0508772
0 0.578834 0.371053 0.00368098 0.0578947
0 0.440644 0.422807 0.00398773 0.0631579
0 0.606902 0.392982 0.00398773 0.0596491
0 0.587577 0.27807 0.00398773 0.054386
0 0.489264 0.664912 0.00490798 0.0912281
0 0.628834 0.542105 0.00490798 0.0736842
0 0.590337 0.304386 0.00337423 0.0578947
0 0.619939 0.295614 0.00368098 0.054386
0 0.56411 0.545614 0.00490798 0.077193
0 0.633436 0.467544 0.00490798 0.0719298
