0 0.704448 0.178947 0.00337423 0.0350877
0 0.703528 0.191228 0.00337423 0.0385965
0 0.647546 0.182456 0.00245399 0.0280702
0 0.72454 0.260526 0.00306748 0.0473684
0 0.754141 0.360526 0.00398773 0.0649123
0 0.729141 0.259649 0.00245399 0.0421053
0 0.685276 0.300877 0.00306748 0.0473684
0 0.742178 0.350877 0.00398773 0.0596491
0 0.352454 0.32807 0.00306748 0.0631579
0 0.587883 0.235088 0.00276074 0.0491228
0 0.625 0.244737 0.00276074 0.0473684
0 0.693558 0.276316 0.00306748 0.0508772
0 0.548466 0.354386 0.00368098 0.0596491
0 0.630215 0.312281 0.00337423 0.0526316
0 0.543252 0.35 0.00368098 0.0578947
0 0.721012 0.280702 0.00398773 0.0561404
0 0.528067 0.260526 0.00276074 0.0473684
0 0.73911 0.292982 0.00460123 0.0526316
0 0.67638 0.185965 0.00429448 0.0421053
0 0.77408 0.325439 0.00460123 0.054386
0 0.71181 0.429825 0.00398773 0.0631579
0 0.606288 0.494737 0.00460123 0.0736842
0 0.668252 0.22807 0.00398773 0.0526316
