0 0.598466 0.191228 0.00245399 0.0350877
0 0.470706 0.228947 0.00276074 0.0438596
0 0.494632 0.186842 0.00276074 0.0403509
0 0.613037 0.229825 0.00337423 0.0491228
0 0.490184 0.167544 0.00245399 0.0403509
0 0.615951 0.261404 0.00368098 0.0526316
0 0.740184 0.318421 0.00368098 0.054386
0 0.540184 0.258772 0.00306748 0.0438596
0 0.537423 0.212281 0.00245399 0.0385965
0 0.548773 0.257018 0.00368098 0.0508772
0 0.562577 0.190351 0.00245399 0.0403509
0 0.560583 0.270175 0.00337423 0.0491228
0 0.583589 0.286842 0.00337423 0.0508772
0 0.498313 0.227193 0.00337423 0.0473684
0 0.553528 0.205263 0.00337423 0.0491228
0 0.328834 0.295614 0.00306748 0.0578947
0 0.635736 0.386842 0.00398773 0.0614035
0 0.546319 0.442105 0.00429448 0.0666667
0 0.668252 0.270175 0.00337423 0.0421053
0 0.613804 0.387719 0.00368098 0.0596491
0 0.624847 0.216667 0.00306748 0.0438596
0 0.495859 0.414912 0.00398773 0.0403509
0 0.631748 0.238596 0.00398773 0.045614
