0 0.71273 0.414035 0.00398773 0.0631579
0 0.51319 0.224561 0.00245399 0.0385965
0 0.603374 0.384211 0.00368098 0.0561404
0 0.77546 0.375439 0.00368098 0.0596491
0 0.788957 0.581579 0.00552147 0.0789474
0 0.649387 0.290351 0.00306748 0.0508772
0 0.482975 0.587719 0.00521472 0.0807018
0 0.616258 0.274561 0.00306748 0.0473684
0 0.571932 0.419298 0.00398773 0.0631579
0 0.621626 0.391228 0.00398773 0.0596491
0 0.493865 0.380702 0.00368098 0.0596491
0 0.777147 0.769298 0.00644172 0.1
0 0.816104 0.809649 0.00828221 0.0824561
0 0.61365 0.716667 0.00644172 0.0929825
0 0.576841 0.264035 0.00337423 0.0438596
0 0.621933 0.731579 0.00644172 0.0947368
0 0.505982 0.59386 0.00521472 0.0789474
0 0.56365 0.572807 0.00398773 0.0754386
0 0.660429 0.464035 0.00429448 0.0684211
0 0.68681 0.6 0.00552147 0.0842105
0 0.732055 0.577193 0.00521472 0.077193
0 0.276687 0.390351 0.00552147 0.0649123
0 0.564724 0.529825 0.00552147 0.077193
