0 0.71181 0.268421 0.00398773 0.0315789
0 0.677607 0.226316 0.00306748 0.0421053
0 0.595859 0.195614 0.00214724 0.0368421
0 0.711963 0.268421 0.00552147 0.0175439
0 0.745245 0.27193 0.00337423 0.0561404
0 0.650153 0.289474 0.00276074 0.0491228
0 0.53727 0.342982 0.00337423 0.0578947
0 0.634816 0.229825 0.00276074 0.045614
0 0.595245 0.25614 0.00276074 0.045614
0 0.734509 0.235965 0.00521472 0.0508772
0 0.529448 0.289474 0.00368098 0.0561404
0 0.697086 0.240351 0.00337423 0.0421053
0 0.524693 0.257018 0.00337423 0.0473684
0 0.667791 0.302632 0.00306748 0.054386
0 0.365798 0.321053 0.00276074 0.0631579
0 0.654141 0.266667 0.00460123 0.0491228
0 0.610276 0.177193 0.00276074 0.0350877
0 0.707055 0.462281 0.00429448 0.0649123
0 0.732669 0.357018 0.00276074 0.0614035
0 0.715184 0.302632 0.00460123 0.0578947
0 0.672853 0.242105 0.00460123 0.0491228
0 0.704448 0.259649 0.00337423 0.0491228
0 0.633129 0.458772 0.00429448 0.0684211
0 0.754908 0.349123 0.00429448 0.0526316
