0 0.682515 0.242105 0.00368098 0.0421053
0 0.654908 0.2 0.00245399 0.0385965
0 0.628374 0.219298 0.00398773 0.045614
0 0.525307 0.254386 0.00276074 0.045614
0 0.643558 0.284211 0.00368098 0.0526316
0 0.353988 0.314912 0.00368098 0.054386
0 0.630368 0.236842 0.00368098 0.0491228
0 0.678681 0.24386 0.00398773 0.0491228
0 0.673006 0.229825 0.00306748 0.0421053
0 0.705675 0.37807 0.00460123 0.0614035
0 0.708742 0.291228 0.00398773 0.0491228
0 0.642331 0.25 0.00429448 0.0473684
0 0.582055 0.182456 0.00276074 0.0385965
0 0.769172 0.325439 0.00460123 0.0578947
0 0.591411 0.249123 0.00245399 0.0421053
0 0.601074 0.182456 0.00337423 0.0421053
0 0.66319 0.299123 0.00306748 0.054386
0 0.625 0.465789 0.00460123 0.0684211
0 0.548006 0.336842 0.00337423 0.0526316
0 0.703988 0.324561 0.00429448 0.0561404
0 0.680061 0.442105 0.00429448 0.0666667
0 0.720859 0.357018 0.00429448 0.0578947
0 0.529908 0.289474 0.00337423 0.0526316
