0 0.660736 0.386842 0.00368098 0.0649123
0 0.659663 0.360526 0.00398773 0.054386
0 0.692485 0.259649 0.00337423 0.045614
0 0.520552 0.329825 0.00368098 0.0526316
0 0.563344 0.203509 0.00276074 0.0491228
0 0.867178 0.620175 0.00490798 0.0789474
0 0.679601 0.339474 0.00337423 0.0578947
0 0.329294 0.345614 0.00337423 0.0561404
0 0.758896 0.382456 0.00368098 0.0561404
0 0.713497 0.532456 0.00490798 0.0719298
0 0.546166 0.392105 0.00398773 0.0614035
0 0.740491 0.372807 0.00368098 0.054386
0 0.65 0.304386 0.00306748 0.0473684
0 0.507669 0.279825 0.00306748 0.0508772
0 0.93819 0.744737 0.00460123 0.0649123
0 0.695552 0.284211 0.00337423 0.0526316
0 0.734509 0.336842 0.00398773 0.0631579
0 0.788957 0.35614 0.00490798 0.0596491
0 0.670552 0.604386 0.00552147 0.0789474
0 0.507822 0.415789 0.00398773 0.0666667
0 0.620399 0.313158 0.00337423 0.054386
0 0.627761 0.283333 0.00398773 0.054386
0 0.595245 0.194737 0.00337423 0.045614
