0 0.603834 0.282456 0.00460123 0.0491228
0 0.604141 0.300877 0.00337423 0.0473684
0 0.554141 0.191228 0.00276074 0.0421053
0 0.666258 0.268421 0.00429448 0.045614
0 0.805982 0.579825 0.00521472 0.0754386
0 0.664877 0.240351 0.00460123 0.0421053
0 0.621166 0.384211 0.00306748 0.0491228
0 0.872239 0.709649 0.00521472 0.0719298
0 0.50092 0.267544 0.00306748 0.0473684
0 0.669172 0.516667 0.00460123 0.0614035
0 0.321933 0.342982 0.00337423 0.054386
0 0.715031 0.357895 0.00368098 0.0561404
0 0.49954 0.422807 0.00398773 0.0631579
0 0.784816 0.352632 0.00398773 0.0526316
0 0.630215 0.288596 0.00337423 0.0473684
0 0.62592 0.571053 0.00521472 0.0649123
0 0.655982 0.339474 0.00337423 0.054386
0 0.53635 0.397368 0.00398773 0.0649123
0 0.513957 0.322807 0.00337423 0.0561404
0 0.618252 0.361403 0.00398773 0.0491228
0 0.710123 0.330702 0.00368098 0.0614035
0 0.582515 0.189474 0.00306748 0.045614
0 0.73589 0.392982 0.00368098 0.0596491
