0 0.544018 0.154386 0.00214724 0.045614
0 0.553834 0.174561 0.00214724 0.0368421
0 0.710736 0.303509 0.00306748 0.0491228
0 0.512883 0.164035 0.00306748 0.0403509
0 0.344939 0.277193 0.00337423 0.0561404
0 0.47546 0.207018 0.00306748 0.045614
0 0.567945 0.234211 0.00276074 0.0473684
0 0.536196 0.274561 0.00306748 0.0508772
0 0.525767 0.201754 0.00245399 0.0385965
0 0.451994 0.234211 0.00276074 0.0473684
0 0.591871 0.257895 0.00276074 0.0491228
0 0.62592 0.34386 0.00337423 0.0561404
0 0.528681 0.241228 0.00276074 0.0473684
0 0.56411 0.27193 0.00306748 0.0491228
0 0.613957 0.394737 0.00398773 0.0631579
0 0.557822 0.207895 0.00276074 0.0438596
0 0.482055 0.214035 0.00276074 0.0491228
0 0.601074 0.224561 0.00398773 0.0526316
0 0.495552 0.414912 0.00398773 0.0368421
0 0.55184 0.387719 0.00368098 0.0596491
0 0.621012 0.273684 0.00398773 0.0596491
0 0.551687 0.235088 0.00337423 0.0561404
0 0.597546 0.201754 0.00368098 0.0526316
