0 0.55184 0.221053 0.00306748 0.0385965
0 0.519478 0.172807 0.00276074 0.0438596
0 0.53681 0.181579 0.00245399 0.0403509
0 0.753834 0.337719 0.00398773 0.054386
0 0.579141 0.185088 0.00245399 0.0333333
0 0.466718 0.210526 0.00276074 0.0421053
0 0.461503 0.360526 0.00337423 0.0578947
0 0.506442 0.30614 0.00306748 0.054386
0 0.305982 0.307895 0.00276074 0.0508772
0 0.528067 0.322807 0.00337423 0.0526316
0 0.588957 0.455263 0.00429448 0.0614035
0 0.605522 0.279825 0.00306748 0.0508772
0 0.60092 0.305263 0.00306748 0.045614
0 0.521166 0.341228 0.00368098 0.0578947
0 0.618865 0.335965 0.00337423 0.0578947
0 0.571166 0.605263 0.00552147 0.077193
0 0.566104 0.27807 0.00276074 0.0403509
0 0.535583 0.240351 0.00306748 0.0526316
0 0.583282 0.480702 0.00460123 0.0736842
0 0.48773 0.257018 0.00368098 0.0438596
0 0.590184 0.208772 0.00429448 0.0385965
0 0.519018 0.242105 0.00368098 0.045614
0 0.604448 0.433333 0.00398773 0.0666667
