0 0.772393 0.35 0.00368098 0.054386
0 0.499693 0.252632 0.00306748 0.0491228
0 0.496933 0.39386 0.00368098 0.0614035
0 0.49862 0.54386 0.00521472 0.077193
0 0.491104 0.528947 0.00490798 0.0754386
0 0.634816 0.233333 0.00276074 0.045614
0 0.604448 0.407895 0.00398773 0.0578947
0 0.30138 0.368421 0.00398773 0.0631579
0 0.654908 0.458772 0.00429448 0.0614035
0 0.670092 0.417544 0.00398773 0.0631579
0 0.699233 0.487719 0.00460123 0.0666667
0 0.613804 0.285088 0.00306748 0.0508772
0 0.522393 0.211404 0.00245399 0.054386
0 0.664724 0.490351 0.00490798 0.0719298
0 0.573773 0.485965 0.00460123 0.0666667
0 0.705828 0.364035 0.00429448 0.0614035
0 0.552301 0.407895 0.00398773 0.0614035
0 0.563957 0.702632 0.00644172 0.0929825
0 0.577147 0.405263 0.00337423 0.0561404
0 0.539571 0.659649 0.00552147 0.0807018
0 0.723159 0.562281 0.00521472 0.0684211
0 0.741258 0.659649 0.00582822 0.0842105
0 0.775767 0.576316 0.00613497 0.0859649
