0 0.468712 0.330702 0.00429448 0.0578947
0 0.533436 0.301754 0.00368098 0.0421053
0 0.496012 0.203509 0.00245399 0.0280702
0 0.584049 0.39386 0.00429448 0.0614035
0 0.311503 0.314035 0.00337423 0.0526316
0 0.693252 0.30614 0.00306748 0.0438596
0 0.646319 0.219298 0.00245399 0.0421053
0 0.469785 0.281579 0.00276074 0.0403509
0 0.523926 0.271053 0.00306748 0.0368421
0 0.719018 0.309649 0.00368098 0.0508772
0 0.467178 0.344737 0.00368098 0.0578947
0 0.630521 0.228947 0.00276074 0.0438596
0 0.594479 0.272807 0.00306748 0.0403509
0 0.472393 0.313158 0.00306748 0.0508772
0 0.596012 0.35 0.00368098 0.0508772
0 0.71319 0.440351 0.00429448 0.0491228
0 0.517025 0.464035 0.00460123 0.0684211
0 0.624693 0.288596 0.00398773 0.054386
0 0.525307 0.539474 0.00521472 0.0719298
0 0.646779 0.572807 0.00521472 0.0789474
0 0.550767 0.414912 0.00398773 0.0614035
0 0.609816 0.235088 0.00368098 0.045614
0 0.506748 0.20614 0.00306748 0.0403509
0 0.523466 0.594737 0.00521472 0.0807018
