0 0.298006 0.384211 0.00337423 0.0596491
0 0.516718 0.260526 0.00276074 0.0473684
0 0.593865 0.430702 0.00429448 0.0649123
0 0.791411 0.773684 0.00674847 0.0947368
0 0.717945 0.413158 0.00398773 0.0649123
0 0.772546 0.614035 0.00521472 0.077193
0 0.590184 0.723684 0.00490798 0.0894737
0 0.649847 0.277193 0.00337423 0.0491228
0 0.703681 0.626316 0.00552147 0.0807018
0 0.770552 0.37807 0.00368098 0.0614035
0 0.61319 0.296491 0.00306748 0.0526316
0 0.599233 0.750877 0.00644172 0.0982456
0 0.719479 0.684211 0.00644172 0.0807018
0 0.502147 0.614035 0.00552147 0.0842105
0 0.660583 0.501754 0.00460123 0.0666667
0 0.495859 0.428947 0.00398773 0.0649123
0 0.671012 0.47807 0.00460123 0.0719298
0 0.580368 0.463158 0.00429448 0.0666667
0 0.507975 0.612281 0.00552147 0.0842105
0 0.552454 0.25 0.00429448 0.0438596
0 0.849387 0.646491 0.00613497 0.0824561
0 0.580828 0.581579 0.00521472 0.0894737
0 0.571012 0.52807 0.00582822 0.0842105
