0 0.66273 0.244737 0.00337423 0.0438596
0 0.712883 0.282456 0.00306748 0.0491228
0 0.609509 0.259649 0.00306748 0.0421053
0 0.703528 0.381579 0.00398773 0.0614035
0 0.706135 0.289474 0.00429448 0.0561404
0 0.483896 0.292105 0.00276074 0.0438596
0 0.706442 0.357895 0.00429448 0.0596491
0 0.56135 0.348246 0.00368098 0.0578947
0 0.581595 0.155263 0.00368098 0.0438596
0 0.594479 0.3 0.00306748 0.045614
0 0.481135 0.320175 0.00337423 0.0508772
0 0.535276 0.47193 0.00429448 0.0666667
0 0.330215 0.327193 0.00337423 0.054386
0 0.490184 0.37807 0.00368098 0.0578947
0 0.686963 0.266667 0.00276074 0.045614
0 0.651841 0.367544 0.00429448 0.0614035
0 0.717025 0.381579 0.00460123 0.0578947
0 0.554448 0.189474 0.00398773 0.0526316
0 0.76227 0.664912 0.00674847 0.101754
0 0.741104 0.636842 0.00552147 0.0877193
0 0.619632 0.239474 0.00368098 0.0508772
0 0.686043 0.560526 0.00521472 0.0754386
0 0.628988 0.386842 0.00398773 0.0649123
