0 0.528374 0.365789 0.00337423 0.0508772
0 0.307975 0.331579 0.00306748 0.0526316
0 0.532822 0.185088 0.00245399 0.0403509
0 0.537117 0.380702 0.00368098 0.0561404
0 0.552454 0.186842 0.00306748 0.0403509
0 0.497086 0.3 0.00337423 0.0491228
0 0.510276 0.397368 0.00337423 0.0614035
0 0.545245 0.261404 0.00276074 0.0421053
0 0.60184 0.203509 0.00245399 0.0350877
0 0.553374 0.277193 0.00306748 0.045614
0 0.554141 0.474561 0.00460123 0.054386
0 0.653528 0.392982 0.00398773 0.0596491
0 0.479908 0.242105 0.00276074 0.045614
0 0.769785 0.349123 0.00337423 0.0561404
0 0.471319 0.403509 0.00398773 0.0631579
0 0.646012 0.551754 0.00490798 0.0719298
0 0.572239 0.25 0.00276074 0.0438596
0 0.67592 0.642105 0.00521472 0.077193
0 0.636196 0.353509 0.00429448 0.0578947
0 0.590337 0.323684 0.00276074 0.0473684
0 0.579755 0.466667 0.00429448 0.0596491
0 0.612423 0.24386 0.00398773 0.0350877
0 0.628988 0.314035 0.00460123 0.0561404
