0 0.51135 0.17807 0.00245399 0.0333333
0 0.530215 0.151754 0.00214724 0.0403509
0 0.463804 0.166667 0.00306748 0.0350877
0 0.543558 0.167544 0.00245399 0.0403509
0 0.544018 0.377193 0.00398773 0.0596491
0 0.603067 0.222807 0.00306748 0.0491228
0 0.528221 0.269298 0.00306748 0.0473684
0 0.552147 0.27193 0.00306748 0.0491228
0 0.559356 0.158772 0.00337423 0.0368421
0 0.316718 0.296491 0.00460123 0.0526316
0 0.522699 0.202632 0.00245399 0.0438596
0 0.72454 0.304386 0.00368098 0.054386
0 0.582515 0.250877 0.00306748 0.0491228
0 0.565337 0.270175 0.00306748 0.0491228
0 0.602454 0.264912 0.00306748 0.0491228
0 0.465031 0.273684 0.00306748 0.0491228
0 0.480675 0.211404 0.00306748 0.054386
0 0.622853 0.335965 0.00337423 0.054386
0 0.57408 0.211404 0.00337423 0.0438596
0 0.604601 0.368421 0.00368098 0.0596491
0 0.495092 0.410526 0.00368098 0.0421053
0 0.579295 0.175439 0.00276074 0.0385965
0 0.539417 0.237719 0.00337423 0.054386
