0 0.513497 0.15614 0.00245399 0.0421053
0 0.504755 0.170175 0.00276074 0.0350877
0 0.517791 0.163158 0.00306748 0.0350877
0 0.501687 0.17807 0.00337423 0.0368421
0 0.568558 0.249123 0.00276074 0.0421053
0 0.496472 0.255263 0.00276074 0.0438596
0 0.496626 0.435088 0.00245399 0.0491228
0 0.564724 0.212281 0.00368098 0.0421053
0 0.311043 0.292982 0.00306748 0.0526316
0 0.533742 0.283333 0.00306748 0.0508772
0 0.452761 0.17193 0.00306748 0.0385965
0 0.552607 0.165789 0.00337423 0.0368421
0 0.56273 0.169298 0.00398773 0.0368421
0 0.596319 0.266667 0.00306748 0.0491228
0 0.618252 0.336842 0.00337423 0.0491228
0 0.728988 0.307018 0.00337423 0.0526316
0 0.528221 0.372807 0.00368098 0.0578947
0 0.590031 0.228947 0.00337423 0.0508772
0 0.533896 0.241228 0.00337423 0.054386
0 0.453067 0.292982 0.00306748 0.0526316
0 0.545552 0.266667 0.00337423 0.045614
0 0.478067 0.207895 0.00276074 0.0473684
0 0.604141 0.385088 0.00398773 0.0614035
