0 0.565337 0.182456 0.00245399 0.0315789
0 0.519785 0.187719 0.00276074 0.0385965
0 0.555521 0.172807 0.00245399 0.0368421
0 0.512117 0.162281 0.00214724 0.0403509
0 0.521779 0.171053 0.00306748 0.0368421
0 0.521626 0.27807 0.00276074 0.0473684
0 0.507515 0.488596 0.00460123 0.0614035
0 0.578067 0.260526 0.00276074 0.0333333
0 0.452761 0.183333 0.00306748 0.0438596
0 0.528528 0.297368 0.00306748 0.0508772
0 0.589417 0.24386 0.00276074 0.045614
0 0.493558 0.264912 0.00306748 0.0491228
0 0.502914 0.192105 0.00337423 0.0438596
0 0.59908 0.284211 0.00306748 0.0491228
0 0.543558 0.394737 0.00368098 0.0596491
0 0.736503 0.318421 0.00368098 0.054386
0 0.480675 0.216667 0.00306748 0.0473684
0 0.451687 0.313158 0.00337423 0.054386
0 0.603988 0.361403 0.00368098 0.0561404
0 0.560276 0.22807 0.00276074 0.0421053
0 0.307055 0.29386 0.00306748 0.0508772
0 0.584202 0.392982 0.00398773 0.0561404
0 0.533282 0.234211 0.00337423 0.0578947
