0 0.512423 0.181579 0.00214724 0.0333333
0 0.46273 0.164912 0.00276074 0.0385965
0 0.530368 0.152632 0.00245399 0.0385965
0 0.571932 0.210526 0.00337423 0.045614
0 0.321933 0.292105 0.00337423 0.0508772
0 0.558436 0.161404 0.00276074 0.0350877
0 0.540644 0.168421 0.00214724 0.0385965
0 0.529755 0.270175 0.00306748 0.0491228
0 0.546933 0.378947 0.00368098 0.0596491
0 0.580828 0.176316 0.00276074 0.0368421
0 0.463344 0.265789 0.00276074 0.0473684
0 0.625153 0.337719 0.00368098 0.054386
0 0.555215 0.265789 0.00306748 0.0473684
0 0.719785 0.303509 0.00337423 0.0526316
0 0.600767 0.222807 0.00337423 0.0491228
0 0.522853 0.209649 0.00276074 0.0438596
0 0.585429 0.251754 0.00276074 0.0473684
0 0.564724 0.270175 0.00306748 0.0491228
0 0.602761 0.267544 0.00306748 0.0473684
0 0.606442 0.37193 0.00368098 0.0596491
0 0.495245 0.411404 0.00337423 0.0403509
0 0.481288 0.214912 0.00306748 0.0508772
0 0.539264 0.231579 0.00306748 0.0526316
