0 0.527147 0.153509 0.00276074 0.0403509
0 0.574386 0.173684 0.00337423 0.0350877
0 0.564417 0.265789 0.00306748 0.0473684
0 0.313804 0.300877 0.00245399 0.054386
0 0.508589 0.167544 0.00306748 0.0403509
0 0.579295 0.250877 0.00276074 0.045614
0 0.522699 0.262281 0.00306748 0.0473684
0 0.521166 0.195614 0.00245399 0.0403509
0 0.465644 0.171053 0.00306748 0.0403509
0 0.728988 0.30614 0.00337423 0.054386
0 0.622853 0.330702 0.00337423 0.054386
0 0.602301 0.223684 0.00337423 0.0508772
0 0.575153 0.214035 0.00368098 0.045614
0 0.559663 0.163158 0.00337423 0.0350877
0 0.546012 0.27807 0.00306748 0.0508772
0 0.60184 0.266667 0.00306748 0.0491228
0 0.539264 0.369298 0.00368098 0.0614035
0 0.495552 0.407018 0.00398773 0.0561404
0 0.541104 0.165789 0.00306748 0.0403509
0 0.464724 0.279825 0.00306748 0.0508772
0 0.603681 0.364912 0.00368098 0.0561404
0 0.540031 0.241228 0.00337423 0.054386
0 0.481288 0.207895 0.00306748 0.0508772
