0 0.503681 0.17193 0.00368098 0.0385965
0 0.504908 0.176316 0.00368098 0.0368421
0 0.515491 0.157018 0.00276074 0.0403509
0 0.50138 0.250877 0.00276074 0.045614
0 0.554141 0.163158 0.00337423 0.0385965
0 0.456135 0.174561 0.00306748 0.0403509
0 0.520859 0.163158 0.00306748 0.0385965
0 0.564417 0.168421 0.00368098 0.0385965
0 0.313497 0.296491 0.00245399 0.0561404
0 0.537423 0.282456 0.00306748 0.0491228
0 0.531595 0.366667 0.00368098 0.0596491
0 0.621626 0.331579 0.00337423 0.0561404
0 0.571319 0.248246 0.00276074 0.0438596
0 0.597853 0.261404 0.00306748 0.0491228
0 0.567791 0.211404 0.00368098 0.0473684
0 0.728221 0.307895 0.00368098 0.054386
0 0.457055 0.285965 0.00306748 0.0491228
0 0.593712 0.224561 0.00337423 0.0526316
0 0.496166 0.423684 0.00337423 0.054386
0 0.53635 0.241228 0.00337423 0.054386
0 0.553221 0.264912 0.00337423 0.0491228
0 0.479448 0.20614 0.00306748 0.0508772
0 0.604601 0.377193 0.00368098 0.0561404
