0 0.504294 0.170175 0.00306748 0.0350877
0 0.513957 0.15614 0.00276074 0.0421053
0 0.502147 0.175439 0.00306748 0.0350877
0 0.518098 0.162281 0.00306748 0.0368421
0 0.534356 0.284211 0.00306748 0.0491228
0 0.497393 0.253509 0.00276074 0.0438596
0 0.311503 0.292105 0.00276074 0.054386
0 0.453374 0.17193 0.00306748 0.0385965
0 0.496166 0.430702 0.00276074 0.0473684
0 0.565337 0.211404 0.00368098 0.0438596
0 0.552914 0.164912 0.00337423 0.0350877
0 0.568865 0.249123 0.00276074 0.0421053
0 0.619172 0.336842 0.00337423 0.0491228
0 0.596626 0.266667 0.00306748 0.0491228
0 0.563037 0.169298 0.00398773 0.0368421
0 0.528221 0.37193 0.00368098 0.0561404
0 0.590644 0.226316 0.00337423 0.0526316
0 0.728988 0.307895 0.00337423 0.054386
0 0.534356 0.242105 0.00368098 0.0561404
0 0.453681 0.292105 0.00306748 0.0508772
0 0.547699 0.266667 0.00337423 0.045614
0 0.604294 0.380702 0.00368098 0.0596491
0 0.478374 0.207895 0.00276074 0.0473684
