0 0.299233 0.388597 0.00398773 0.0614035
0 0.516258 0.265789 0.00306748 0.0473684
0 0.717945 0.412281 0.00398773 0.0666667
0 0.665951 0.518421 0.00490798 0.0684211
0 0.593712 0.433333 0.00398773 0.0666667
0 0.788804 0.772807 0.00644172 0.0929825
0 0.774847 0.618421 0.00552147 0.0754386
0 0.597239 0.754386 0.00613497 0.0982456
0 0.672086 0.482456 0.00429448 0.0666667
0 0.771012 0.377193 0.00337423 0.0596491
0 0.61319 0.299123 0.00306748 0.0508772
0 0.649693 0.276316 0.00306748 0.0508772
0 0.704295 0.629825 0.00552147 0.0807018
0 0.581902 0.466667 0.00429448 0.0701754
0 0.587117 0.725439 0.00490798 0.0964912
0 0.495859 0.433333 0.00398773 0.0666667
0 0.50092 0.614912 0.00552147 0.0824561
0 0.549847 0.250877 0.00460123 0.045614
0 0.582975 0.582456 0.00521472 0.0912281
0 0.508436 0.612281 0.00521472 0.0842105
0 0.719479 0.679825 0.00582822 0.0859649
0 0.848006 0.650877 0.00582822 0.0807018
0 0.570706 0.526316 0.00582822 0.0842105
