0 0.308589 0.323684 0.00368098 0.054386
0 0.546166 0.173684 0.00337423 0.045614
0 0.637577 0.357018 0.00337423 0.0508772
0 0.548773 0.295614 0.00306748 0.0508772
0 0.67684 0.37807 0.00337423 0.0578947
0 0.58865 0.270175 0.00306748 0.045614
0 0.482055 0.364035 0.00398773 0.0578947
0 0.526994 0.188596 0.00306748 0.0438596
0 0.644632 0.242105 0.00276074 0.045614
0 0.483129 0.3 0.00306748 0.0526316
0 0.552301 0.351754 0.00337423 0.0578947
0 0.59908 0.644737 0.00552147 0.0684211
0 0.652301 0.261404 0.00276074 0.045614
0 0.606902 0.385088 0.00398773 0.0614035
0 0.478221 0.326316 0.00306748 0.0596491
0 0.668712 0.235965 0.00306748 0.0438596
0 0.485736 0.471053 0.00460123 0.0684211
0 0.722393 0.314912 0.00368098 0.0473684
0 0.608282 0.27193 0.00306748 0.045614
0 0.734356 0.438596 0.00429448 0.0666667
0 0.654141 0.604386 0.00521472 0.0824561
0 0.575767 0.430702 0.00429448 0.0684211
0 0.610583 0.580702 0.00460123 0.077193
