0 0.481442 0.3 0.00337423 0.0561404
0 0.547546 0.185965 0.00306748 0.045614
0 0.57454 0.157018 0.00368098 0.0473684
0 0.599693 0.259649 0.00306748 0.045614
0 0.715491 0.288596 0.00276074 0.0438596
0 0.482669 0.290351 0.00276074 0.0473684
0 0.584663 0.295614 0.00306748 0.0508772
0 0.68911 0.359649 0.00398773 0.0666667
0 0.655368 0.242982 0.00337423 0.0473684
0 0.682515 0.264912 0.00306748 0.0491228
0 0.324387 0.327193 0.00337423 0.054386
0 0.48773 0.37193 0.00368098 0.0596491
0 0.684356 0.369298 0.00368098 0.0649123
0 0.478067 0.317544 0.00276074 0.0526316
0 0.639417 0.373684 0.00337423 0.0561404
0 0.561043 0.348246 0.00368098 0.0578947
0 0.683589 0.576316 0.00521472 0.0789474
0 0.517178 0.477193 0.00429448 0.0701754
0 0.721626 0.640351 0.00705521 0.0912281
0 0.616718 0.4 0.00398773 0.0631579
0 0.608896 0.240351 0.00368098 0.0491228
0 0.717178 0.386842 0.00429448 0.0614035
0 0.707975 0.636842 0.00490798 0.0807018
0 0.694785 0.283333 0.00429448 0.054386
