0 0.525153 0.182456 0.00306748 0.045614
0 0.558589 0.173684 0.00245399 0.0350877
0 0.52592 0.197368 0.00337423 0.0403509
0 0.524693 0.17193 0.00276074 0.0385965
0 0.455061 0.186842 0.00276074 0.0438596
0 0.51273 0.162281 0.00214724 0.0368421
0 0.517025 0.285088 0.00276074 0.0473684
0 0.526994 0.3 0.00306748 0.0491228
0 0.571012 0.187719 0.00398773 0.0385965
0 0.505675 0.203509 0.00337423 0.0421053
0 0.496626 0.272807 0.00306748 0.0473684
0 0.582822 0.271053 0.00306748 0.0368421
0 0.599693 0.37193 0.00368098 0.0526316
0 0.604755 0.290351 0.00276074 0.0508772
0 0.560276 0.237719 0.00276074 0.0403509
0 0.551687 0.407018 0.00398773 0.0631579
0 0.740184 0.32193 0.00368098 0.054386
0 0.590951 0.252632 0.00276074 0.045614
0 0.577761 0.401754 0.00398773 0.0491228
0 0.453681 0.319298 0.00368098 0.0561404
0 0.517945 0.511404 0.00460123 0.0649123
0 0.482055 0.224561 0.00276074 0.0491228
0 0.306288 0.294737 0.00276074 0.0491228
0 0.532975 0.231579 0.00337423 0.0526316
