0 0.558436 0.166667 0.00276074 0.0350877
0 0.455982 0.228947 0.00276074 0.0438596
0 0.6 0.261404 0.00306748 0.0596491
0 0.555521 0.177193 0.00245399 0.0385965
0 0.718252 0.302632 0.00337423 0.054386
0 0.559969 0.165789 0.00276074 0.0403509
0 0.502147 0.162281 0.00368098 0.0438596
0 0.577454 0.227193 0.00276074 0.0473684
0 0.338804 0.279825 0.00398773 0.0614035
0 0.567331 0.274561 0.00337423 0.0508772
0 0.533129 0.251754 0.00245399 0.0438596
0 0.530368 0.20614 0.00245399 0.0403509
0 0.482975 0.214912 0.00276074 0.0473684
0 0.606902 0.208772 0.00337423 0.0491228
0 0.559816 0.209649 0.00306748 0.0438596
0 0.478221 0.196491 0.00368098 0.045614
0 0.550767 0.403509 0.00398773 0.0631579
0 0.61089 0.229825 0.00398773 0.0491228
0 0.626994 0.359649 0.00368098 0.0561404
0 0.606288 0.4 0.00398773 0.0631579
0 0.495552 0.414912 0.00398773 0.0368421
0 0.544479 0.271053 0.00306748 0.0508772
0 0.635123 0.272807 0.00398773 0.0508772
0 0.550614 0.241228 0.00368098 0.054386
