0 0.299693 0.389474 0.00368098 0.0631579
0 0.516104 0.265789 0.00276074 0.0438596
0 0.717331 0.410526 0.00398773 0.0631579
0 0.649693 0.274561 0.00306748 0.0508772
0 0.593558 0.434211 0.00429448 0.0649123
0 0.667945 0.52807 0.00521472 0.0736842
0 0.597086 0.755263 0.00644172 0.1
0 0.787577 0.772807 0.00644172 0.0964912
0 0.613037 0.299123 0.00337423 0.0508772
0 0.672853 0.485965 0.00460123 0.0666667
0 0.771166 0.376316 0.00368098 0.0614035
0 0.775613 0.619298 0.00521472 0.077193
0 0.582209 0.467544 0.00429448 0.0684211
0 0.585736 0.727193 0.00460123 0.0964912
0 0.50092 0.614035 0.00552147 0.0877193
0 0.495706 0.435965 0.00429448 0.0649123
0 0.704601 0.624561 0.00552147 0.0842105
0 0.583896 0.580702 0.00521472 0.0912281
0 0.54862 0.248246 0.00460123 0.0473684
0 0.508742 0.612281 0.00521472 0.0842105
0 0.719479 0.675439 0.00582822 0.0877193
0 0.847393 0.650877 0.00582822 0.0807018
0 0.570706 0.525439 0.00582822 0.0859649
