0 0.68819 0.326316 0.00398773 0.0561404
0 0.697239 0.355263 0.00368098 0.0508772
0 0.645706 0.230702 0.00368098 0.0438596
0 0.593405 0.392105 0.00337423 0.0578947
0 0.547239 0.188596 0.00245399 0.0403509
0 0.591104 0.295614 0.00306748 0.0473684
0 0.761963 0.557018 0.00490798 0.0719298
0 0.613344 0.275439 0.00276074 0.0421053
0 0.647086 0.262281 0.00460123 0.0403509
0 0.816258 0.669298 0.00552147 0.0684211
0 0.496166 0.264035 0.00276074 0.0473684
0 0.590951 0.362281 0.00398773 0.0508772
0 0.317331 0.341228 0.00337423 0.054386
0 0.781902 0.354386 0.00368098 0.0561404
0 0.572699 0.187719 0.00306748 0.0421053
0 0.714724 0.394737 0.00429448 0.0631579
0 0.63865 0.336842 0.00306748 0.0491228
0 0.509356 0.317544 0.00337423 0.0561404
0 0.642791 0.498246 0.00460123 0.0666667
0 0.529601 0.399123 0.00398773 0.0614035
0 0.492791 0.423684 0.00398773 0.0649123
0 0.600153 0.551754 0.00521472 0.0684211
0 0.58589 0.283333 0.00490798 0.0508772
