0 0.648926 0.276316 0.00337423 0.0473684
0 0.512423 0.266667 0.00276074 0.045614
0 0.702761 0.558772 0.00552147 0.0789474
0 0.717331 0.405263 0.00398773 0.0631579
0 0.592025 0.569298 0.00429448 0.0789474
0 0.699233 0.591228 0.00582822 0.0877193
0 0.592178 0.471053 0.00398773 0.0649123
0 0.772239 0.365789 0.00337423 0.0578947
0 0.302607 0.385965 0.00398773 0.0631579
0 0.567025 0.510526 0.00460123 0.0701754
0 0.571932 0.715789 0.00582822 0.0947368
0 0.772239 0.599123 0.00521472 0.0684211
0 0.495092 0.432456 0.00368098 0.0649123
0 0.498006 0.599123 0.00521472 0.0824561
0 0.617178 0.304386 0.00306748 0.0508772
0 0.776841 0.740351 0.00644172 0.0947368
0 0.592485 0.429825 0.00398773 0.0631579
0 0.509816 0.599123 0.00552147 0.0824561
0 0.590031 0.753509 0.00644172 0.1
0 0.68589 0.476316 0.00429448 0.0684211
0 0.829755 0.635088 0.00552147 0.077193
0 0.53773 0.238596 0.00490798 0.0491228
