0 0.553988 0.220175 0.00429448 0.054386
0 0.541718 0.152632 0.00245399 0.0421053
0 0.565491 0.233333 0.00276074 0.0421053
0 0.554294 0.169298 0.00245399 0.0368421
0 0.517331 0.164912 0.00276074 0.0385965
0 0.452607 0.237719 0.00276074 0.0473684
0 0.524847 0.2 0.00245399 0.0421053
0 0.474233 0.207895 0.00245399 0.0438596
0 0.344939 0.278947 0.00337423 0.0561404
0 0.534356 0.273684 0.00306748 0.0491228
0 0.589724 0.255263 0.00276074 0.0473684
0 0.564417 0.27193 0.00306748 0.0491228
0 0.594785 0.2 0.00368098 0.0526316
0 0.710736 0.304386 0.00306748 0.0473684
0 0.527761 0.237719 0.00276074 0.0473684
0 0.625307 0.342105 0.00337423 0.0561404
0 0.495399 0.414035 0.00368098 0.0350877
0 0.555982 0.207895 0.00276074 0.0438596
0 0.481902 0.214035 0.00306748 0.0491228
0 0.551227 0.384211 0.00368098 0.0596491
0 0.59954 0.222807 0.00398773 0.0596491
0 0.615798 0.389474 0.00398773 0.0596491
0 0.617945 0.271053 0.00398773 0.0578947
0 0.551074 0.233333 0.00337423 0.0526316
