0 0.346166 0.339474 0.00337423 0.054386
0 0.598313 0.165789 0.00337423 0.0473684
0 0.491258 0.304386 0.00276074 0.0508772
0 0.755215 0.407018 0.00490798 0.0701754
0 0.566258 0.350877 0.00368098 0.0561404
0 0.718865 0.539474 0.00521472 0.0649123
0 0.635276 0.282456 0.00306748 0.0491228
0 0.606288 0.310526 0.00337423 0.0526316
0 0.86411 0.712281 0.00736196 0.108772
0 0.819018 0.634211 0.00552147 0.0578947
0 0.501687 0.387719 0.00398773 0.0631579
0 0.696012 0.258772 0.00306748 0.0508772
0 0.745245 0.370175 0.00521472 0.0666667
0 0.690031 0.27807 0.00398773 0.054386
0 0.493405 0.342105 0.00398773 0.0561404
0 0.592178 0.494737 0.00460123 0.0701754
0 0.688344 0.366667 0.00368098 0.0561404
0 0.653528 0.262281 0.00398773 0.054386
0 0.722699 0.299123 0.00429448 0.0578947
0 0.567945 0.20614 0.00398773 0.0508772
0 0.655828 0.362281 0.00368098 0.0614035
0 0.732669 0.374561 0.00521472 0.0719298
0 0.709202 0.275439 0.00429448 0.0561404
