0 0.515798 0.152632 0.00276074 0.0385965
0 0.514877 0.157018 0.00276074 0.0403509
0 0.503221 0.175439 0.00337423 0.0350877
0 0.499233 0.253509 0.00276074 0.0438596
0 0.519018 0.164035 0.00306748 0.0368421
0 0.621319 0.335965 0.00337423 0.0473684
0 0.312883 0.29386 0.00245399 0.054386
0 0.56365 0.167544 0.00398773 0.0368421
0 0.454448 0.17193 0.00276074 0.0385965
0 0.534969 0.284211 0.00306748 0.0491228
0 0.553221 0.163158 0.00337423 0.0350877
0 0.566564 0.213158 0.00429448 0.0473684
0 0.570399 0.249123 0.00276074 0.0421053
0 0.496012 0.427193 0.00306748 0.0508772
0 0.597239 0.263158 0.00306748 0.0491228
0 0.528988 0.366667 0.00337423 0.0561404
0 0.455215 0.286842 0.00306748 0.0508772
0 0.535429 0.241228 0.00337423 0.054386
0 0.728681 0.307018 0.00337423 0.0561404
0 0.592025 0.22807 0.00368098 0.0526316
0 0.478681 0.205263 0.00276074 0.0491228
0 0.55092 0.266667 0.00368098 0.0491228
0 0.604294 0.380702 0.00368098 0.0596491
