0 0.514724 0.265789 0.00245399 0.0438596
0 0.64954 0.276316 0.00337423 0.0508772
0 0.777761 0.622807 0.00582822 0.077193
0 0.717025 0.407895 0.00398773 0.0649123
0 0.593405 0.434211 0.00398773 0.0649123
0 0.301074 0.387719 0.00398773 0.0631579
0 0.678681 0.54386 0.00521472 0.0736842
0 0.771779 0.373684 0.00368098 0.0596491
0 0.613804 0.300877 0.00306748 0.0473684
0 0.705215 0.603509 0.00552147 0.0701754
0 0.712883 0.637719 0.00613497 0.0824561
0 0.784509 0.758772 0.00644172 0.0964912
0 0.495245 0.439474 0.00398773 0.0649123
0 0.584816 0.471053 0.00398773 0.0684211
0 0.544479 0.247368 0.00490798 0.0491228
0 0.499847 0.605263 0.00521472 0.0807018
0 0.580982 0.721053 0.00490798 0.0947368
0 0.678068 0.482456 0.00460123 0.0701754
0 0.595399 0.757895 0.00674847 0.101754
0 0.509356 0.609649 0.00521472 0.0824561
0 0.58635 0.579825 0.00521472 0.0929825
0 0.842791 0.647368 0.00644172 0.0842105
0 0.570245 0.519298 0.00613497 0.0877193
