0 0.649693 0.276316 0.00306748 0.0508772
0 0.513957 0.265789 0.00276074 0.0438596
0 0.717331 0.40614 0.00398773 0.0649123
0 0.68681 0.553509 0.00490798 0.0719298
0 0.586196 0.471053 0.00429448 0.0649123
0 0.30138 0.388597 0.00398773 0.0649123
0 0.771779 0.371053 0.00368098 0.0578947
0 0.593098 0.434211 0.00398773 0.0649123
0 0.705215 0.59386 0.00552147 0.0824561
0 0.783896 0.755263 0.00644172 0.1
0 0.495245 0.437719 0.00398773 0.0649123
0 0.775767 0.608772 0.00552147 0.0807018
0 0.578988 0.72193 0.00521472 0.0929825
0 0.614724 0.302632 0.00306748 0.0508772
0 0.71089 0.623684 0.00582822 0.0859649
0 0.499386 0.604386 0.00552147 0.0859649
0 0.569939 0.520175 0.00613497 0.0859649
0 0.542485 0.244737 0.00460123 0.0508772
0 0.593712 0.758772 0.00705521 0.1
0 0.587883 0.574561 0.00521472 0.0929825
0 0.680521 0.482456 0.00460123 0.0701754
0 0.509509 0.605263 0.00552147 0.0807018
0 0.839571 0.649123 0.00613497 0.077193
