0 0.570245 0.171053 0.00368098 0.0403509
0 0.514417 0.181579 0.00306748 0.0403509
0 0.463497 0.173684 0.00306748 0.0421053
0 0.531595 0.163158 0.00306748 0.0385965
0 0.521166 0.154386 0.00306748 0.0421053
0 0.557669 0.160526 0.00306748 0.0368421
0 0.513497 0.257018 0.00306748 0.0508772
0 0.507362 0.166667 0.00368098 0.0421053
0 0.728067 0.30614 0.00337423 0.054386
0 0.312883 0.299123 0.00245399 0.054386
0 0.561503 0.264035 0.00337423 0.0473684
0 0.541411 0.281579 0.00306748 0.0508772
0 0.60184 0.268421 0.00306748 0.0491228
0 0.59954 0.224561 0.00337423 0.0526316
0 0.53589 0.367544 0.00368098 0.0578947
0 0.576074 0.248246 0.00306748 0.0473684
0 0.622853 0.329825 0.00337423 0.0561404
0 0.461963 0.282456 0.00306748 0.0526316
0 0.571932 0.213158 0.00398773 0.0508772
0 0.496166 0.414035 0.00337423 0.0561404
0 0.604294 0.371053 0.00368098 0.0578947
0 0.540031 0.242105 0.00337423 0.0561404
0 0.481902 0.207018 0.00306748 0.0526316
