0 0.796166 0.419298 0.00521472 0.0701754
0 0.731595 0.325439 0.00429448 0.0508772
0 0.661196 0.322807 0.00337423 0.0491228
0 0.514877 0.392105 0.00398773 0.0649123
0 0.726534 0.308772 0.00398773 0.045614
0 0.731288 0.3 0.00368098 0.045614
0 0.507822 0.311404 0.00337423 0.054386
0 0.358129 0.342105 0.00337423 0.0596491
0 0.677147 0.314912 0.00337423 0.0473684
0 0.738497 0.308772 0.00398773 0.0491228
0 0.632822 0.32807 0.00368098 0.0561404
0 0.734049 0.367544 0.00490798 0.0578947
0 0.680061 0.548246 0.00490798 0.0684211
0 0.765951 0.511404 0.00490798 0.054386
0 0.891104 0.637719 0.00736196 0.0859649
0 0.757362 0.357895 0.00429448 0.0561404
0 0.76319 0.372807 0.00490798 0.0649123
0 0.572699 0.373684 0.00368098 0.0596491
0 0.971166 0.766667 0.00858896 0.0877193
0 0.584356 0.220175 0.00368098 0.0473684
0 0.518712 0.342982 0.00368098 0.0578947
0 0.611963 0.187719 0.00368098 0.0491228
0 0.699386 0.314035 0.00429448 0.0631579
