0 0.529294 0.158772 0.00276074 0.0403509
0 0.530828 0.164035 0.00276074 0.0403509
0 0.710736 0.303509 0.00306748 0.0491228
0 0.556135 0.161404 0.00306748 0.0385965
0 0.58589 0.182456 0.00245399 0.0350877
0 0.518405 0.187719 0.00245399 0.0385965
0 0.524693 0.22193 0.00276074 0.0438596
0 0.557515 0.247368 0.00337423 0.0526316
0 0.466564 0.184211 0.00306748 0.0421053
0 0.586656 0.253509 0.00276074 0.0473684
0 0.564724 0.270175 0.00306748 0.0491228
0 0.629908 0.338596 0.00337423 0.0561404
0 0.530215 0.270175 0.00276074 0.0491228
0 0.458129 0.251754 0.00276074 0.0473684
0 0.548313 0.373684 0.00398773 0.0596491
0 0.604141 0.267544 0.00337423 0.0508772
0 0.615031 0.374561 0.00368098 0.0578947
0 0.561963 0.207018 0.00306748 0.045614
0 0.481595 0.216667 0.00306748 0.0508772
0 0.495399 0.410526 0.00306748 0.0385965
0 0.543405 0.230702 0.00337423 0.054386
0 0.598313 0.220175 0.00398773 0.0578947
0 0.336503 0.281579 0.00306748 0.054386
