0 0.997546 0.775439 0.00368098 0.0912281
0 0.779601 0.511404 0.00460123 0.0508772
0 0.751074 0.357018 0.00398773 0.054386
0 0.803834 0.413158 0.00398773 0.0649123
0 0.776687 0.371053 0.00368098 0.054386
0 0.74816 0.321053 0.00490798 0.0526316
0 0.719172 0.580702 0.00521472 0.0491228
0 0.641564 0.327193 0.00337423 0.0508772
0 0.35046 0.340351 0.00337423 0.0561404
0 0.757362 0.35 0.00429448 0.0508772
0 0.516871 0.304386 0.00306748 0.054386
0 0.742945 0.312281 0.00429448 0.045614
0 0.747853 0.384211 0.00490798 0.0596491
0 0.591104 0.219298 0.00306748 0.045614
0 0.918558 0.642982 0.00582822 0.0789474
0 0.520706 0.394737 0.00398773 0.0631579
0 0.527301 0.342105 0.00368098 0.0561404
0 0.736656 0.312281 0.00398773 0.045614
0 0.569018 0.383333 0.00368098 0.0578947
0 0.669172 0.326316 0.00337423 0.0561404
0 0.674233 0.29386 0.00368098 0.0508772
0 0.619479 0.196491 0.00337423 0.045614
0 0.713344 0.320175 0.00398773 0.0614035
