0 0.740337 0.361403 0.00398773 0.0526316
0 0.997699 0.773684 0.00337423 0.0736842
0 0.740031 0.389474 0.00460123 0.0596491
0 0.588344 0.214035 0.00306748 0.045614
0 0.767638 0.330702 0.00582822 0.0614035
0 0.345245 0.344737 0.00337423 0.0578947
0 0.780368 0.375439 0.00368098 0.0596491
0 0.736963 0.310526 0.00398773 0.045614
0 0.517485 0.3 0.00306748 0.0526316
0 0.669785 0.327193 0.00337423 0.054386
0 0.801074 0.410526 0.00460123 0.0666667
0 0.742638 0.313158 0.00429448 0.0473684
0 0.565644 0.385965 0.00368098 0.0596491
0 0.620245 0.200877 0.00306748 0.0438596
0 0.529294 0.339474 0.00398773 0.054386
0 0.643098 0.322807 0.00337423 0.0526316
0 0.520092 0.397368 0.00398773 0.0614035
0 0.667638 0.286842 0.00398773 0.0508772
0 0.779755 0.531579 0.00490798 0.0701754
0 0.714264 0.329825 0.00398773 0.0631579
0 0.753681 0.332456 0.00490798 0.054386
0 0.923466 0.635088 0.00644172 0.0982456
0 0.723006 0.592982 0.00552147 0.0701754
