0 0.545705 0.155263 0.00245399 0.0438596
0 0.554141 0.176316 0.00214724 0.0333333
0 0.71135 0.307018 0.00306748 0.0526316
0 0.510276 0.162281 0.00276074 0.0403509
0 0.344172 0.278947 0.00368098 0.0631579
0 0.47592 0.207018 0.00276074 0.045614
0 0.53865 0.272807 0.00306748 0.0508772
0 0.452454 0.232456 0.00245399 0.0473684
0 0.52638 0.204386 0.00245399 0.0403509
0 0.593558 0.259649 0.00306748 0.0491228
0 0.563804 0.273684 0.00306748 0.0491228
0 0.569479 0.234211 0.00276074 0.0473684
0 0.529908 0.245614 0.00276074 0.045614
0 0.481902 0.214912 0.00306748 0.0473684
0 0.626074 0.349123 0.00368098 0.0596491
0 0.59954 0.203509 0.00337423 0.0491228
0 0.559049 0.208772 0.00276074 0.0421053
0 0.62362 0.273684 0.00368098 0.0561404
0 0.612577 0.398246 0.00368098 0.0631579
0 0.551687 0.392105 0.00398773 0.0614035
0 0.602454 0.225439 0.00368098 0.0508772
0 0.495706 0.414035 0.00368098 0.0350877
0 0.55184 0.236842 0.00368098 0.0526316
