0 0.533282 0.259649 0.00337423 0.0596491
0 0.51319 0.155263 0.00245399 0.0403509
0 0.505828 0.176316 0.00306748 0.0333333
0 0.56411 0.214035 0.00306748 0.0421053
0 0.517485 0.166667 0.00306748 0.0350877
0 0.496933 0.435965 0.00245399 0.0473684
0 0.495552 0.255263 0.00276074 0.0438596
0 0.501227 0.17807 0.00306748 0.0368421
0 0.568098 0.249123 0.00245399 0.0385965
0 0.552454 0.165789 0.00306748 0.0368421
0 0.452147 0.172807 0.00306748 0.0403509
0 0.532822 0.284211 0.00306748 0.0491228
0 0.310583 0.29386 0.00276074 0.054386
0 0.56273 0.171053 0.00398773 0.0368421
0 0.729601 0.308772 0.00337423 0.0526316
0 0.528834 0.372807 0.00368098 0.0578947
0 0.596012 0.268421 0.00306748 0.0491228
0 0.604141 0.390351 0.00398773 0.0578947
0 0.616411 0.338596 0.00337423 0.0526316
0 0.589264 0.230702 0.00306748 0.0473684
0 0.452454 0.294737 0.00306748 0.0526316
0 0.477761 0.207895 0.00276074 0.0473684
0 0.533742 0.241228 0.00368098 0.054386
0 0.543712 0.266667 0.00337423 0.045614
