0 0.481442 0.282456 0.00214724 0.0421053
0 0.480215 0.361403 0.00337423 0.0561404
0 0.492638 0.464912 0.00429448 0.0491228
0 0.308742 0.318421 0.00337423 0.054386
0 0.70138 0.332456 0.00337423 0.0508772
0 0.51365 0.194737 0.00276074 0.0421053
0 0.608896 0.347368 0.00368098 0.0561404
0 0.480982 0.316667 0.00306748 0.054386
0 0.547393 0.329825 0.00337423 0.0561404
0 0.625307 0.240351 0.00337423 0.045614
0 0.735429 0.451754 0.00398773 0.0649123
0 0.638804 0.235088 0.00276074 0.045614
0 0.718712 0.307895 0.00368098 0.0508772
0 0.534969 0.276316 0.00306748 0.0508772
0 0.591564 0.392105 0.00398773 0.0614035
0 0.521319 0.189474 0.00337423 0.0421053
0 0.652147 0.615789 0.00552147 0.0842105
0 0.632055 0.287719 0.00337423 0.0491228
0 0.599693 0.27193 0.00306748 0.0491228
0 0.658436 0.216667 0.00276074 0.0403509
0 0.541718 0.630702 0.00552147 0.0824561
0 0.558436 0.557018 0.00521472 0.0789474
0 0.56135 0.427193 0.00429448 0.0649123
