0 0.494939 0.309649 0.00337423 0.054386
0 0.897393 0.731579 0.00766871 0.0912281
0 0.769018 0.398246 0.00490798 0.0596491
0 0.502454 0.341228 0.00368098 0.054386
0 0.702761 0.260526 0.00306748 0.0473684
0 0.700767 0.287719 0.00398773 0.0526316
0 0.61089 0.307018 0.00337423 0.0491228
0 0.351687 0.342105 0.00337423 0.0561404
0 0.617945 0.510526 0.00460123 0.0666667
0 0.569325 0.358772 0.00368098 0.0578947
0 0.643252 0.29386 0.00306748 0.0473684
0 0.841718 0.635965 0.00552147 0.0684211
0 0.505061 0.389474 0.00398773 0.0631579
0 0.603528 0.172807 0.00337423 0.0473684
0 0.701994 0.365789 0.00398773 0.0614035
0 0.731288 0.529825 0.00490798 0.0701754
0 0.751074 0.372807 0.00521472 0.0684211
0 0.712577 0.287719 0.00490798 0.0561404
0 0.570399 0.214035 0.00398773 0.0491228
0 0.727607 0.301754 0.00429448 0.0561404
0 0.665798 0.280702 0.00398773 0.0561404
0 0.740798 0.37193 0.00552147 0.077193
0 0.664571 0.353509 0.00398773 0.0614035
