0 0.643252 0.237719 0.00306748 0.0403509
0 0.306442 0.321053 0.00306748 0.0561404
0 0.523773 0.190351 0.00276074 0.0403509
0 0.540798 0.17807 0.00368098 0.0438596
0 0.603221 0.388597 0.00398773 0.0614035
0 0.682515 0.374561 0.00368098 0.0578947
0 0.482822 0.298246 0.00306748 0.0526316
0 0.551227 0.35 0.00368098 0.054386
0 0.481748 0.361403 0.00398773 0.0561404
0 0.544325 0.294737 0.00337423 0.0491228
0 0.629141 0.357018 0.00368098 0.0578947
0 0.591411 0.27193 0.00306748 0.045614
0 0.645706 0.25614 0.00306748 0.045614
0 0.478834 0.325439 0.00306748 0.0614035
0 0.61319 0.27807 0.00306748 0.0438596
0 0.667025 0.230702 0.00337423 0.0438596
0 0.485276 0.464035 0.00429448 0.0684211
0 0.653374 0.614035 0.00552147 0.0842105
0 0.580368 0.648246 0.00613497 0.0894737
0 0.597239 0.569298 0.00490798 0.0789474
0 0.722699 0.311404 0.00368098 0.0508772
0 0.736043 0.445614 0.00460123 0.0666667
0 0.571472 0.428947 0.00429448 0.0649123
