0 0.306595 0.321053 0.00337423 0.0526316
0 0.519018 0.19386 0.00245399 0.0438596
0 0.618098 0.351754 0.00368098 0.0578947
0 0.641258 0.238596 0.00337423 0.045614
0 0.482209 0.289474 0.00245399 0.045614
0 0.531748 0.182456 0.00398773 0.0421053
0 0.694018 0.354386 0.00337423 0.0491228
0 0.538804 0.285965 0.00276074 0.0491228
0 0.549847 0.345614 0.00337423 0.0596491
0 0.481595 0.358772 0.00368098 0.0578947
0 0.480061 0.322807 0.00306748 0.0596491
0 0.596319 0.27193 0.00306748 0.0491228
0 0.72546 0.313158 0.00368098 0.0508772
0 0.622546 0.284211 0.00337423 0.0491228
0 0.596166 0.390351 0.00398773 0.0614035
0 0.635429 0.248246 0.00337423 0.0508772
0 0.486196 0.457895 0.00429448 0.0631579
0 0.652454 0.62193 0.00552147 0.0824561
0 0.73865 0.454386 0.00429448 0.0666667
0 0.663344 0.222807 0.00276074 0.0421053
0 0.558129 0.641228 0.00582822 0.0859649
0 0.577454 0.561404 0.00521472 0.0807018
0 0.566871 0.429825 0.00429448 0.0701754
