0 0.763804 0.410526 0.00490798 0.0701754
0 0.884202 0.721053 0.00705521 0.0912281
0 0.504755 0.386842 0.00398773 0.0649123
0 0.349233 0.340351 0.00337423 0.0561404
0 0.493712 0.307018 0.00276074 0.0526316
0 0.72638 0.534211 0.00490798 0.0719298
0 0.498466 0.341228 0.00368098 0.054386
0 0.567791 0.355263 0.00368098 0.0578947
0 0.608436 0.308772 0.00337423 0.0526316
0 0.606595 0.505263 0.00460123 0.0701754
0 0.640337 0.291228 0.00337423 0.0491228
0 0.749386 0.371053 0.00552147 0.0649123
0 0.833589 0.636842 0.00521472 0.0596491
0 0.601687 0.170175 0.00337423 0.045614
0 0.696626 0.367544 0.00368098 0.0578947
0 0.699847 0.259649 0.00337423 0.0491228
0 0.696472 0.285965 0.00398773 0.0526316
0 0.725767 0.302632 0.00429448 0.0578947
0 0.661043 0.275439 0.00368098 0.0561404
0 0.711043 0.281579 0.00490798 0.0578947
0 0.569325 0.208772 0.00429448 0.0491228
0 0.73727 0.376316 0.00521472 0.0719298
0 0.661043 0.355263 0.00368098 0.0614035
