0 0.53635 0.181579 0.00214724 0.0403509
0 0.550614 0.220175 0.00306748 0.0333333
0 0.518865 0.172807 0.00276074 0.0438596
0 0.577914 0.185088 0.00245399 0.0333333
0 0.521626 0.338596 0.00337423 0.0596491
0 0.466258 0.208772 0.00245399 0.0421053
0 0.460736 0.354386 0.00368098 0.0596491
0 0.526841 0.321053 0.00337423 0.0526316
0 0.505828 0.304386 0.00306748 0.0508772
0 0.306288 0.305263 0.00276074 0.0491228
0 0.617638 0.333333 0.00337423 0.0561404
0 0.589264 0.450877 0.00429448 0.0561404
0 0.598773 0.301754 0.00306748 0.045614
0 0.753374 0.337719 0.00368098 0.054386
0 0.568252 0.601754 0.00521472 0.0807018
0 0.604601 0.279825 0.00306748 0.0508772
0 0.565644 0.27807 0.00245399 0.0403509
0 0.48727 0.255263 0.00337423 0.0438596
0 0.603988 0.429825 0.00429448 0.0666667
0 0.518252 0.238596 0.00337423 0.045614
0 0.535276 0.239474 0.00306748 0.0508772
0 0.589264 0.209649 0.00429448 0.0368421
0 0.581442 0.477193 0.00460123 0.0701754
