0 0.64954 0.276316 0.00337423 0.0508772
0 0.513957 0.265789 0.00276074 0.0438596
0 0.684202 0.549123 0.00521472 0.0666667
0 0.717331 0.40614 0.00398773 0.0649123
0 0.593405 0.434211 0.00398773 0.0649123
0 0.30138 0.389474 0.00398773 0.0631579
0 0.771779 0.371053 0.00368098 0.0614035
0 0.58589 0.47193 0.00429448 0.0631579
0 0.77638 0.609649 0.00552147 0.0789474
0 0.704601 0.595614 0.00552147 0.0789474
0 0.495245 0.437719 0.00398773 0.0649123
0 0.783742 0.754386 0.00674847 0.0982456
0 0.614571 0.302632 0.00337423 0.0508772
0 0.579601 0.720175 0.00521472 0.0929825
0 0.71089 0.627193 0.00582822 0.0824561
0 0.499693 0.605263 0.00552147 0.0842105
0 0.594172 0.757895 0.00674847 0.101754
0 0.542791 0.244737 0.00460123 0.0508772
0 0.587577 0.575439 0.00521472 0.0947368
0 0.569939 0.519298 0.00613497 0.0877193
0 0.679908 0.481579 0.00460123 0.0719298
0 0.509509 0.60614 0.00552147 0.0824561
0 0.840491 0.647368 0.00613497 0.0842105
