0 0.544479 0.217544 0.00306748 0.0421053
0 0.516718 0.170175 0.00276074 0.0421053
0 0.572853 0.182456 0.00214724 0.0350877
0 0.533129 0.178947 0.00245399 0.0421053
0 0.503374 0.291228 0.00306748 0.0491228
0 0.520399 0.314035 0.00337423 0.0526316
0 0.463344 0.203509 0.00276074 0.045614
0 0.522853 0.330702 0.00337423 0.0508772
0 0.459049 0.344737 0.00337423 0.0578947
0 0.486043 0.244737 0.00337423 0.0438596
0 0.305982 0.304386 0.00276074 0.0473684
0 0.601534 0.27193 0.00306748 0.0491228
0 0.751074 0.335965 0.00398773 0.054386
0 0.602454 0.417544 0.00368098 0.0631579
0 0.615798 0.320175 0.00337423 0.054386
0 0.534356 0.235965 0.00306748 0.0508772
0 0.592025 0.297368 0.00306748 0.0473684
0 0.555828 0.57807 0.00552147 0.0824561
0 0.564571 0.267544 0.00276074 0.0403509
0 0.515184 0.228947 0.00337423 0.0438596
0 0.574386 0.457895 0.00460123 0.0666667
0 0.58589 0.436842 0.00429448 0.0666667
0 0.585276 0.202632 0.00429448 0.0403509
