0 0.555061 0.177193 0.00337423 0.0526316
0 0.535429 0.154386 0.00276074 0.0421053
0 0.523773 0.164912 0.00276074 0.0385965
0 0.523773 0.19386 0.00276074 0.0403509
0 0.554294 0.164912 0.00306748 0.0421053
0 0.710736 0.302632 0.00306748 0.0473684
0 0.626534 0.338596 0.00337423 0.0561404
0 0.454448 0.241228 0.00276074 0.0438596
0 0.562117 0.237719 0.00337423 0.0508772
0 0.590644 0.190351 0.00337423 0.0473684
0 0.527147 0.231579 0.00276074 0.045614
0 0.343098 0.278947 0.00337423 0.0561404
0 0.611196 0.269298 0.00337423 0.0508772
0 0.471166 0.200877 0.00245399 0.0438596
0 0.58727 0.253509 0.00276074 0.0473684
0 0.532822 0.27193 0.00306748 0.0526316
0 0.56411 0.272807 0.00306748 0.0508772
0 0.481595 0.214035 0.00306748 0.0526316
0 0.495245 0.412281 0.00337423 0.0385965
0 0.549387 0.377193 0.00368098 0.0596491
0 0.617945 0.383333 0.00398773 0.0578947
0 0.598466 0.221053 0.00429448 0.0596491
0 0.548926 0.230702 0.00337423 0.054386
0 0.555828 0.20614 0.00306748 0.0473684
