0 0.690184 0.365789 0.00736196 0.0649123
0 0.481748 0.3 0.00337423 0.0561404
0 0.575767 0.155263 0.00368098 0.0473684
0 0.548926 0.188596 0.00337423 0.0473684
0 0.60138 0.258772 0.00337423 0.0473684
0 0.482669 0.290351 0.00276074 0.0473684
0 0.32546 0.327193 0.00306748 0.054386
0 0.683436 0.266667 0.00306748 0.0491228
0 0.643098 0.372807 0.00398773 0.0578947
0 0.715184 0.289474 0.00276074 0.045614
0 0.58681 0.299123 0.00306748 0.0508772
0 0.488344 0.372807 0.00368098 0.0578947
0 0.692178 0.35614 0.00398773 0.0631579
0 0.478528 0.317544 0.00306748 0.0526316
0 0.687423 0.372807 0.00368098 0.0614035
0 0.56135 0.347368 0.00368098 0.0561404
0 0.656135 0.242105 0.00368098 0.0491228
0 0.520092 0.473684 0.00460123 0.0666667
0 0.684049 0.572807 0.00552147 0.0789474
0 0.696626 0.285965 0.00429448 0.0526316
0 0.728988 0.647368 0.00705521 0.0877193
0 0.619018 0.396491 0.00429448 0.0666667
0 0.610736 0.241228 0.00368098 0.0508772
0 0.71411 0.638596 0.00490798 0.0807018
0 0.716564 0.384211 0.00429448 0.0631579
