0 0.522393 0.192105 0.00306748 0.0403509
0 0.567485 0.183333 0.00245399 0.0333333
0 0.522853 0.17193 0.00276074 0.0385965
0 0.556748 0.17193 0.00245399 0.0350877
0 0.519018 0.280702 0.00306748 0.0491228
0 0.512117 0.162281 0.00214724 0.0403509
0 0.453834 0.184211 0.00276074 0.0385965
0 0.494172 0.267544 0.00306748 0.0473684
0 0.581135 0.267544 0.00276074 0.0368421
0 0.547239 0.4 0.00368098 0.0631579
0 0.589417 0.249123 0.00276074 0.045614
0 0.527914 0.299123 0.00306748 0.0508772
0 0.503834 0.196491 0.00337423 0.0421053
0 0.452607 0.314912 0.00337423 0.0508772
0 0.559969 0.231579 0.00276074 0.0421053
0 0.601227 0.286842 0.00306748 0.0508772
0 0.737883 0.319298 0.00337423 0.0526316
0 0.602147 0.363158 0.00368098 0.0561404
0 0.481442 0.220175 0.00276074 0.0473684
0 0.511503 0.5 0.00460123 0.0666667
0 0.580828 0.396491 0.00398773 0.0561404
0 0.306595 0.29386 0.00276074 0.0508772
0 0.533282 0.232456 0.00337423 0.054386
