0 0.522086 0.164035 0.00306748 0.0403509
0 0.53773 0.153509 0.00245399 0.0403509
0 0.554448 0.164912 0.00276074 0.0385965
0 0.52454 0.194737 0.00245399 0.0385965
0 0.563037 0.235965 0.00276074 0.0438596
0 0.710736 0.304386 0.00306748 0.0473684
0 0.613497 0.270175 0.00306748 0.0491228
0 0.625614 0.341228 0.00337423 0.054386
0 0.453681 0.240351 0.00245399 0.045614
0 0.343865 0.278947 0.00368098 0.0561404
0 0.472393 0.202632 0.00245399 0.0403509
0 0.591871 0.192982 0.00337423 0.0491228
0 0.533282 0.272807 0.00337423 0.0508772
0 0.58773 0.254386 0.00306748 0.0491228
0 0.56411 0.27193 0.00306748 0.0491228
0 0.527454 0.232456 0.00276074 0.0438596
0 0.495245 0.411404 0.00337423 0.0368421
0 0.481595 0.214035 0.00306748 0.0526316
0 0.55 0.378947 0.00368098 0.0596491
0 0.617791 0.384211 0.00368098 0.0596491
0 0.598466 0.22193 0.00429448 0.0614035
0 0.550307 0.229825 0.00368098 0.0526316
0 0.554908 0.205263 0.00306748 0.0491228
