0 0.708896 0.295614 0.00368098 0.0438596
0 0.778834 0.407895 0.00490798 0.0578947
0 0.638497 0.520175 0.00460123 0.0368421
0 0.923466 0.747368 0.00705521 0.101754
0 0.742791 0.521053 0.00521472 0.0631579
0 0.497546 0.309649 0.00306748 0.0508772
0 0.710123 0.270175 0.00306748 0.0491228
0 0.571626 0.362281 0.00398773 0.0578947
0 0.355368 0.342982 0.00337423 0.0578947
0 0.617331 0.313158 0.00337423 0.0508772
0 0.754448 0.367544 0.00460123 0.0649123
0 0.648926 0.307018 0.00337423 0.045614
0 0.507362 0.391228 0.00368098 0.0631579
0 0.67638 0.292105 0.00368098 0.054386
0 0.731442 0.30614 0.00460123 0.0578947
0 0.508282 0.340351 0.00368098 0.0561404
0 0.606748 0.177193 0.00368098 0.0491228
0 0.716104 0.295614 0.00460123 0.054386
0 0.859049 0.640351 0.00521472 0.0666667
0 0.746779 0.373684 0.00521472 0.0736842
0 0.57408 0.217544 0.00398773 0.0491228
0 0.71135 0.364912 0.00368098 0.0561404
0 0.670399 0.341228 0.00337423 0.0578947
