0 0.551994 0.304386 0.00337423 0.0508772
0 0.675767 0.376316 0.00368098 0.0578947
0 0.308742 0.323684 0.00337423 0.054386
0 0.548006 0.17193 0.00337423 0.045614
0 0.640491 0.357895 0.00368098 0.0561404
0 0.552761 0.351754 0.00368098 0.0578947
0 0.528221 0.188596 0.00306748 0.0438596
0 0.483436 0.3 0.00306748 0.0526316
0 0.482515 0.365789 0.00368098 0.0614035
0 0.644632 0.242105 0.00276074 0.045614
0 0.58773 0.270175 0.00306748 0.045614
0 0.478221 0.326316 0.00306748 0.0596491
0 0.605828 0.653509 0.00613497 0.0894737
0 0.607975 0.383333 0.00368098 0.0614035
0 0.669632 0.237719 0.00306748 0.0438596
0 0.655368 0.261404 0.00337423 0.045614
0 0.656135 0.601754 0.00552147 0.0807018
0 0.732515 0.432456 0.00429448 0.0649123
0 0.606288 0.268421 0.00337423 0.0421053
0 0.486196 0.47193 0.00429448 0.0666667
0 0.722699 0.313158 0.00368098 0.0508772
0 0.578067 0.424561 0.00398773 0.0666667
0 0.616104 0.584211 0.00460123 0.077193
