0 0.998006 0.772807 0.00276074 0.0754386
0 0.980982 0.749123 0.00490798 0.0526316
0 0.777607 0.403509 0.00368098 0.0561404
0 0.982669 0.762281 0.00460123 0.0578947
0 0.704908 0.365789 0.00368098 0.054386
0 0.702301 0.337719 0.00337423 0.054386
0 0.77546 0.386842 0.00429448 0.0614035
0 0.573773 0.208772 0.00276074 0.045614
0 0.702454 0.386842 0.00429448 0.0578947
0 0.727914 0.301754 0.00368098 0.045614
0 0.716871 0.285965 0.00368098 0.0491228
0 0.754294 0.542982 0.00490798 0.0754386
0 0.666411 0.325439 0.00337423 0.054386
0 0.555215 0.387719 0.00368098 0.0561404
0 0.78773 0.361403 0.00429448 0.0491228
0 0.336963 0.345614 0.00337423 0.0561404
0 0.52592 0.336842 0.00398773 0.0526316
0 0.752761 0.35 0.00429448 0.0508772
0 0.512883 0.289474 0.00306748 0.0526316
0 0.515031 0.407895 0.00368098 0.0614035
0 0.636196 0.32193 0.00368098 0.054386
0 0.608129 0.198246 0.00337423 0.045614
0 0.906288 0.632456 0.00582822 0.0859649
0 0.649387 0.281579 0.00429448 0.0578947
0 0.706442 0.621053 0.00552147 0.0807018
