0 0.997393 0.77193 0.00398773 0.0807018
0 0.778834 0.35 0.00552147 0.054386
0 0.580828 0.212281 0.00276074 0.045614
0 0.72454 0.362281 0.00368098 0.0614035
0 0.729601 0.3 0.00398773 0.045614
0 0.722853 0.388597 0.00398773 0.0649123
0 0.780368 0.385965 0.00368098 0.0596491
0 0.340951 0.34386 0.00337423 0.0561404
0 0.73865 0.312281 0.00368098 0.045614
0 0.515491 0.294737 0.00337423 0.0526316
0 0.528067 0.337719 0.00398773 0.054386
0 0.560583 0.387719 0.00398773 0.0596491
0 0.793558 0.414912 0.00490798 0.0684211
0 0.641411 0.323684 0.00368098 0.054386
0 0.710429 0.337719 0.00368098 0.0649123
0 0.669479 0.327193 0.00337423 0.0578947
0 0.919325 0.640351 0.00613497 0.0912281
0 0.771166 0.54386 0.00490798 0.077193
0 0.518252 0.403509 0.00398773 0.0631579
0 0.756288 0.349123 0.00460123 0.0561404
0 0.614724 0.197368 0.00306748 0.0473684
0 0.718558 0.609649 0.00582822 0.0824561
0 0.659049 0.282456 0.00460123 0.0596491
