0 0.521319 0.189474 0.00276074 0.0385965
0 0.566564 0.185088 0.00245399 0.0333333
0 0.522393 0.170175 0.00306748 0.0385965
0 0.519785 0.279825 0.00276074 0.0473684
0 0.556135 0.17193 0.00245399 0.0350877
0 0.512117 0.162281 0.00214724 0.0403509
0 0.509663 0.496491 0.00460123 0.0666667
0 0.580215 0.264035 0.00276074 0.0333333
0 0.453374 0.182456 0.00306748 0.0385965
0 0.589417 0.246491 0.00276074 0.0473684
0 0.545859 0.396491 0.00398773 0.0631579
0 0.493712 0.265789 0.00276074 0.0473684
0 0.503221 0.196491 0.00337423 0.0421053
0 0.528221 0.298246 0.00306748 0.0526316
0 0.603067 0.361403 0.00368098 0.0561404
0 0.452301 0.313158 0.00337423 0.054386
0 0.560123 0.229825 0.00245399 0.0421053
0 0.6 0.285088 0.00306748 0.0508772
0 0.737423 0.318421 0.00368098 0.0508772
0 0.481135 0.219298 0.00276074 0.045614
0 0.582362 0.394737 0.00398773 0.0561404
0 0.306748 0.29386 0.00306748 0.0508772
0 0.533282 0.233333 0.00337423 0.0561404
