0 0.597393 0.252632 0.00398773 0.0561404
0 0.505215 0.171053 0.00490798 0.0403509
0 0.507362 0.175439 0.00368098 0.0385965
0 0.503988 0.164912 0.00306748 0.0421053
0 0.516871 0.155263 0.00245399 0.0403509
0 0.565798 0.168421 0.00337423 0.0385965
0 0.457975 0.173684 0.00306748 0.0385965
0 0.313804 0.296491 0.00245399 0.0561404
0 0.538037 0.281579 0.00306748 0.0508772
0 0.572853 0.247368 0.00276074 0.045614
0 0.554908 0.163158 0.00306748 0.0385965
0 0.52362 0.163158 0.00306748 0.0385965
0 0.621933 0.329825 0.00337423 0.0561404
0 0.504448 0.250877 0.00276074 0.045614
0 0.533129 0.364912 0.00368098 0.0596491
0 0.595706 0.226316 0.00306748 0.0491228
0 0.556288 0.266667 0.00337423 0.0491228
0 0.568865 0.211404 0.00398773 0.0473684
0 0.598773 0.261404 0.00306748 0.0491228
0 0.728067 0.307895 0.00337423 0.054386
0 0.458589 0.285965 0.00306748 0.0526316
0 0.480215 0.20614 0.00276074 0.0508772
0 0.496472 0.417544 0.00337423 0.0526316
0 0.537577 0.242105 0.00337423 0.0561404
0 0.604294 0.373684 0.00368098 0.0596491
