0 0.530675 0.152632 0.00306748 0.0385965
0 0.530215 0.164035 0.00276074 0.0403509
0 0.710736 0.303509 0.00306748 0.0491228
0 0.555521 0.162281 0.00306748 0.0403509
0 0.466871 0.185965 0.00306748 0.0421053
0 0.518712 0.187719 0.00245399 0.0385965
0 0.586196 0.183333 0.00245399 0.0368421
0 0.525 0.22193 0.00276074 0.0438596
0 0.557822 0.245614 0.00337423 0.0526316
0 0.58681 0.253509 0.00306748 0.0473684
0 0.629908 0.336842 0.00337423 0.0561404
0 0.564571 0.270175 0.00337423 0.0491228
0 0.457822 0.251754 0.00276074 0.0473684
0 0.548159 0.373684 0.00368098 0.0596491
0 0.530368 0.270175 0.00306748 0.0491228
0 0.615644 0.374561 0.00368098 0.0578947
0 0.56135 0.207018 0.00306748 0.045614
0 0.481595 0.216667 0.00306748 0.0508772
0 0.495245 0.409649 0.00337423 0.0403509
0 0.604448 0.267544 0.00337423 0.0508772
0 0.337117 0.280702 0.00306748 0.0561404
0 0.543865 0.229825 0.00368098 0.0561404
0 0.598466 0.221053 0.00429448 0.0561404
