0 0.297086 0.382456 0.00337423 0.0561404
0 0.517025 0.260526 0.00276074 0.0473684
0 0.591564 0.724561 0.00521472 0.0842105
0 0.593865 0.430702 0.00429448 0.0649123
0 0.793098 0.775439 0.00644172 0.0947368
0 0.703681 0.626316 0.00552147 0.0807018
0 0.6 0.75 0.00613497 0.1
0 0.770552 0.378947 0.00368098 0.0596491
0 0.718252 0.414912 0.00398773 0.0649123
0 0.772546 0.614912 0.00521472 0.0754386
0 0.649693 0.27807 0.00306748 0.0508772
0 0.658896 0.496491 0.00429448 0.0666667
0 0.61319 0.296491 0.00306748 0.0526316
0 0.670552 0.478947 0.00429448 0.0701754
0 0.502301 0.615789 0.00582822 0.0877193
0 0.495859 0.427193 0.00398773 0.0649123
0 0.507669 0.613158 0.00552147 0.0859649
0 0.720245 0.689474 0.00613497 0.0736842
0 0.579755 0.462281 0.00429448 0.0649123
0 0.553528 0.252632 0.00460123 0.045614
0 0.580215 0.581579 0.00521472 0.0894737
0 0.849847 0.647368 0.00582822 0.0807018
0 0.571012 0.526316 0.00582822 0.0842105
