0 0.563497 0.181579 0.00245399 0.0333333
0 0.511963 0.160526 0.00245399 0.0403509
0 0.516258 0.187719 0.00306748 0.0385965
0 0.539264 0.387719 0.00368098 0.0596491
0 0.554141 0.170175 0.00276074 0.0350877
0 0.451994 0.17807 0.00337423 0.0438596
0 0.492638 0.262281 0.00306748 0.0473684
0 0.520092 0.170175 0.00276074 0.0385965
0 0.529294 0.294737 0.00337423 0.0491228
0 0.502454 0.474561 0.00429448 0.0614035
0 0.573773 0.259649 0.00276074 0.0385965
0 0.560429 0.223684 0.00245399 0.0403509
0 0.734816 0.314035 0.00337423 0.0526316
0 0.597239 0.27807 0.00306748 0.0473684
0 0.52638 0.271053 0.00306748 0.0473684
0 0.588497 0.240351 0.00276074 0.045614
0 0.606442 0.352632 0.00368098 0.0526316
0 0.451074 0.307018 0.00337423 0.0526316
0 0.307669 0.292982 0.00306748 0.0526316
0 0.501687 0.188596 0.00337423 0.0403509
0 0.592178 0.395614 0.00398773 0.0578947
0 0.479755 0.214912 0.00306748 0.0508772
0 0.533282 0.237719 0.00337423 0.0578947
