0 0.607362 0.22193 0.00429448 0.054386
0 0.557515 0.161404 0.00276074 0.0421053
0 0.555215 0.180702 0.00245399 0.0350877
0 0.502761 0.163158 0.00368098 0.0421053
0 0.455368 0.231579 0.00276074 0.045614
0 0.599387 0.261404 0.00306748 0.0561404
0 0.339571 0.279825 0.00429448 0.0649123
0 0.717331 0.301754 0.00337423 0.0526316
0 0.565951 0.274561 0.00306748 0.0508772
0 0.532669 0.252632 0.00276074 0.045614
0 0.575613 0.228947 0.00276074 0.0473684
0 0.482362 0.214035 0.00276074 0.0491228
0 0.529908 0.205263 0.00214724 0.0385965
0 0.477607 0.197368 0.00368098 0.0473684
0 0.609356 0.229825 0.00398773 0.0491228
0 0.605982 0.210526 0.00337423 0.0491228
0 0.551227 0.402632 0.00429448 0.0649123
0 0.559969 0.209649 0.00276074 0.0438596
0 0.495552 0.414912 0.00398773 0.0368421
0 0.62684 0.358772 0.00337423 0.0578947
0 0.542945 0.270175 0.00306748 0.0526316
0 0.633589 0.273684 0.00398773 0.0491228
0 0.606902 0.4 0.00398773 0.0631579
0 0.550767 0.239474 0.00337423 0.054386
