0 0.497239 0.384211 0.00368098 0.0631579
0 0.591258 0.161404 0.00337423 0.045614
0 0.487423 0.296491 0.00245399 0.045614
0 0.56227 0.345614 0.00368098 0.0561404
0 0.823006 0.696491 0.00736196 0.0982456
0 0.731748 0.367544 0.00460123 0.0649123
0 0.339724 0.335965 0.00337423 0.054386
0 0.625153 0.268421 0.00306748 0.0421053
0 0.603528 0.312281 0.00337423 0.0526316
0 0.564571 0.479825 0.00460123 0.0614035
0 0.640184 0.245614 0.00368098 0.0526316
0 0.73635 0.395614 0.00521472 0.0684211
0 0.677147 0.262281 0.00337423 0.0473684
0 0.78819 0.641228 0.00582822 0.0789474
0 0.716411 0.296491 0.00460123 0.0631579
0 0.690798 0.261404 0.00306748 0.0491228
0 0.671626 0.366667 0.00398773 0.0631579
0 0.701227 0.548246 0.00490798 0.0719298
0 0.48635 0.32807 0.00398773 0.0526316
0 0.72592 0.372807 0.00521472 0.0754386
0 0.563957 0.2 0.00398773 0.0526316
0 0.709202 0.271053 0.00490798 0.0578947
0 0.644939 0.374561 0.00398773 0.0649123
