0 0.701994 0.318421 0.00337423 0.0473684
0 0.478374 0.277193 0.00214724 0.0385965
0 0.653067 0.216667 0.00245399 0.0368421
0 0.505828 0.198246 0.00245399 0.0385965
0 0.617945 0.235965 0.00398773 0.0438596
0 0.31227 0.314035 0.00368098 0.0561404
0 0.634049 0.289474 0.00306748 0.045614
0 0.531595 0.267544 0.00306748 0.0438596
0 0.542485 0.314035 0.00337423 0.0526316
0 0.603681 0.35 0.00368098 0.0578947
0 0.729141 0.45614 0.00429448 0.0561404
0 0.478221 0.307018 0.00306748 0.0491228
0 0.59908 0.273684 0.00306748 0.0491228
0 0.635123 0.231579 0.00276074 0.045614
0 0.588497 0.394737 0.00398773 0.0631579
0 0.504601 0.464912 0.00429448 0.0666667
0 0.47592 0.357018 0.00337423 0.054386
0 0.715184 0.308772 0.00398773 0.0491228
0 0.515337 0.196491 0.00306748 0.0421053
0 0.650767 0.602632 0.00521472 0.0824561
0 0.556748 0.421053 0.00429448 0.0666667
0 0.532209 0.614035 0.00552147 0.0842105
0 0.542791 0.547368 0.00521472 0.077193
