0 0.703374 0.260526 0.00306748 0.0473684
0 0.89954 0.735965 0.00766871 0.0929825
0 0.495092 0.309649 0.00306748 0.054386
0 0.769939 0.4 0.00490798 0.0631579
0 0.351994 0.342105 0.00337423 0.0561404
0 0.502914 0.342105 0.00398773 0.0561404
0 0.643865 0.295614 0.00306748 0.0473684
0 0.569632 0.357895 0.00368098 0.0596491
0 0.701227 0.289474 0.00368098 0.0526316
0 0.61089 0.30614 0.00337423 0.0508772
0 0.618558 0.510526 0.00460123 0.0701754
0 0.505368 0.389474 0.00398773 0.0631579
0 0.603834 0.172807 0.00337423 0.0473684
0 0.702607 0.364035 0.00398773 0.0649123
0 0.751687 0.371053 0.00521472 0.0684211
0 0.732669 0.528947 0.00521472 0.0719298
0 0.843558 0.634211 0.00552147 0.0614035
0 0.712883 0.287719 0.00490798 0.0561404
0 0.570859 0.213158 0.00429448 0.0508772
0 0.666718 0.281579 0.00398773 0.054386
0 0.728067 0.301754 0.00460123 0.0561404
0 0.665031 0.350877 0.00368098 0.0596491
0 0.741411 0.37193 0.00552147 0.077193
