0 0.637423 0.386842 0.00306748 0.0508772
0 0.685123 0.522807 0.00460123 0.0491228
0 0.676534 0.253509 0.00398773 0.0473684
0 0.325 0.344737 0.00337423 0.054386
0 0.557822 0.2 0.00276074 0.045614
0 0.678374 0.279825 0.00337423 0.0508772
0 0.905215 0.74386 0.00490798 0.0666667
0 0.504448 0.273684 0.00276074 0.0491228
0 0.516718 0.324561 0.00337423 0.0561404
0 0.724387 0.364035 0.00398773 0.0614035
0 0.611503 0.30614 0.00337423 0.0473684
0 0.638957 0.29386 0.00306748 0.0438596
0 0.540337 0.397368 0.00398773 0.0614035
0 0.635429 0.362281 0.00398773 0.0508772
0 0.502761 0.420175 0.00429448 0.0649123
0 0.646319 0.592105 0.00552147 0.0789474
0 0.614571 0.283333 0.00398773 0.0508772
0 0.746166 0.389474 0.00398773 0.0596491
0 0.832362 0.594737 0.00521472 0.0807018
0 0.721319 0.330702 0.00398773 0.0649123
0 0.786656 0.353509 0.00460123 0.0578947
0 0.665798 0.34386 0.00337423 0.0561404
0 0.588037 0.192105 0.00306748 0.0438596
