0 0.997699 0.774561 0.00337423 0.0719298
0 0.73911 0.359649 0.00398773 0.0526316
0 0.738957 0.391228 0.00429448 0.0561404
0 0.587883 0.213158 0.00276074 0.0438596
0 0.345245 0.344737 0.00337423 0.054386
0 0.768405 0.335088 0.00613497 0.0631579
0 0.517485 0.298246 0.00306748 0.0526316
0 0.801074 0.412281 0.00460123 0.0666667
0 0.780675 0.376316 0.00368098 0.0614035
0 0.742638 0.313158 0.00429448 0.0473684
0 0.736656 0.309649 0.00398773 0.0438596
0 0.669785 0.328947 0.00337423 0.054386
0 0.565337 0.385965 0.00368098 0.0596491
0 0.620092 0.2 0.00337423 0.045614
0 0.529294 0.339474 0.00398773 0.054386
0 0.667025 0.285965 0.00398773 0.0491228
0 0.643098 0.323684 0.00337423 0.054386
0 0.520092 0.398246 0.00398773 0.0631579
0 0.779448 0.531579 0.00490798 0.0701754
0 0.714264 0.329825 0.00398773 0.0631579
0 0.753988 0.334211 0.00490798 0.054386
0 0.923926 0.636842 0.00613497 0.0947368
0 0.723006 0.594737 0.00552147 0.0736842
