0 0.514877 0.465789 0.00398773 0.0684211
0 0.497546 0.205263 0.00245399 0.0385965
0 0.312117 0.313158 0.00337423 0.054386
0 0.469018 0.345614 0.00368098 0.0561404
0 0.695399 0.307895 0.00306748 0.0368421
0 0.534969 0.304386 0.00306748 0.0473684
0 0.647546 0.218421 0.00245399 0.0403509
0 0.472086 0.279825 0.00245399 0.0403509
0 0.47362 0.313158 0.00306748 0.0508772
0 0.626994 0.290351 0.00368098 0.054386
0 0.595552 0.272807 0.00276074 0.0403509
0 0.584202 0.39386 0.00398773 0.0614035
0 0.524847 0.267544 0.00306748 0.0403509
0 0.715337 0.441228 0.00429448 0.0614035
0 0.61135 0.235965 0.00368098 0.0403509
0 0.597239 0.349123 0.00368098 0.0526316
0 0.630982 0.229825 0.00306748 0.045614
0 0.718558 0.309649 0.00398773 0.054386
0 0.647699 0.578947 0.00521472 0.077193
0 0.508589 0.20614 0.00306748 0.0403509
0 0.551687 0.417544 0.00398773 0.0631579
0 0.524693 0.595614 0.00521472 0.0824561
0 0.528067 0.538597 0.00521472 0.0736842
