0 0.506902 0.172807 0.00460123 0.0403509
0 0.504601 0.165789 0.00368098 0.0403509
0 0.52454 0.162281 0.00306748 0.0403509
0 0.517638 0.154386 0.00276074 0.0421053
0 0.566411 0.168421 0.00337423 0.0385965
0 0.508129 0.177193 0.00398773 0.0385965
0 0.313804 0.296491 0.00245399 0.0561404
0 0.459049 0.173684 0.00276074 0.0385965
0 0.573313 0.247368 0.00245399 0.045614
0 0.599387 0.261404 0.00306748 0.0491228
0 0.555521 0.163158 0.00306748 0.0385965
0 0.622239 0.328947 0.00337423 0.054386
0 0.538037 0.283333 0.00306748 0.0508772
0 0.596319 0.225439 0.00306748 0.0508772
0 0.533129 0.364912 0.00368098 0.0596491
0 0.505675 0.252632 0.00276074 0.045614
0 0.569479 0.211404 0.00398773 0.0473684
0 0.556902 0.266667 0.00337423 0.0491228
0 0.728067 0.307895 0.00337423 0.054386
0 0.459202 0.285965 0.00306748 0.0526316
0 0.537883 0.241228 0.00337423 0.054386
0 0.480368 0.204386 0.00306748 0.0508772
0 0.496472 0.417544 0.00337423 0.0526316
0 0.604294 0.372807 0.00368098 0.0578947
