0 0.696012 0.358772 0.00368098 0.0578947
0 0.577301 0.15614 0.00368098 0.045614
0 0.482975 0.291228 0.00276074 0.045614
0 0.603374 0.257895 0.00306748 0.045614
0 0.644785 0.37193 0.00368098 0.0596491
0 0.479141 0.318421 0.00306748 0.054386
0 0.691564 0.37193 0.00398773 0.0631579
0 0.55046 0.187719 0.00337423 0.0491228
0 0.32684 0.326316 0.00337423 0.0561404
0 0.48865 0.373684 0.00368098 0.0596491
0 0.684663 0.266667 0.00306748 0.045614
0 0.588957 0.299123 0.00306748 0.0508772
0 0.56135 0.347368 0.00368098 0.0561404
0 0.714571 0.287719 0.00276074 0.045614
0 0.523773 0.477193 0.00460123 0.0701754
0 0.657209 0.242105 0.00337423 0.045614
0 0.698926 0.285965 0.00460123 0.0526316
0 0.61273 0.237719 0.00398773 0.0508772
0 0.721626 0.638596 0.00521472 0.0807018
0 0.737883 0.645614 0.00705521 0.0947368
0 0.683282 0.566667 0.00521472 0.077193
0 0.716104 0.382456 0.00460123 0.0631579
0 0.621626 0.396491 0.00398773 0.0666667
