0 0.545399 0.219298 0.00245399 0.0421053
0 0.494325 0.25 0.00276074 0.0438596
0 0.44816 0.199123 0.00245399 0.0368421
0 0.739571 0.334211 0.00368098 0.0578947
0 0.49908 0.187719 0.00245399 0.0421053
0 0.523926 0.299123 0.00306748 0.0508772
0 0.475307 0.751754 0.00644172 0.0894737
0 0.455061 0.379825 0.00398773 0.0614035
0 0.625767 0.374561 0.00368098 0.0614035
0 0.511503 0.339474 0.00337423 0.054386
0 0.260276 0.331579 0.00398773 0.0561404
0 0.440644 0.364035 0.00337423 0.054386
0 0.504141 0.358772 0.00398773 0.0578947
0 0.581748 0.257018 0.00276074 0.0473684
0 0.598773 0.298246 0.00306748 0.0526316
0 0.457362 0.316667 0.00306748 0.0508772
0 0.509356 0.276316 0.00276074 0.0473684
0 0.553374 0.384211 0.00368098 0.0596491
0 0.422699 0.268421 0.00306748 0.0491228
0 0.399233 0.42807 0.00398773 0.0631579
0 0.521933 0.500877 0.00460123 0.0684211
0 0.607822 0.502632 0.00460123 0.0719298
0 0.549693 0.539474 0.00490798 0.0754386
