0 0.530061 0.146491 0.00429448 0.0578947
0 0.544325 0.164912 0.00276074 0.0421053
0 0.465031 0.168421 0.00306748 0.0385965
0 0.510429 0.172807 0.00368098 0.0403509
0 0.522546 0.200877 0.00276074 0.0438596
0 0.542331 0.377193 0.00368098 0.0596491
0 0.603067 0.222807 0.00306748 0.0491228
0 0.527301 0.267544 0.00306748 0.0508772
0 0.550307 0.273684 0.00306748 0.0491228
0 0.622853 0.334211 0.00337423 0.054386
0 0.316258 0.297368 0.00429448 0.0508772
0 0.559202 0.158772 0.00368098 0.0403509
0 0.575153 0.213158 0.00368098 0.0438596
0 0.578374 0.177193 0.00276074 0.0350877
0 0.726534 0.30614 0.00337423 0.054386
0 0.465644 0.274561 0.00306748 0.0508772
0 0.565337 0.270175 0.00306748 0.0491228
0 0.602147 0.264912 0.00306748 0.0491228
0 0.603988 0.367544 0.00368098 0.0578947
0 0.581135 0.251754 0.00276074 0.0473684
0 0.495245 0.407895 0.00398773 0.0473684
0 0.480982 0.210526 0.00306748 0.0526316
0 0.539571 0.238596 0.00368098 0.0561404
