0 0.530061 0.152632 0.00245399 0.0421053
0 0.511043 0.176316 0.00245399 0.0333333
0 0.464417 0.167544 0.00306748 0.0368421
0 0.543865 0.165789 0.00245399 0.0403509
0 0.603067 0.223684 0.00306748 0.0473684
0 0.542638 0.377193 0.00368098 0.0596491
0 0.316564 0.298246 0.00429448 0.0526316
0 0.527607 0.268421 0.00306748 0.0491228
0 0.55138 0.27193 0.00276074 0.0491228
0 0.725307 0.30614 0.00337423 0.054386
0 0.559356 0.159649 0.00337423 0.0385965
0 0.622853 0.334211 0.00337423 0.054386
0 0.565337 0.270175 0.00306748 0.0491228
0 0.522699 0.202632 0.00245399 0.0438596
0 0.57454 0.211404 0.00306748 0.0438596
0 0.465337 0.272807 0.00306748 0.0473684
0 0.602147 0.264912 0.00306748 0.0491228
0 0.581748 0.250877 0.00276074 0.045614
0 0.495092 0.409649 0.00368098 0.0438596
0 0.604294 0.366667 0.00368098 0.0561404
0 0.578988 0.176316 0.00276074 0.0368421
0 0.480675 0.212281 0.00306748 0.0526316
0 0.539417 0.237719 0.00337423 0.054386
