0 0.720706 0.302632 0.00337423 0.0508772
0 0.457209 0.224561 0.00276074 0.0421053
0 0.49954 0.162281 0.00337423 0.0438596
0 0.565031 0.17193 0.00306748 0.0385965
0 0.555828 0.179825 0.00245399 0.0368421
0 0.581135 0.225439 0.00276074 0.0473684
0 0.531595 0.20614 0.00245399 0.0368421
0 0.337423 0.282456 0.00368098 0.0561404
0 0.602147 0.262281 0.00306748 0.0578947
0 0.568252 0.277193 0.00337423 0.0491228
0 0.479601 0.192982 0.00337423 0.0421053
0 0.533589 0.255263 0.00276074 0.0473684
0 0.483589 0.215789 0.00276074 0.045614
0 0.558742 0.208772 0.00276074 0.0421053
0 0.609356 0.211404 0.00337423 0.0473684
0 0.550153 0.409649 0.00398773 0.0649123
0 0.61365 0.232456 0.00398773 0.0508772
0 0.545399 0.271053 0.00306748 0.0508772
0 0.604908 0.396491 0.00429448 0.0631579
0 0.627454 0.364912 0.00398773 0.0596491
0 0.495552 0.414912 0.00398773 0.0368421
0 0.549847 0.242105 0.00337423 0.0526316
0 0.638497 0.273684 0.00398773 0.0491228
