0 0.512423 0.181579 0.00214724 0.0333333
0 0.530521 0.151754 0.00214724 0.0368421
0 0.462883 0.163158 0.00306748 0.0385965
0 0.558436 0.161404 0.00276074 0.0350877
0 0.322699 0.292105 0.00306748 0.0508772
0 0.571012 0.210526 0.00337423 0.045614
0 0.540031 0.168421 0.00214724 0.0385965
0 0.580828 0.177193 0.00276074 0.0385965
0 0.530061 0.270175 0.00306748 0.0491228
0 0.463037 0.265789 0.00276074 0.0473684
0 0.547239 0.378947 0.00368098 0.0596491
0 0.625307 0.337719 0.00337423 0.054386
0 0.719018 0.302632 0.00306748 0.054386
0 0.555368 0.264912 0.00276074 0.0491228
0 0.522853 0.209649 0.00276074 0.0438596
0 0.585736 0.251754 0.00276074 0.0473684
0 0.60046 0.22193 0.00337423 0.0508772
0 0.564417 0.270175 0.00306748 0.0491228
0 0.606595 0.37193 0.00398773 0.0596491
0 0.495245 0.410526 0.00337423 0.0421053
0 0.602761 0.267544 0.00306748 0.0473684
0 0.481288 0.214912 0.00306748 0.0508772
0 0.539264 0.231579 0.00306748 0.0526316
