0 0.763497 0.409649 0.00490798 0.0719298
0 0.567791 0.354386 0.00368098 0.0561404
0 0.504601 0.386842 0.00368098 0.0614035
0 0.882515 0.718421 0.00797546 0.103509
0 0.497699 0.342982 0.00337423 0.054386
0 0.608129 0.307895 0.00337423 0.054386
0 0.493405 0.307018 0.00276074 0.0526316
0 0.348926 0.339474 0.00337423 0.0578947
0 0.695706 0.366667 0.00368098 0.0561404
0 0.605522 0.502632 0.00490798 0.0684211
0 0.832822 0.637719 0.00552147 0.054386
0 0.639877 0.288596 0.00306748 0.0473684
0 0.748773 0.370175 0.00552147 0.0666667
0 0.60138 0.169298 0.00337423 0.0473684
0 0.699386 0.258772 0.00306748 0.0508772
0 0.725153 0.535088 0.00490798 0.0736842
0 0.695859 0.283333 0.00398773 0.054386
0 0.72546 0.301754 0.00429448 0.0561404
0 0.660276 0.274561 0.00398773 0.0578947
0 0.569172 0.208772 0.00398773 0.0491228
0 0.710736 0.281579 0.00490798 0.0578947
0 0.660736 0.357018 0.00368098 0.0614035
0 0.73681 0.375439 0.00490798 0.0701754
