0 0.541411 0.182456 0.00245399 0.0385965
0 0.534816 0.335088 0.00337423 0.0491228
0 0.52316 0.17807 0.00276074 0.0403509
0 0.558129 0.229825 0.00276074 0.0421053
0 0.306595 0.314035 0.00276074 0.0526316
0 0.601227 0.441228 0.00429448 0.054386
0 0.586503 0.186842 0.00245399 0.0333333
0 0.470552 0.218421 0.00245399 0.0438596
0 0.758589 0.342105 0.00368098 0.0561404
0 0.612117 0.319298 0.00337423 0.0491228
0 0.509356 0.321053 0.00337423 0.0561404
0 0.465491 0.371053 0.00337423 0.0578947
0 0.628528 0.348246 0.00368098 0.0578947
0 0.519018 0.357895 0.00368098 0.0596491
0 0.580828 0.460526 0.00460123 0.0649123
0 0.612117 0.286842 0.00460123 0.0473684
0 0.52592 0.25614 0.00337423 0.045614
0 0.594172 0.639474 0.00613497 0.0824561
0 0.537577 0.242982 0.00337423 0.0508772
0 0.569632 0.29386 0.00306748 0.0438596
0 0.490031 0.271053 0.00337423 0.0438596
0 0.596472 0.217544 0.00398773 0.0385965
0 0.594479 0.505263 0.00490798 0.077193
