0 0.759509 0.390351 0.00368098 0.0578947
0 0.684356 0.364912 0.00368098 0.0526316
0 0.568712 0.207018 0.00306748 0.0491228
0 0.683282 0.388597 0.00460123 0.0649123
0 0.705828 0.271053 0.00368098 0.0473684
0 0.691871 0.345614 0.00337423 0.0561404
0 0.523466 0.332456 0.00398773 0.054386
0 0.660123 0.317544 0.00306748 0.0526316
0 0.96181 0.748246 0.00460123 0.0578947
0 0.333589 0.345614 0.00337423 0.0561404
0 0.511043 0.284211 0.00306748 0.0526316
0 0.551227 0.389474 0.00368098 0.0596491
0 0.737883 0.541228 0.00521472 0.0754386
0 0.712577 0.296491 0.00368098 0.0491228
0 0.889571 0.605263 0.00613497 0.0842105
0 0.744479 0.340351 0.00429448 0.0561404
0 0.512117 0.411404 0.00398773 0.0649123
0 0.768865 0.392105 0.00460123 0.0578947
0 0.790798 0.358772 0.00490798 0.0578947
0 0.639724 0.284211 0.00398773 0.0561404
0 0.691718 0.616667 0.00552147 0.0824561
0 0.629141 0.314912 0.00368098 0.054386
0 0.602301 0.195614 0.00337423 0.0473684
