0 0.306288 0.321053 0.00337423 0.0561404
0 0.517945 0.19386 0.00276074 0.0403509
0 0.696472 0.34386 0.00337423 0.0421053
0 0.527301 0.185965 0.00368098 0.0421053
0 0.482515 0.286842 0.00245399 0.0438596
0 0.537423 0.284211 0.00306748 0.0491228
0 0.549387 0.342982 0.00368098 0.0578947
0 0.595552 0.389474 0.00398773 0.0631579
0 0.613804 0.351754 0.00368098 0.0578947
0 0.640184 0.234211 0.00368098 0.0473684
0 0.481288 0.357895 0.00368098 0.0561404
0 0.62638 0.287719 0.00306748 0.0491228
0 0.487423 0.459649 0.00429448 0.0596491
0 0.479755 0.319298 0.00306748 0.0596491
0 0.597853 0.27193 0.00306748 0.0491228
0 0.661963 0.221053 0.00306748 0.0421053
0 0.653067 0.618421 0.00552147 0.0824561
0 0.551994 0.637719 0.00582822 0.0859649
0 0.738037 0.453509 0.00429448 0.0684211
0 0.724693 0.312281 0.00398773 0.0526316
0 0.632055 0.245614 0.00337423 0.0491228
0 0.570706 0.560526 0.00521472 0.0789474
0 0.564724 0.428947 0.00429448 0.0684211
