0 0.678221 0.371053 0.00368098 0.054386
0 0.307669 0.323684 0.00368098 0.054386
0 0.633742 0.355263 0.00368098 0.0508772
0 0.543252 0.174561 0.00368098 0.0473684
0 0.644478 0.239474 0.00306748 0.0438596
0 0.525 0.189474 0.00276074 0.0421053
0 0.481902 0.362281 0.00368098 0.0578947
0 0.546626 0.296491 0.00306748 0.0491228
0 0.482822 0.3 0.00306748 0.0526316
0 0.590184 0.27193 0.00306748 0.0491228
0 0.551534 0.351754 0.00368098 0.0578947
0 0.648466 0.257895 0.00306748 0.045614
0 0.478374 0.325439 0.00337423 0.0614035
0 0.603681 0.388597 0.00368098 0.0614035
0 0.611043 0.273684 0.00306748 0.045614
0 0.667791 0.234211 0.00306748 0.0438596
0 0.588804 0.644737 0.00582822 0.0859649
0 0.653221 0.614035 0.00582822 0.0842105
0 0.485583 0.464912 0.00429448 0.0666667
0 0.735583 0.439474 0.00429448 0.0649123
0 0.722699 0.313158 0.00368098 0.0508772
0 0.603221 0.574561 0.00460123 0.0789474
0 0.573006 0.430702 0.00429448 0.0649123
