0 0.650153 0.218421 0.00276074 0.0403509
0 0.500307 0.198246 0.00245399 0.0421053
0 0.538804 0.307018 0.00337423 0.0491228
0 0.630828 0.288596 0.00337423 0.0508772
0 0.31273 0.314035 0.00337423 0.0561404
0 0.475307 0.314035 0.00276074 0.045614
0 0.509509 0.464035 0.00429448 0.0649123
0 0.721166 0.447368 0.00429448 0.0491228
0 0.474693 0.277193 0.00214724 0.0385965
0 0.698006 0.308772 0.00337423 0.045614
0 0.527914 0.267544 0.00306748 0.0403509
0 0.613957 0.233333 0.00398773 0.0421053
0 0.6 0.349123 0.00368098 0.0561404
0 0.597546 0.27193 0.00306748 0.0421053
0 0.632362 0.227193 0.00276074 0.0438596
0 0.584202 0.39386 0.00398773 0.0614035
0 0.471472 0.35 0.00368098 0.054386
0 0.51181 0.201754 0.00337423 0.0421053
0 0.717178 0.308772 0.00368098 0.0526316
0 0.649387 0.584211 0.00552147 0.077193
0 0.533129 0.542105 0.00490798 0.0736842
0 0.527914 0.603509 0.00552147 0.0807018
0 0.553681 0.420175 0.00429448 0.0649123
