0 0.64954 0.276316 0.00337423 0.0508772
0 0.514877 0.264912 0.00276074 0.0421053
0 0.777761 0.623684 0.00582822 0.0789474
0 0.593405 0.434211 0.00398773 0.0649123
0 0.717025 0.408772 0.00398773 0.0631579
0 0.300767 0.387719 0.00398773 0.0631579
0 0.771779 0.373684 0.00368098 0.0596491
0 0.713344 0.642105 0.00582822 0.0842105
0 0.677607 0.545614 0.00490798 0.0736842
0 0.613497 0.301754 0.00306748 0.0491228
0 0.705215 0.60614 0.00552147 0.0719298
0 0.785123 0.763158 0.00644172 0.0982456
0 0.581288 0.722807 0.00490798 0.0912281
0 0.495245 0.439474 0.00398773 0.0649123
0 0.584663 0.470175 0.00429448 0.0666667
0 0.544939 0.248246 0.00460123 0.0508772
0 0.5 0.604386 0.00552147 0.0824561
0 0.677301 0.482456 0.00429448 0.0701754
0 0.595552 0.758772 0.00644172 0.1
0 0.509356 0.609649 0.00521472 0.0824561
0 0.586043 0.57807 0.00521472 0.0929825
0 0.843558 0.648246 0.00613497 0.0824561
0 0.570245 0.520175 0.00613497 0.0859649
