0 0.642945 0.235965 0.00306748 0.0403509
0 0.684356 0.365789 0.00368098 0.0473684
0 0.305675 0.321053 0.00337423 0.0561404
0 0.62546 0.35614 0.00368098 0.0561404
0 0.642485 0.257895 0.00337423 0.045614
0 0.522239 0.189474 0.00276074 0.0421053
0 0.538344 0.17807 0.00368098 0.0438596
0 0.482669 0.292982 0.00276074 0.045614
0 0.542025 0.289474 0.00306748 0.0491228
0 0.55092 0.350877 0.00368098 0.0596491
0 0.575153 0.642105 0.00552147 0.0736842
0 0.481902 0.359649 0.00368098 0.0596491
0 0.479448 0.323684 0.00306748 0.0578947
0 0.593252 0.27193 0.00306748 0.0491228
0 0.600153 0.387719 0.00398773 0.0631579
0 0.723159 0.310526 0.00337423 0.0491228
0 0.485276 0.460526 0.00429448 0.0684211
0 0.591411 0.569298 0.00490798 0.0754386
0 0.665951 0.227193 0.00306748 0.0438596
0 0.652761 0.617544 0.00552147 0.0842105
0 0.615951 0.281579 0.00306748 0.0438596
0 0.737117 0.446491 0.00429448 0.0649123
0 0.569939 0.428947 0.00429448 0.0684211
