0 0.741871 0.35614 0.00398773 0.0561404
0 0.997699 0.775439 0.00337423 0.0807018
0 0.741718 0.388597 0.00429448 0.0578947
0 0.345859 0.34386 0.00337423 0.0561404
0 0.780368 0.374561 0.00368098 0.0578947
0 0.589264 0.214912 0.00306748 0.0438596
0 0.766258 0.329825 0.00490798 0.0596491
0 0.73727 0.311404 0.00398773 0.0438596
0 0.669785 0.32807 0.00337423 0.0526316
0 0.517485 0.3 0.00306748 0.0526316
0 0.801687 0.411404 0.00460123 0.0684211
0 0.742945 0.313158 0.00429448 0.0473684
0 0.520399 0.396491 0.00398773 0.0631579
0 0.529141 0.339474 0.00368098 0.054386
0 0.620552 0.200877 0.00306748 0.0438596
0 0.643098 0.323684 0.00337423 0.054386
0 0.780675 0.533333 0.00490798 0.0736842
0 0.566258 0.385965 0.00368098 0.0596491
0 0.668865 0.285965 0.00398773 0.0526316
0 0.723006 0.590351 0.00552147 0.0649123
0 0.752914 0.330702 0.00460123 0.054386
0 0.923313 0.635088 0.00613497 0.0947368
0 0.714571 0.32807 0.00398773 0.0631579
