0 0.546319 0.15614 0.00245399 0.0421053
0 0.509816 0.162281 0.00306748 0.0403509
0 0.554141 0.17807 0.00214724 0.0298246
0 0.711656 0.307018 0.00306748 0.0526316
0 0.538957 0.273684 0.00306748 0.0491228
0 0.475767 0.207018 0.00306748 0.045614
0 0.344018 0.278947 0.00398773 0.0666667
0 0.526687 0.204386 0.00245399 0.0403509
0 0.452761 0.231579 0.00245399 0.045614
0 0.593865 0.259649 0.00306748 0.0491228
0 0.569479 0.233333 0.00276074 0.0491228
0 0.563804 0.273684 0.00306748 0.0491228
0 0.529908 0.245614 0.00276074 0.045614
0 0.599847 0.203509 0.00337423 0.0491228
0 0.481748 0.214912 0.00276074 0.0473684
0 0.559356 0.208772 0.00276074 0.0421053
0 0.62638 0.35 0.00368098 0.0578947
0 0.624386 0.273684 0.00337423 0.0561404
0 0.612117 0.4 0.00398773 0.0631579
0 0.602454 0.225439 0.00368098 0.0508772
0 0.551687 0.392105 0.00398773 0.0614035
0 0.495706 0.414035 0.00368098 0.0350877
0 0.55184 0.237719 0.00368098 0.054386
