0 0.529601 0.149123 0.00276074 0.0385965
0 0.713344 0.301754 0.00337423 0.0526316
0 0.331288 0.286842 0.00306748 0.0578947
0 0.46411 0.172807 0.00306748 0.0403509
0 0.557209 0.159649 0.00276074 0.0350877
0 0.515337 0.185965 0.00245399 0.0385965
0 0.629601 0.337719 0.00337423 0.054386
0 0.535123 0.164035 0.00337423 0.0403509
0 0.523466 0.214912 0.00276074 0.0438596
0 0.581748 0.176316 0.00276074 0.0368421
0 0.555828 0.252632 0.00306748 0.0526316
0 0.564724 0.270175 0.00306748 0.0491228
0 0.586963 0.250877 0.00276074 0.045614
0 0.459663 0.258772 0.00276074 0.0473684
0 0.566411 0.20614 0.00337423 0.0473684
0 0.548466 0.373684 0.00368098 0.0596491
0 0.495245 0.410526 0.00337423 0.0385965
0 0.529755 0.269298 0.00306748 0.0508772
0 0.481902 0.217544 0.00306748 0.0526316
0 0.610429 0.375439 0.00368098 0.0596491
0 0.602761 0.269298 0.00306748 0.0508772
0 0.59954 0.221053 0.00398773 0.0561404
0 0.540337 0.228947 0.00337423 0.054386
