0 0.644785 0.245614 0.00306748 0.0421053
0 0.643712 0.239474 0.00276074 0.0403509
0 0.306902 0.322807 0.00337423 0.0561404
0 0.541411 0.176316 0.00368098 0.0438596
0 0.523773 0.189474 0.00276074 0.0421053
0 0.681902 0.374561 0.00368098 0.0578947
0 0.482822 0.298246 0.00306748 0.0526316
0 0.603528 0.387719 0.00398773 0.0631579
0 0.544785 0.296491 0.00306748 0.0491228
0 0.481748 0.362281 0.00398773 0.0578947
0 0.551227 0.351754 0.00368098 0.0578947
0 0.591104 0.27193 0.00306748 0.045614
0 0.629294 0.357018 0.00337423 0.0578947
0 0.478834 0.325439 0.00306748 0.0614035
0 0.612577 0.27807 0.00306748 0.0438596
0 0.646012 0.257018 0.00306748 0.0438596
0 0.667178 0.230702 0.00306748 0.0438596
0 0.485429 0.464035 0.00460123 0.0684211
0 0.582209 0.648246 0.00613497 0.0859649
0 0.653067 0.613158 0.00552147 0.0824561
0 0.598159 0.570175 0.00490798 0.077193
0 0.73589 0.444737 0.00429448 0.0684211
0 0.722699 0.311404 0.00368098 0.0508772
0 0.571626 0.428947 0.00398773 0.0649123
