0 0.511656 0.180702 0.00245399 0.0315789
0 0.530215 0.152632 0.00214724 0.0385965
0 0.318252 0.298246 0.00337423 0.0526316
0 0.463037 0.165789 0.00276074 0.0368421
0 0.545092 0.377193 0.00368098 0.0596491
0 0.559202 0.163158 0.00306748 0.0350877
0 0.542638 0.167544 0.00245399 0.0403509
0 0.602301 0.222807 0.00337423 0.0491228
0 0.528834 0.269298 0.00306748 0.0473684
0 0.583282 0.251754 0.00276074 0.0473684
0 0.553681 0.270175 0.00306748 0.0491228
0 0.602761 0.265789 0.00306748 0.0508772
0 0.565337 0.270175 0.00306748 0.0491228
0 0.480982 0.212281 0.00306748 0.0526316
0 0.464264 0.269298 0.00276074 0.0473684
0 0.522699 0.205263 0.00245399 0.0421053
0 0.723159 0.304386 0.00337423 0.054386
0 0.622853 0.336842 0.00337423 0.0561404
0 0.495245 0.411404 0.00337423 0.0403509
0 0.57316 0.210526 0.00337423 0.045614
0 0.579755 0.176316 0.00306748 0.0368421
0 0.605215 0.371053 0.00368098 0.0578947
0 0.53911 0.235965 0.00337423 0.054386
