0 0.529755 0.164035 0.00306748 0.0403509
0 0.555675 0.161404 0.00337423 0.0421053
0 0.519018 0.187719 0.00245399 0.0385965
0 0.586196 0.184211 0.00245399 0.0350877
0 0.711043 0.304386 0.00306748 0.0473684
0 0.467638 0.186842 0.00276074 0.0403509
0 0.525153 0.224561 0.00245399 0.045614
0 0.557822 0.245614 0.00337423 0.0526316
0 0.629908 0.337719 0.00337423 0.054386
0 0.58681 0.253509 0.00306748 0.0473684
0 0.457515 0.251754 0.00276074 0.0473684
0 0.564417 0.270175 0.00306748 0.0491228
0 0.561043 0.207018 0.00306748 0.045614
0 0.548159 0.373684 0.00368098 0.0596491
0 0.530368 0.270175 0.00306748 0.0491228
0 0.615951 0.374561 0.00368098 0.0578947
0 0.495245 0.410526 0.00337423 0.0385965
0 0.481748 0.216667 0.00276074 0.0508772
0 0.604601 0.268421 0.00306748 0.0491228
0 0.337423 0.280702 0.00306748 0.0561404
0 0.544172 0.229825 0.00368098 0.0561404
0 0.598313 0.221053 0.00398773 0.0561404
