0 0.552454 0.305263 0.00306748 0.0526316
0 0.308742 0.322807 0.00337423 0.0526316
0 0.675767 0.377193 0.00368098 0.0561404
0 0.608282 0.653509 0.00613497 0.0789474
0 0.548466 0.171053 0.00368098 0.0438596
0 0.640798 0.357018 0.00368098 0.054386
0 0.552914 0.351754 0.00337423 0.0578947
0 0.528374 0.188596 0.00276074 0.0438596
0 0.644632 0.242105 0.00276074 0.045614
0 0.483436 0.3 0.00306748 0.0526316
0 0.482822 0.365789 0.00368098 0.0578947
0 0.587423 0.269298 0.00306748 0.0473684
0 0.478221 0.326316 0.00306748 0.0596491
0 0.655982 0.263158 0.00337423 0.045614
0 0.669632 0.237719 0.00306748 0.0438596
0 0.608589 0.385088 0.00368098 0.0614035
0 0.656442 0.601754 0.00552147 0.0807018
0 0.48635 0.472807 0.00460123 0.0684211
0 0.732515 0.432456 0.00429448 0.0649123
0 0.578528 0.424561 0.00429448 0.0666667
0 0.606288 0.269298 0.00337423 0.0438596
0 0.617178 0.587719 0.00490798 0.077193
0 0.722699 0.313158 0.00368098 0.0508772
