0 0.530368 0.183333 0.00245399 0.0403509
0 0.542945 0.255263 0.00306748 0.0473684
0 0.307515 0.326316 0.00337423 0.0526316
0 0.510276 0.387719 0.00337423 0.0596491
0 0.548159 0.272807 0.00306748 0.0473684
0 0.550307 0.185088 0.00306748 0.0403509
0 0.533436 0.370175 0.00368098 0.0561404
0 0.477761 0.236842 0.00276074 0.045614
0 0.629755 0.345614 0.00429448 0.0596491
0 0.766871 0.345614 0.00368098 0.0561404
0 0.524387 0.355263 0.00337423 0.0578947
0 0.495399 0.294737 0.00306748 0.0491228
0 0.470399 0.394737 0.00398773 0.0596491
0 0.646626 0.383333 0.00368098 0.0614035
0 0.598926 0.198246 0.00276074 0.0385965
0 0.553834 0.467544 0.00460123 0.0508772
0 0.584969 0.316667 0.00306748 0.0473684
0 0.578221 0.452632 0.00429448 0.0631579
0 0.628988 0.55 0.00521472 0.0649123
0 0.655368 0.648246 0.00582822 0.0754386
0 0.569479 0.244737 0.00276074 0.0438596
0 0.609202 0.237719 0.00368098 0.0368421
0 0.623773 0.307895 0.00460123 0.0578947
