0 0.540798 0.250877 0.00306748 0.045614
0 0.518098 0.35 0.00306748 0.0438596
0 0.540644 0.265789 0.00337423 0.0473684
0 0.307055 0.323684 0.00306748 0.0508772
0 0.613497 0.552632 0.00490798 0.0596491
0 0.527914 0.180702 0.00306748 0.0421053
0 0.566411 0.241228 0.00276074 0.0403509
0 0.623466 0.335965 0.00398773 0.054386
0 0.469325 0.388597 0.00368098 0.0614035
0 0.596012 0.194737 0.00245399 0.0350877
0 0.765031 0.346491 0.00368098 0.054386
0 0.547699 0.184211 0.00276074 0.0385965
0 0.512423 0.381579 0.00337423 0.0578947
0 0.475614 0.233333 0.00276074 0.045614
0 0.493712 0.286842 0.00337423 0.0473684
0 0.579755 0.45 0.00429448 0.0578947
0 0.579448 0.313158 0.00306748 0.0438596
0 0.640491 0.373684 0.00368098 0.0596491
0 0.635429 0.650877 0.00582822 0.077193
0 0.532822 0.362281 0.00368098 0.0578947
0 0.557975 0.45614 0.00429448 0.0596491
0 0.605675 0.232456 0.00398773 0.0368421
0 0.620092 0.300877 0.00460123 0.0578947
