0 0.319172 0.296491 0.00337423 0.0526316
0 0.559049 0.162281 0.00276074 0.0333333
0 0.530215 0.150877 0.00214724 0.0385965
0 0.511656 0.180702 0.00245399 0.0315789
0 0.462883 0.164035 0.00306748 0.0368421
0 0.541718 0.166667 0.00245399 0.0421053
0 0.60138 0.222807 0.00337423 0.0491228
0 0.545399 0.377193 0.00368098 0.0596491
0 0.554294 0.268421 0.00306748 0.0491228
0 0.583589 0.251754 0.00276074 0.0473684
0 0.463804 0.268421 0.00306748 0.0491228
0 0.529448 0.269298 0.00306748 0.0473684
0 0.722546 0.304386 0.00337423 0.054386
0 0.572853 0.211404 0.00337423 0.0438596
0 0.522699 0.205263 0.00245399 0.0421053
0 0.62316 0.336842 0.00337423 0.0561404
0 0.602761 0.266667 0.00306748 0.0491228
0 0.481288 0.212281 0.00306748 0.0526316
0 0.565031 0.270175 0.00306748 0.0491228
0 0.580368 0.176316 0.00306748 0.0368421
0 0.495245 0.411404 0.00337423 0.0403509
0 0.605675 0.371053 0.00398773 0.0578947
0 0.538957 0.235088 0.00306748 0.0526316
