0 0.673159 0.250877 0.00337423 0.0421053
0 0.67362 0.269298 0.00306748 0.0473684
0 0.720706 0.301754 0.00398773 0.045614
0 0.559663 0.164035 0.00276074 0.0473684
0 0.660123 0.354386 0.00368098 0.0561404
0 0.536503 0.190351 0.00245399 0.0438596
0 0.315184 0.324561 0.00337423 0.0526316
0 0.483896 0.295614 0.00276074 0.0473684
0 0.589571 0.263158 0.00306748 0.0421053
0 0.567791 0.299123 0.00306748 0.0473684
0 0.477147 0.323684 0.00337423 0.0578947
0 0.483742 0.364912 0.00368098 0.0596491
0 0.645859 0.240351 0.00276074 0.0421053
0 0.620245 0.381579 0.00368098 0.0578947
0 0.558436 0.355263 0.00337423 0.0578947
0 0.669479 0.59386 0.00521472 0.0824561
0 0.673926 0.370175 0.00306748 0.0561404
0 0.494632 0.483333 0.00460123 0.0719298
0 0.724387 0.414035 0.00398773 0.0631579
0 0.655828 0.609649 0.00552147 0.0859649
0 0.601994 0.252632 0.00337423 0.0491228
0 0.65 0.648246 0.00613497 0.0929825
0 0.595092 0.421053 0.00429448 0.0666667
