0 0.622699 0.242105 0.00306748 0.045614
0 0.534356 0.275439 0.00306748 0.0491228
0 0.51227 0.194737 0.00245399 0.0350877
0 0.480521 0.281579 0.00214724 0.0438596
0 0.634202 0.294737 0.00337423 0.0491228
0 0.310123 0.316667 0.00368098 0.054386
0 0.497393 0.467544 0.00460123 0.0649123
0 0.546166 0.326316 0.00337423 0.0526316
0 0.702454 0.32807 0.00368098 0.0491228
0 0.733436 0.45614 0.00429448 0.0666667
0 0.606442 0.35 0.00368098 0.0578947
0 0.479448 0.361403 0.00368098 0.0561404
0 0.590644 0.392982 0.00398773 0.0631579
0 0.519172 0.192105 0.00337423 0.0438596
0 0.480982 0.316667 0.00306748 0.054386
0 0.715951 0.311404 0.00368098 0.0508772
0 0.651841 0.608772 0.00552147 0.0842105
0 0.637423 0.237719 0.00306748 0.0473684
0 0.657209 0.219298 0.00276074 0.0350877
0 0.6 0.27193 0.00306748 0.0491228
0 0.553681 0.553509 0.00552147 0.0789474
0 0.539571 0.623684 0.00552147 0.0824561
0 0.559969 0.423684 0.00398773 0.0649123
