0 0.529448 0.151754 0.00245399 0.0368421
0 0.556902 0.158772 0.00276074 0.0333333
0 0.332669 0.285965 0.00337423 0.0561404
0 0.533896 0.164035 0.00276074 0.0368421
0 0.712117 0.3 0.00337423 0.0526316
0 0.464724 0.177193 0.00306748 0.0385965
0 0.516258 0.185965 0.00245399 0.0385965
0 0.582669 0.177193 0.00276074 0.0350877
0 0.629908 0.337719 0.00337423 0.054386
0 0.523773 0.217544 0.00276074 0.045614
0 0.564571 0.271053 0.00337423 0.0508772
0 0.555982 0.250877 0.00337423 0.0526316
0 0.586963 0.251754 0.00276074 0.0473684
0 0.565491 0.20614 0.00337423 0.0473684
0 0.548466 0.373684 0.00368098 0.0596491
0 0.529448 0.269298 0.00306748 0.0508772
0 0.459049 0.255263 0.00276074 0.0473684
0 0.602761 0.269298 0.00306748 0.0473684
0 0.481748 0.217544 0.00276074 0.0491228
0 0.495245 0.410526 0.00337423 0.0385965
0 0.61135 0.375439 0.00368098 0.0596491
0 0.599233 0.221053 0.00398773 0.0561404
0 0.541258 0.229825 0.00337423 0.0561404
