0 0.481595 0.301754 0.00368098 0.0561404
0 0.575613 0.154386 0.00337423 0.045614
0 0.54862 0.188596 0.00337423 0.0473684
0 0.325307 0.327193 0.00337423 0.054386
0 0.586043 0.298246 0.00337423 0.0526316
0 0.482669 0.290351 0.00276074 0.0473684
0 0.60092 0.258772 0.00306748 0.0473684
0 0.488344 0.37193 0.00368098 0.0596491
0 0.683282 0.266667 0.00276074 0.0491228
0 0.691564 0.357018 0.00398773 0.0649123
0 0.715337 0.288596 0.00306748 0.0438596
0 0.686656 0.372807 0.00398773 0.0649123
0 0.56135 0.347368 0.00368098 0.0561404
0 0.656135 0.242105 0.00368098 0.0491228
0 0.642025 0.373684 0.00368098 0.0596491
0 0.478528 0.317544 0.00306748 0.0526316
0 0.684049 0.573684 0.00552147 0.0807018
0 0.519172 0.474561 0.00460123 0.0684211
0 0.696166 0.285088 0.00460123 0.054386
0 0.712883 0.638596 0.00490798 0.077193
0 0.610123 0.241228 0.00368098 0.0508772
0 0.726994 0.647368 0.00674847 0.0912281
0 0.618558 0.396491 0.00398773 0.0666667
0 0.716718 0.385088 0.00460123 0.0614035
