0 0.64954 0.277193 0.00337423 0.0491228
0 0.51319 0.264912 0.00245399 0.045614
0 0.574233 0.720175 0.00552147 0.0929825
0 0.717331 0.405263 0.00398773 0.0631579
0 0.589877 0.570175 0.00429448 0.0912281
0 0.704908 0.57807 0.00552147 0.0789474
0 0.705215 0.608772 0.00613497 0.0842105
0 0.772239 0.368421 0.00337423 0.0561404
0 0.568558 0.518421 0.00521472 0.0754386
0 0.301994 0.386842 0.00398773 0.0649123
0 0.694325 0.558772 0.00521472 0.0754386
0 0.589417 0.470175 0.00398773 0.0631579
0 0.495092 0.435965 0.00368098 0.0649123
0 0.77454 0.605263 0.00552147 0.077193
0 0.615951 0.305263 0.00306748 0.0526316
0 0.498466 0.602632 0.00552147 0.0824561
0 0.782669 0.752632 0.00644172 0.0947368
0 0.683129 0.478947 0.00429448 0.0666667
0 0.592945 0.432456 0.00368098 0.0649123
0 0.540031 0.241228 0.00460123 0.0473684
0 0.592025 0.757895 0.00674847 0.101754
0 0.509509 0.600877 0.00552147 0.0824561
0 0.834202 0.646491 0.00582822 0.0789474
