0 0.726227 0.295614 0.00460123 0.054386
0 0.722239 0.308772 0.00398773 0.0526316
0 0.725767 0.318421 0.00429448 0.054386
0 0.881902 0.638596 0.00613497 0.0842105
0 0.791871 0.418421 0.00521472 0.0649123
0 0.758436 0.368421 0.00460123 0.0631579
0 0.956902 0.760526 0.00766871 0.0824561
0 0.504755 0.311404 0.00337423 0.054386
0 0.657515 0.319298 0.00337423 0.0561404
0 0.358129 0.340351 0.00337423 0.0596491
0 0.668865 0.542982 0.00521472 0.0684211
0 0.629601 0.328947 0.00337423 0.0508772
0 0.727607 0.367544 0.00490798 0.054386
0 0.67684 0.324561 0.00337423 0.0526316
0 0.512423 0.392982 0.00398773 0.0631579
0 0.758129 0.511404 0.00460123 0.0649123
0 0.516104 0.344737 0.00398773 0.0578947
0 0.572699 0.370175 0.00368098 0.0596491
0 0.736656 0.308772 0.00398773 0.0526316
0 0.581135 0.218421 0.00398773 0.0508772
0 0.609969 0.185965 0.00337423 0.0491228
0 0.693098 0.308772 0.00398773 0.0631579
