0 0.670399 0.360526 0.00337423 0.0473684
0 0.669632 0.389474 0.00368098 0.0596491
0 0.565644 0.20614 0.00306748 0.0473684
0 0.747546 0.37807 0.00368098 0.0508772
0 0.69862 0.263158 0.00337423 0.045614
0 0.947393 0.742105 0.00460123 0.0631579
0 0.331288 0.345614 0.00368098 0.0561404
0 0.76273 0.385965 0.00398773 0.0561404
0 0.684969 0.34386 0.00368098 0.0561404
0 0.548313 0.391228 0.00398773 0.0596491
0 0.509356 0.281579 0.00337423 0.0508772
0 0.877914 0.614912 0.00613497 0.0859649
0 0.509663 0.414912 0.00398773 0.0649123
0 0.654601 0.312281 0.00306748 0.0491228
0 0.521626 0.330702 0.00398773 0.054386
0 0.702761 0.288596 0.00368098 0.054386
0 0.739264 0.329825 0.00429448 0.0631579
0 0.724693 0.540351 0.00521472 0.077193
0 0.679908 0.610526 0.00582822 0.0807018
0 0.789877 0.357895 0.00490798 0.0596491
0 0.598313 0.195614 0.00337423 0.0473684
0 0.624233 0.314912 0.00368098 0.054386
0 0.632975 0.284211 0.00398773 0.0561404
