0 0.307515 0.318421 0.00337423 0.054386
0 0.517331 0.194737 0.00276074 0.0385965
0 0.698926 0.339474 0.00337423 0.0508772
0 0.482362 0.285088 0.00214724 0.0438596
0 0.639724 0.236842 0.00337423 0.045614
0 0.524693 0.186842 0.00337423 0.0438596
0 0.54908 0.336842 0.00368098 0.0561404
0 0.488957 0.464912 0.00429448 0.0561404
0 0.481135 0.35614 0.00398773 0.0561404
0 0.61135 0.35 0.00368098 0.0578947
0 0.629294 0.24386 0.00337423 0.045614
0 0.536503 0.280702 0.00306748 0.0491228
0 0.593865 0.389474 0.00429448 0.0631579
0 0.628988 0.286842 0.00337423 0.0473684
0 0.73681 0.454386 0.00429448 0.0666667
0 0.480061 0.319298 0.00306748 0.0561404
0 0.660429 0.220175 0.00306748 0.0403509
0 0.598926 0.27193 0.00337423 0.0491228
0 0.652761 0.615789 0.00552147 0.0842105
0 0.565491 0.561404 0.00521472 0.077193
0 0.722853 0.314035 0.00398773 0.0526316
0 0.548006 0.633333 0.00582822 0.0842105
0 0.56319 0.427193 0.00429448 0.0684211
