0 0.725 0.368421 0.00460123 0.0561404
0 0.774693 0.638596 0.00582822 0.0842105
0 0.634202 0.240351 0.00337423 0.0491228
0 0.726074 0.394737 0.00429448 0.0596491
0 0.588344 0.157018 0.00306748 0.0438596
0 0.722853 0.372807 0.00521472 0.0684211
0 0.485583 0.295614 0.00245399 0.0473684
0 0.621472 0.264035 0.00306748 0.0403509
0 0.804141 0.685965 0.00644172 0.0912281
0 0.493865 0.382456 0.00368098 0.0596491
0 0.56135 0.347368 0.00368098 0.0596491
0 0.336656 0.331579 0.00337423 0.0526316
0 0.713344 0.29386 0.00460123 0.0614035
0 0.710276 0.274561 0.00460123 0.054386
0 0.555521 0.474561 0.00429448 0.0649123
0 0.601074 0.30614 0.00337423 0.054386
0 0.484202 0.328947 0.00337423 0.054386
0 0.672699 0.25614 0.00306748 0.045614
0 0.694479 0.555263 0.00490798 0.0754386
0 0.689571 0.262281 0.00306748 0.0473684
0 0.561503 0.196491 0.00398773 0.0491228
0 0.640031 0.378947 0.00398773 0.0666667
0 0.664724 0.364035 0.00429448 0.0649123
