0 0.677454 0.258772 0.00337423 0.0473684
0 0.676687 0.626316 0.00613497 0.0842105
0 0.681595 0.277193 0.00429448 0.0491228
0 0.564877 0.158772 0.00337423 0.0473684
0 0.592331 0.261404 0.00306748 0.045614
0 0.67454 0.368421 0.00368098 0.0561404
0 0.483129 0.29386 0.00306748 0.0473684
0 0.318252 0.326316 0.00337423 0.0526316
0 0.539877 0.188596 0.00245399 0.0438596
0 0.574233 0.298246 0.00306748 0.0421053
0 0.668865 0.35614 0.00337423 0.0561404
0 0.500767 0.480702 0.00460123 0.0701754
0 0.675153 0.588596 0.00490798 0.0824561
0 0.668865 0.641228 0.00582822 0.0859649
0 0.64816 0.241228 0.00245399 0.0438596
0 0.484969 0.368421 0.00368098 0.0596491
0 0.626074 0.37807 0.00368098 0.0578947
0 0.476534 0.320175 0.00276074 0.054386
0 0.559202 0.355263 0.00368098 0.0578947
0 0.719939 0.296491 0.00368098 0.045614
0 0.602607 0.247368 0.00337423 0.045614
0 0.721933 0.40614 0.00398773 0.0614035
0 0.602301 0.410526 0.00398773 0.0666667
