0 0.515184 0.264035 0.00276074 0.0438596
0 0.649693 0.275439 0.00306748 0.0491228
0 0.77638 0.618421 0.00552147 0.0789474
0 0.593405 0.434211 0.00398773 0.0649123
0 0.30046 0.388597 0.00398773 0.0649123
0 0.67546 0.542982 0.00490798 0.0754386
0 0.717025 0.409649 0.00398773 0.0649123
0 0.582209 0.726316 0.00490798 0.0912281
0 0.771779 0.374561 0.00368098 0.0614035
0 0.78589 0.766667 0.00674847 0.0982456
0 0.613497 0.300877 0.00306748 0.0508772
0 0.495399 0.440351 0.00429448 0.0666667
0 0.584049 0.469298 0.00429448 0.0684211
0 0.500307 0.605263 0.00552147 0.0842105
0 0.714571 0.65614 0.00582822 0.0877193
0 0.705215 0.612281 0.00552147 0.0807018
0 0.545705 0.249123 0.00429448 0.0491228
0 0.509356 0.609649 0.00521472 0.0824561
0 0.596012 0.758772 0.00674847 0.1
0 0.676534 0.482456 0.00460123 0.0701754
0 0.844632 0.651754 0.00644172 0.0824561
0 0.585429 0.576316 0.00521472 0.0929825
0 0.570552 0.523684 0.00613497 0.0859649
