0 0.646626 0.264912 0.00306748 0.0491228
0 0.509816 0.263158 0.00306748 0.0491228
0 0.687423 0.549123 0.00552147 0.0736842
0 0.772546 0.357895 0.00337423 0.0561404
0 0.717638 0.402632 0.00398773 0.0649123
0 0.763037 0.588596 0.00521472 0.054386
0 0.707209 0.55614 0.00521472 0.077193
0 0.618405 0.308772 0.00306748 0.0491228
0 0.591871 0.55614 0.00521472 0.077193
0 0.495859 0.428947 0.00398773 0.0649123
0 0.496472 0.584211 0.00521472 0.0807018
0 0.302147 0.384211 0.00429448 0.0666667
0 0.597853 0.464912 0.00429448 0.0666667
0 0.770245 0.724561 0.00613497 0.0912281
0 0.563497 0.486842 0.00429448 0.0684211
0 0.509049 0.588596 0.00521472 0.0824561
0 0.685276 0.469298 0.00429448 0.0649123
0 0.589877 0.427193 0.00368098 0.0614035
0 0.695552 0.544737 0.00521472 0.0754386
0 0.533282 0.232456 0.00460123 0.0473684
0 0.567331 0.70614 0.00644172 0.0894737
0 0.816411 0.627193 0.00582822 0.0824561
0 0.585429 0.742982 0.00644172 0.0964912
