0 0.540644 0.264035 0.00337423 0.0614035
0 0.569479 0.170175 0.00337423 0.0385965
0 0.46319 0.172807 0.00306748 0.0403509
0 0.312883 0.298246 0.00245399 0.0526316
0 0.512883 0.254386 0.00306748 0.0491228
0 0.530828 0.164912 0.00337423 0.0385965
0 0.520552 0.154386 0.00306748 0.0421053
0 0.513497 0.181579 0.00368098 0.0403509
0 0.557055 0.161404 0.00306748 0.0350877
0 0.507055 0.165789 0.00368098 0.0438596
0 0.541104 0.282456 0.00306748 0.0526316
0 0.561043 0.264035 0.00306748 0.0473684
0 0.601534 0.270175 0.00306748 0.0491228
0 0.728067 0.307895 0.00337423 0.054386
0 0.535583 0.365789 0.00368098 0.0578947
0 0.598926 0.224561 0.00337423 0.0526316
0 0.622853 0.329825 0.00337423 0.0561404
0 0.575767 0.249123 0.00306748 0.0491228
0 0.461656 0.281579 0.00306748 0.0508772
0 0.571626 0.213158 0.00398773 0.0508772
0 0.496166 0.413158 0.00337423 0.054386
0 0.481595 0.207018 0.00306748 0.0526316
0 0.604141 0.371053 0.00398773 0.0578947
0 0.539724 0.242105 0.00337423 0.0561404
