0 0.533742 0.154386 0.00245399 0.0385965
0 0.522086 0.192982 0.00245399 0.0385965
0 0.341411 0.278947 0.00368098 0.0596491
0 0.554448 0.165789 0.00276074 0.0438596
0 0.627607 0.338596 0.00368098 0.0561404
0 0.525613 0.165789 0.00276074 0.0403509
0 0.710736 0.304386 0.00306748 0.0473684
0 0.560429 0.241228 0.00306748 0.0473684
0 0.609816 0.268421 0.00306748 0.0491228
0 0.455215 0.242982 0.00245399 0.0438596
0 0.526534 0.229825 0.00276074 0.045614
0 0.470245 0.198246 0.00245399 0.0421053
0 0.586963 0.250877 0.00276074 0.045614
0 0.532055 0.272807 0.00337423 0.0508772
0 0.589571 0.188596 0.00306748 0.0438596
0 0.548926 0.377193 0.00398773 0.0596491
0 0.495245 0.412281 0.00337423 0.0385965
0 0.564571 0.27193 0.00276074 0.0491228
0 0.481902 0.214912 0.00306748 0.0508772
0 0.618098 0.380702 0.00368098 0.0596491
0 0.598313 0.221053 0.00398773 0.0596491
0 0.547699 0.230702 0.00337423 0.054386
0 0.557055 0.207018 0.00306748 0.0491228
