0 0.544785 0.157018 0.00245399 0.0438596
0 0.553834 0.175439 0.00214724 0.0350877
0 0.51135 0.163158 0.00306748 0.0421053
0 0.47592 0.207018 0.00276074 0.045614
0 0.344479 0.27807 0.00368098 0.0614035
0 0.452301 0.233333 0.00276074 0.045614
0 0.568865 0.234211 0.00276074 0.0473684
0 0.563957 0.272807 0.00337423 0.0508772
0 0.711043 0.304386 0.00306748 0.0473684
0 0.526074 0.203509 0.00245399 0.0385965
0 0.593098 0.259649 0.00276074 0.0491228
0 0.529448 0.24386 0.00245399 0.045614
0 0.537117 0.27193 0.00306748 0.0491228
0 0.558589 0.208772 0.00245399 0.0421053
0 0.626074 0.349123 0.00368098 0.0596491
0 0.482055 0.214912 0.00276074 0.0473684
0 0.622546 0.272807 0.00398773 0.0578947
0 0.613344 0.397368 0.00398773 0.0614035
0 0.60184 0.226316 0.00368098 0.0526316
0 0.551687 0.392105 0.00398773 0.0614035
0 0.598773 0.201754 0.00368098 0.0491228
0 0.495706 0.414912 0.00368098 0.0368421
0 0.55184 0.235965 0.00368098 0.054386
