0 0.515491 0.264035 0.00276074 0.0438596
0 0.649693 0.275439 0.00306748 0.0491228
0 0.674387 0.539474 0.00521472 0.0754386
0 0.582822 0.724561 0.00490798 0.0912281
0 0.593558 0.434211 0.00429448 0.0649123
0 0.300153 0.388597 0.00398773 0.0649123
0 0.717025 0.409649 0.00398773 0.0649123
0 0.776074 0.617544 0.00552147 0.0807018
0 0.771779 0.374561 0.00368098 0.0614035
0 0.786196 0.769298 0.00674847 0.1
0 0.613344 0.3 0.00337423 0.0491228
0 0.583742 0.469298 0.00429448 0.0684211
0 0.495399 0.440351 0.00429448 0.0666667
0 0.500307 0.60614 0.00552147 0.0824561
0 0.715184 0.658772 0.00582822 0.0859649
0 0.596166 0.758772 0.00644172 0.1
0 0.67592 0.481579 0.00460123 0.0719298
0 0.509356 0.610526 0.00521472 0.0807018
0 0.705368 0.614912 0.00521472 0.0789474
0 0.546319 0.25 0.00429448 0.0473684
0 0.585123 0.576316 0.00521472 0.0929825
0 0.845092 0.652632 0.00613497 0.0807018
0 0.570552 0.524561 0.00613497 0.0877193
