0 0.891258 0.727193 0.00705521 0.0859649
0 0.504755 0.387719 0.00398773 0.0631579
0 0.766871 0.404386 0.00490798 0.0649123
0 0.69862 0.287719 0.00398773 0.0491228
0 0.61411 0.507018 0.00490798 0.0421053
0 0.610429 0.307895 0.00368098 0.0473684
0 0.500307 0.340351 0.00368098 0.0561404
0 0.568712 0.35614 0.00368098 0.0561404
0 0.35046 0.342982 0.00337423 0.054386
0 0.494172 0.307895 0.00306748 0.054386
0 0.641718 0.292982 0.00306748 0.0491228
0 0.663344 0.275439 0.00398773 0.0561404
0 0.69908 0.369298 0.00368098 0.0578947
0 0.602607 0.170175 0.00337423 0.045614
0 0.836503 0.640351 0.00552147 0.077193
0 0.750307 0.373684 0.00552147 0.0666667
0 0.729141 0.528947 0.00490798 0.0719298
0 0.701227 0.257895 0.00306748 0.0491228
0 0.72684 0.302632 0.00460123 0.0578947
0 0.662883 0.353509 0.00368098 0.0578947
0 0.569785 0.212281 0.00398773 0.0491228
0 0.711963 0.286842 0.00490798 0.0578947
0 0.738957 0.371053 0.00552147 0.0719298
