0 0.715951 0.289474 0.00368098 0.0491228
0 0.716564 0.303509 0.00368098 0.0526316
0 0.714877 0.3 0.00337423 0.045614
0 0.752607 0.370175 0.00521472 0.0666667
0 0.510123 0.390351 0.00368098 0.0614035
0 0.719939 0.298246 0.00368098 0.0561404
0 0.500767 0.310526 0.00337423 0.0526316
0 0.717485 0.277193 0.00368098 0.0491228
0 0.653374 0.530702 0.00490798 0.0403509
0 0.653834 0.316667 0.00337423 0.0473684
0 0.356902 0.342105 0.00337423 0.0596491
0 0.750614 0.514912 0.00490798 0.0649123
0 0.719632 0.364035 0.00490798 0.0578947
0 0.756595 0.364035 0.00460123 0.0649123
0 0.62316 0.319298 0.00337423 0.0561404
0 0.78589 0.408772 0.00613497 0.0666667
0 0.684049 0.297368 0.00429448 0.0578947
0 0.93911 0.752632 0.00828221 0.0947368
0 0.572086 0.364912 0.00368098 0.0596491
0 0.511963 0.342105 0.00368098 0.0596491
0 0.67408 0.333333 0.00337423 0.0561404
0 0.734202 0.307895 0.00460123 0.0578947
0 0.870092 0.636842 0.00521472 0.0736842
0 0.608742 0.179825 0.00337423 0.0473684
0 0.577147 0.218421 0.00398773 0.0508772
