0 0.685429 0.364912 0.00337423 0.0350877
0 0.623006 0.351754 0.00368098 0.0578947
0 0.642638 0.237719 0.00306748 0.0438596
0 0.305982 0.32193 0.00337423 0.054386
0 0.521012 0.191228 0.00276074 0.045614
0 0.482669 0.292105 0.00276074 0.0438596
0 0.53589 0.180702 0.00368098 0.0421053
0 0.540798 0.291228 0.00306748 0.0491228
0 0.550614 0.349123 0.00368098 0.0596491
0 0.639724 0.252632 0.00337423 0.0491228
0 0.598926 0.388597 0.00398773 0.0614035
0 0.481902 0.358772 0.00368098 0.0578947
0 0.594325 0.273684 0.00337423 0.0491228
0 0.724233 0.312281 0.00368098 0.0491228
0 0.480061 0.32193 0.00306748 0.0578947
0 0.618865 0.281579 0.00337423 0.0473684
0 0.665031 0.227193 0.00306748 0.0438596
0 0.652147 0.620175 0.00552147 0.0824561
0 0.485276 0.458772 0.00429448 0.0684211
0 0.73773 0.45 0.00429448 0.0684211
0 0.567945 0.641228 0.00582822 0.0894737
0 0.58589 0.566667 0.00490798 0.0807018
0 0.568712 0.430702 0.00429448 0.0684211
