0 0.51365 0.182456 0.00276074 0.0385965
0 0.51227 0.15614 0.00245399 0.0421053
0 0.493098 0.262281 0.00276074 0.0473684
0 0.563037 0.176316 0.00337423 0.0368421
0 0.501074 0.469298 0.00398773 0.0614035
0 0.530368 0.291228 0.00306748 0.045614
0 0.530368 0.269298 0.00306748 0.0473684
0 0.553221 0.167544 0.00276074 0.0368421
0 0.597393 0.4 0.00398773 0.0421053
0 0.518712 0.167544 0.00306748 0.0403509
0 0.45184 0.175439 0.00306748 0.045614
0 0.733589 0.313158 0.00337423 0.054386
0 0.560736 0.22193 0.00306748 0.0403509
0 0.571012 0.258772 0.00276074 0.0403509
0 0.609202 0.348246 0.00368098 0.054386
0 0.501534 0.185088 0.00306748 0.0403509
0 0.53589 0.387719 0.00368098 0.0596491
0 0.596472 0.27807 0.00337423 0.0508772
0 0.478988 0.214035 0.00276074 0.0491228
0 0.451074 0.30614 0.00337423 0.054386
0 0.587883 0.241228 0.00276074 0.0473684
0 0.308129 0.292982 0.00337423 0.0561404
0 0.533282 0.236842 0.00337423 0.0561404
