0 0.716411 0.390351 0.00398773 0.0614035
0 0.772086 0.348246 0.00368098 0.0508772
0 0.679448 0.45 0.00429448 0.0649123
0 0.527147 0.22193 0.00276074 0.0508772
0 0.505368 0.259649 0.00276074 0.0491228
0 0.640951 0.25 0.00276074 0.0473684
0 0.505982 0.581579 0.00521472 0.0789474
0 0.496626 0.410526 0.00368098 0.0631579
0 0.744939 0.57807 0.00521472 0.0614035
0 0.617485 0.295614 0.00306748 0.0508772
0 0.301534 0.379825 0.00429448 0.0649123
0 0.584969 0.528947 0.00490798 0.0754386
0 0.705828 0.525439 0.00490798 0.0684211
0 0.603067 0.437719 0.00429448 0.0614035
0 0.670092 0.503509 0.00460123 0.0666667
0 0.494785 0.561404 0.00490798 0.077193
0 0.681442 0.513158 0.00460123 0.0719298
0 0.557055 0.446491 0.00429448 0.0614035
0 0.796779 0.605263 0.00582822 0.0807018
0 0.554755 0.685088 0.00582822 0.0824561
0 0.576841 0.729825 0.00644172 0.0947368
0 0.584202 0.417544 0.00337423 0.0596491
0 0.755982 0.692105 0.00582822 0.0859649
