0 0.997699 0.775439 0.00337423 0.0807018
0 0.744325 0.35614 0.00398773 0.0526316
0 0.743865 0.389474 0.00429448 0.0561404
0 0.589877 0.216667 0.00306748 0.0438596
0 0.764417 0.331579 0.00490798 0.0596491
0 0.346779 0.34386 0.00337423 0.0561404
0 0.803068 0.414912 0.00429448 0.0684211
0 0.73727 0.309649 0.00398773 0.0438596
0 0.780215 0.377193 0.00398773 0.0596491
0 0.517638 0.3 0.00337423 0.0526316
0 0.669939 0.327193 0.00306748 0.054386
0 0.670245 0.285965 0.00368098 0.0491228
0 0.643098 0.324561 0.00337423 0.0526316
0 0.521012 0.397368 0.00398773 0.0614035
0 0.528834 0.339474 0.00368098 0.054386
0 0.780982 0.530702 0.00490798 0.0754386
0 0.620706 0.2 0.00337423 0.045614
0 0.567025 0.385088 0.00398773 0.0614035
0 0.743252 0.313158 0.00429448 0.0473684
0 0.722086 0.587719 0.00552147 0.0631579
0 0.752147 0.328947 0.00490798 0.054386
0 0.714724 0.324561 0.00429448 0.0631579
0 0.923006 0.637719 0.00613497 0.0894737
