0 0.581135 0.383333 0.00398773 0.0578947
0 0.531135 0.300877 0.00337423 0.0473684
0 0.582362 0.391228 0.00398773 0.0596491
0 0.494479 0.208772 0.00245399 0.0350877
0 0.691718 0.303509 0.00306748 0.0421053
0 0.719018 0.311404 0.00368098 0.054386
0 0.52316 0.270175 0.00276074 0.0350877
0 0.311196 0.314035 0.00337423 0.0526316
0 0.468865 0.281579 0.00276074 0.0403509
0 0.645245 0.22193 0.00276074 0.0438596
0 0.466411 0.342982 0.00337423 0.054386
0 0.711043 0.435965 0.00429448 0.0473684
0 0.593712 0.27193 0.00276074 0.0385965
0 0.629908 0.22807 0.00276074 0.0421053
0 0.595399 0.35 0.00368098 0.0508772
0 0.471933 0.312281 0.00337423 0.0526316
0 0.518098 0.463158 0.00429448 0.0666667
0 0.523313 0.541228 0.00490798 0.0719298
0 0.62362 0.287719 0.00368098 0.0526316
0 0.550153 0.414912 0.00398773 0.0614035
0 0.505521 0.207895 0.00306748 0.0403509
0 0.646012 0.568421 0.00490798 0.077193
0 0.522853 0.59386 0.00521472 0.0789474
0 0.608896 0.232456 0.00368098 0.0438596
