0 0.554601 0.164035 0.00245399 0.0403509
0 0.554755 0.178947 0.00214724 0.0315789
0 0.714877 0.301754 0.00337423 0.0526316
0 0.504908 0.161404 0.00306748 0.0421053
0 0.341258 0.280702 0.00398773 0.0596491
0 0.454601 0.230702 0.00245399 0.0473684
0 0.597546 0.260526 0.00306748 0.054386
0 0.565184 0.274561 0.00337423 0.0508772
0 0.574386 0.228947 0.00276074 0.0473684
0 0.528834 0.20614 0.00245399 0.0403509
0 0.541411 0.272807 0.00306748 0.0508772
0 0.630215 0.273684 0.00398773 0.0561404
0 0.476687 0.200877 0.00368098 0.0473684
0 0.531748 0.249123 0.00276074 0.045614
0 0.481902 0.214912 0.00306748 0.0473684
0 0.560276 0.207895 0.00276074 0.0438596
0 0.626994 0.357018 0.00368098 0.0578947
0 0.551687 0.399123 0.00398773 0.0649123
0 0.606902 0.230702 0.00398773 0.0508772
0 0.607822 0.399123 0.00398773 0.0614035
0 0.604141 0.207895 0.00337423 0.0508772
0 0.551074 0.237719 0.00337423 0.0508772
0 0.495552 0.414912 0.00398773 0.0368421
