0 0.744018 0.338596 0.00398773 0.0526316
0 0.992945 0.786842 0.00920245 0.0754386
0 0.355061 0.342105 0.00337423 0.0596491
0 0.776687 0.518421 0.00490798 0.0578947
0 0.741564 0.309649 0.00398773 0.0473684
0 0.801687 0.417544 0.00460123 0.0631579
0 0.744018 0.373684 0.00521472 0.0596491
0 0.63819 0.327193 0.00337423 0.054386
0 0.512577 0.30614 0.00306748 0.054386
0 0.700153 0.557895 0.00521472 0.0596491
0 0.518712 0.392105 0.00368098 0.0614035
0 0.677147 0.302632 0.00337423 0.0508772
0 0.769325 0.376316 0.00490798 0.0649123
0 0.733436 0.309649 0.00368098 0.0473684
0 0.755368 0.353509 0.00398773 0.0508772
0 0.666104 0.327193 0.00337423 0.054386
0 0.58911 0.219298 0.00337423 0.045614
0 0.571779 0.378947 0.00368098 0.0596491
0 0.523313 0.34386 0.00368098 0.0561404
0 0.907209 0.635965 0.00705521 0.0894737
0 0.616104 0.191228 0.00337423 0.0491228
0 0.707975 0.317544 0.00429448 0.0631579
