0 0.651074 0.218421 0.00276074 0.0403509
0 0.502454 0.198246 0.00245399 0.0385965
0 0.31273 0.314035 0.00337423 0.0561404
0 0.615031 0.235965 0.00368098 0.0438596
0 0.473466 0.349123 0.00337423 0.0561404
0 0.632209 0.291228 0.00306748 0.0491228
0 0.508896 0.464912 0.00429448 0.0666667
0 0.530061 0.268421 0.00306748 0.0385965
0 0.699847 0.312281 0.00337423 0.0491228
0 0.539877 0.309649 0.00368098 0.0508772
0 0.598159 0.273684 0.00306748 0.045614
0 0.476227 0.314035 0.00276074 0.0491228
0 0.475767 0.278947 0.00245399 0.0385965
0 0.600613 0.351754 0.00368098 0.0578947
0 0.633282 0.230702 0.00276074 0.0438596
0 0.723313 0.450877 0.00429448 0.0596491
0 0.512883 0.2 0.00306748 0.0421053
0 0.586043 0.39386 0.00398773 0.0614035
0 0.716564 0.308772 0.00368098 0.0526316
0 0.649847 0.592982 0.00521472 0.0807018
0 0.529448 0.60614 0.00552147 0.0824561
0 0.536196 0.54386 0.00490798 0.0736842
0 0.554601 0.420175 0.00429448 0.0649123
