0 0.774387 0.351754 0.00582822 0.0614035
0 0.997546 0.77193 0.00368098 0.077193
0 0.732822 0.363158 0.00368098 0.0561404
0 0.584509 0.214035 0.00276074 0.045614
0 0.731442 0.389474 0.00460123 0.0631579
0 0.798773 0.414035 0.00490798 0.0666667
0 0.741104 0.313158 0.00368098 0.0473684
0 0.755828 0.337719 0.00490798 0.0578947
0 0.733896 0.307018 0.00398773 0.0491228
0 0.780982 0.378947 0.00368098 0.0631579
0 0.342791 0.345614 0.00337423 0.0561404
0 0.516564 0.297368 0.00306748 0.0508772
0 0.669785 0.326316 0.00337423 0.0561404
0 0.642638 0.323684 0.00368098 0.054386
0 0.529141 0.337719 0.00368098 0.054386
0 0.519172 0.401754 0.00398773 0.0631579
0 0.617331 0.199123 0.00337423 0.0438596
0 0.663037 0.283333 0.00398773 0.054386
0 0.56319 0.385965 0.00368098 0.0596491
0 0.77546 0.539474 0.00490798 0.0719298
0 0.922546 0.635965 0.00644172 0.0929825
0 0.71273 0.334211 0.00337423 0.0614035
0 0.721779 0.602632 0.00552147 0.0789474
