0 0.662117 0.346491 0.00398773 0.0403509
0 0.585429 0.262281 0.00276074 0.0333333
0 0.617485 0.209649 0.00245399 0.0298246
0 0.552147 0.366667 0.00306748 0.0491228
0 0.678988 0.404386 0.00398773 0.0614035
0 0.775767 0.353509 0.00368098 0.054386
0 0.60138 0.479825 0.00460123 0.0578947
0 0.732669 0.624561 0.00521472 0.0561404
0 0.53819 0.185088 0.00276074 0.0403509
0 0.311043 0.338596 0.00368098 0.0561404
0 0.569325 0.285088 0.00306748 0.0473684
0 0.693558 0.546491 0.00490798 0.0649123
0 0.556288 0.390351 0.00337423 0.0578947
0 0.559202 0.188596 0.00306748 0.0403509
0 0.487883 0.25 0.00276074 0.0473684
0 0.517945 0.402632 0.00398773 0.0649123
0 0.502301 0.311404 0.00337423 0.054386
0 0.478681 0.419298 0.00398773 0.0631579
0 0.565798 0.510526 0.00460123 0.0631579
0 0.65138 0.321053 0.00582822 0.0701754
0 0.610429 0.333333 0.00306748 0.0491228
0 0.623466 0.251754 0.00398773 0.0333333
0 0.557822 0.274561 0.00460123 0.0473684
