0 0.56411 0.181579 0.00245399 0.0333333
0 0.51227 0.161404 0.00245399 0.0385965
0 0.518252 0.186842 0.00276074 0.0368421
0 0.554908 0.17193 0.00245399 0.0350877
0 0.521012 0.168421 0.00276074 0.0385965
0 0.452147 0.180702 0.00306748 0.0421053
0 0.529141 0.294737 0.00306748 0.0491228
0 0.523466 0.277193 0.00276074 0.0491228
0 0.598159 0.282456 0.00306748 0.0491228
0 0.505521 0.485088 0.00429448 0.0649123
0 0.559969 0.22807 0.00276074 0.0421053
0 0.493252 0.263158 0.00306748 0.0491228
0 0.57638 0.259649 0.00306748 0.0385965
0 0.588957 0.245614 0.00306748 0.045614
0 0.605522 0.359649 0.00368098 0.0561404
0 0.541718 0.389474 0.00368098 0.0561404
0 0.735736 0.317544 0.00337423 0.0526316
0 0.502301 0.188596 0.00337423 0.0403509
0 0.588804 0.392982 0.00398773 0.045614
0 0.45138 0.310526 0.00337423 0.0526316
0 0.307362 0.292982 0.00306748 0.0526316
0 0.480368 0.216667 0.00306748 0.0473684
0 0.533589 0.235965 0.00337423 0.0578947
