0 0.649693 0.219298 0.00245399 0.0421053
0 0.5 0.198246 0.00245399 0.0385965
0 0.630521 0.288596 0.00337423 0.0508772
0 0.538497 0.305263 0.00337423 0.045614
0 0.720399 0.446491 0.00460123 0.0473684
0 0.510123 0.464912 0.00429448 0.0631579
0 0.31273 0.314035 0.00337423 0.0561404
0 0.697546 0.307895 0.00306748 0.0473684
0 0.474847 0.313158 0.00306748 0.0473684
0 0.474233 0.27807 0.00245399 0.0368421
0 0.599847 0.349123 0.00398773 0.0561404
0 0.597239 0.271053 0.00306748 0.0438596
0 0.527301 0.267544 0.00306748 0.0403509
0 0.613344 0.233333 0.00398773 0.0421053
0 0.584202 0.394737 0.00398773 0.0631579
0 0.471012 0.349123 0.00337423 0.0561404
0 0.717178 0.308772 0.00368098 0.0526316
0 0.632362 0.228947 0.00276074 0.0473684
0 0.51135 0.201754 0.00306748 0.0421053
0 0.649233 0.582456 0.00521472 0.077193
0 0.526994 0.602632 0.00552147 0.0824561
0 0.532209 0.542982 0.00490798 0.0719298
0 0.553068 0.419298 0.00429448 0.0631579
