0 0.649387 0.277193 0.00306748 0.0491228
0 0.682209 0.54386 0.00552147 0.0701754
0 0.514264 0.265789 0.00276074 0.0438596
0 0.717178 0.40614 0.00429448 0.0649123
0 0.593405 0.434211 0.00398773 0.0649123
0 0.776841 0.613158 0.00582822 0.0789474
0 0.704908 0.598246 0.00552147 0.077193
0 0.301227 0.389474 0.00429448 0.0631579
0 0.771779 0.372807 0.00368098 0.0614035
0 0.585583 0.471053 0.00429448 0.0649123
0 0.495245 0.437719 0.00398773 0.0649123
0 0.783742 0.755263 0.00674847 0.0964912
0 0.614417 0.301754 0.00306748 0.0491228
0 0.579908 0.718421 0.00521472 0.0929825
0 0.499693 0.60614 0.00552147 0.0824561
0 0.711196 0.629825 0.00582822 0.0807018
0 0.679448 0.483333 0.00490798 0.0719298
0 0.594479 0.757895 0.00674847 0.0982456
0 0.543098 0.245614 0.00460123 0.0526316
0 0.58727 0.57807 0.00521472 0.0929825
0 0.841104 0.646491 0.00613497 0.0824561
0 0.569939 0.518421 0.00613497 0.0859649
0 0.509509 0.607895 0.00552147 0.0824561
