0 0.558282 0.191228 0.00306748 0.0491228
0 0.464264 0.224561 0.00276074 0.0421053
0 0.491871 0.164912 0.00276074 0.045614
0 0.581442 0.179825 0.00337423 0.0473684
0 0.597699 0.229825 0.00276074 0.0421053
0 0.730522 0.309649 0.00337423 0.0508772
0 0.484969 0.188596 0.00306748 0.0403509
0 0.330215 0.290351 0.00337423 0.0649123
0 0.537577 0.264035 0.00276074 0.0403509
0 0.55184 0.269298 0.00306748 0.0473684
0 0.534663 0.209649 0.00245399 0.0403509
0 0.608742 0.262281 0.00337423 0.0578947
0 0.622239 0.235965 0.00398773 0.0508772
0 0.555982 0.20614 0.00337423 0.0508772
0 0.575767 0.282456 0.00306748 0.0526316
0 0.548313 0.248246 0.00337423 0.0508772
0 0.547393 0.425439 0.00398773 0.0649123
0 0.629294 0.375439 0.00398773 0.0596491
0 0.606288 0.392105 0.00398773 0.0614035
0 0.489417 0.222807 0.00337423 0.0526316
0 0.617331 0.214912 0.00337423 0.0508772
0 0.652147 0.271053 0.00368098 0.0438596
0 0.495552 0.414912 0.00398773 0.0403509
