0 0.779601 0.357895 0.00582822 0.0631579
0 0.997393 0.769298 0.00398773 0.0789474
0 0.777147 0.350877 0.00582822 0.0561404
0 0.728221 0.361403 0.00368098 0.0561404
0 0.582209 0.211404 0.00306748 0.0473684
0 0.731288 0.302632 0.00368098 0.0473684
0 0.341871 0.344737 0.00337423 0.0578947
0 0.739724 0.313158 0.00398773 0.0473684
0 0.780828 0.381579 0.00398773 0.0614035
0 0.755828 0.345614 0.00490798 0.0596491
0 0.726687 0.389474 0.00429448 0.0596491
0 0.795552 0.410526 0.00460123 0.0666667
0 0.561656 0.387719 0.00368098 0.0596491
0 0.515951 0.295614 0.00306748 0.0508772
0 0.528834 0.336842 0.00368098 0.0526316
0 0.669479 0.327193 0.00337423 0.0578947
0 0.642025 0.32193 0.00368098 0.054386
0 0.518558 0.401754 0.00398773 0.0631579
0 0.772699 0.538597 0.00490798 0.0736842
0 0.920705 0.635965 0.00582822 0.0929825
0 0.71135 0.333333 0.00368098 0.0631579
0 0.615951 0.198246 0.00306748 0.045614
0 0.660736 0.279825 0.00429448 0.0578947
0 0.720245 0.610526 0.00552147 0.0807018
