0 0.647239 0.385088 0.00306748 0.054386
0 0.682975 0.255263 0.00337423 0.0438596
0 0.560276 0.2 0.00276074 0.0491228
0 0.542331 0.394737 0.00368098 0.0596491
0 0.847853 0.60614 0.00490798 0.0754386
0 0.696626 0.529825 0.00490798 0.0596491
0 0.326994 0.344737 0.00368098 0.0578947
0 0.645399 0.359649 0.00429448 0.0561404
0 0.730828 0.364035 0.00398773 0.0614035
0 0.752607 0.387719 0.00398773 0.0596491
0 0.685276 0.278947 0.00368098 0.0491228
0 0.504601 0.418421 0.00429448 0.0649123
0 0.644172 0.299123 0.00306748 0.0473684
0 0.518098 0.326316 0.00368098 0.0561404
0 0.921779 0.749123 0.00490798 0.0701754
0 0.505675 0.276316 0.00276074 0.0508772
0 0.671933 0.338596 0.00337423 0.0561404
0 0.615337 0.30614 0.00368098 0.0508772
0 0.656748 0.595614 0.00552147 0.0789474
0 0.727147 0.331579 0.00398773 0.0631579
0 0.591104 0.192982 0.00306748 0.045614
0 0.78773 0.355263 0.00490798 0.0578947
0 0.620092 0.281579 0.00398773 0.054386
