0 0.297393 0.385088 0.00337423 0.0578947
0 0.517025 0.260526 0.00276074 0.0473684
0 0.590951 0.724561 0.00521472 0.0842105
0 0.659663 0.497368 0.00460123 0.0614035
0 0.593865 0.430702 0.00429448 0.0649123
0 0.703681 0.626316 0.00552147 0.0807018
0 0.792178 0.774561 0.00644172 0.0964912
0 0.772393 0.614035 0.00552147 0.0736842
0 0.59954 0.750877 0.00644172 0.0982456
0 0.770552 0.37807 0.00368098 0.0614035
0 0.718252 0.414912 0.00398773 0.0649123
0 0.65 0.277193 0.00306748 0.0491228
0 0.61319 0.296491 0.00306748 0.0526316
0 0.502147 0.614912 0.00552147 0.0859649
0 0.670859 0.478947 0.00429448 0.0701754
0 0.495859 0.42807 0.00398773 0.0631579
0 0.719939 0.687719 0.00613497 0.077193
0 0.580061 0.463158 0.00429448 0.0666667
0 0.507975 0.612281 0.00552147 0.0842105
0 0.552914 0.250877 0.00398773 0.0491228
0 0.580675 0.581579 0.00490798 0.0894737
0 0.84954 0.647368 0.00582822 0.0807018
0 0.571012 0.527193 0.00582822 0.0859649
