0 0.796779 0.785965 0.00705521 0.0947368
0 0.517638 0.25614 0.00276074 0.045614
0 0.295552 0.381579 0.00337423 0.054386
0 0.602454 0.745614 0.00613497 0.0982456
0 0.770859 0.380702 0.00368098 0.0596491
0 0.653374 0.481579 0.00429448 0.0649123
0 0.770859 0.616667 0.00552147 0.0754386
0 0.718865 0.414912 0.00398773 0.0649123
0 0.61319 0.29386 0.00306748 0.0508772
0 0.65 0.27807 0.00306748 0.0508772
0 0.594479 0.427193 0.00429448 0.0684211
0 0.502301 0.62193 0.00582822 0.0859649
0 0.578221 0.457018 0.00429448 0.0649123
0 0.595399 0.725439 0.00552147 0.0894737
0 0.726534 0.712281 0.00644172 0.0877193
0 0.496166 0.422807 0.00398773 0.0631579
0 0.669479 0.477193 0.00460123 0.0701754
0 0.508129 0.615789 0.00521472 0.0842105
0 0.702147 0.620175 0.00552147 0.0859649
0 0.578681 0.585965 0.00521472 0.0877193
0 0.848313 0.635088 0.00582822 0.0807018
0 0.556288 0.250877 0.00460123 0.045614
0 0.571166 0.530702 0.00552147 0.0824561
