0 0.549847 0.219298 0.00276074 0.0315789
0 0.518712 0.172807 0.00245399 0.0438596
0 0.53589 0.181579 0.00245399 0.0403509
0 0.577301 0.185965 0.00245399 0.0350877
0 0.465951 0.207018 0.00245399 0.0421053
0 0.505521 0.302632 0.00306748 0.0508772
0 0.521626 0.337719 0.00337423 0.0578947
0 0.526227 0.319298 0.00337423 0.0526316
0 0.460736 0.354386 0.00368098 0.0596491
0 0.566718 0.598246 0.00521472 0.0807018
0 0.617331 0.332456 0.00337423 0.054386
0 0.598159 0.302632 0.00306748 0.0473684
0 0.306288 0.305263 0.00276074 0.0491228
0 0.589264 0.45 0.00429448 0.054386
0 0.604294 0.27807 0.00306748 0.0508772
0 0.753221 0.337719 0.00398773 0.054386
0 0.48727 0.254386 0.00337423 0.045614
0 0.565491 0.274561 0.00276074 0.0403509
0 0.517945 0.237719 0.00337423 0.0438596
0 0.534969 0.238596 0.00306748 0.0526316
0 0.603834 0.427193 0.00398773 0.0649123
0 0.580521 0.474561 0.00460123 0.0719298
0 0.588804 0.207895 0.00398773 0.0368421
