0 0.544325 0.15614 0.00214724 0.045614
0 0.553834 0.175439 0.00214724 0.0350877
0 0.511963 0.163158 0.00306748 0.0421053
0 0.344785 0.27807 0.00368098 0.0578947
0 0.47546 0.207018 0.00306748 0.045614
0 0.592331 0.257895 0.00245399 0.0491228
0 0.711043 0.303509 0.00306748 0.0491228
0 0.526074 0.202632 0.00245399 0.0403509
0 0.451994 0.234211 0.00276074 0.0473684
0 0.568405 0.234211 0.00306748 0.0473684
0 0.536503 0.273684 0.00306748 0.0491228
0 0.56411 0.272807 0.00306748 0.0508772
0 0.528988 0.242105 0.00276074 0.045614
0 0.626074 0.346491 0.00368098 0.0578947
0 0.61365 0.395614 0.00398773 0.0614035
0 0.598466 0.202632 0.00368098 0.0508772
0 0.482055 0.214912 0.00276074 0.0473684
0 0.601534 0.224561 0.00368098 0.0526316
0 0.551687 0.390351 0.00398773 0.0614035
0 0.621779 0.272807 0.00368098 0.0578947
0 0.495706 0.414912 0.00368098 0.0368421
0 0.558129 0.208772 0.00276074 0.045614
0 0.55184 0.235965 0.00368098 0.054386
