0 0.539571 0.152632 0.00245399 0.0385965
0 0.519785 0.164035 0.00276074 0.0368421
0 0.554294 0.168421 0.00245399 0.0350877
0 0.563957 0.234211 0.00276074 0.0438596
0 0.453221 0.237719 0.00276074 0.0438596
0 0.52454 0.197368 0.00245399 0.0403509
0 0.473313 0.20614 0.00245399 0.0438596
0 0.614724 0.272807 0.00306748 0.0508772
0 0.710736 0.305263 0.00306748 0.0491228
0 0.344479 0.278947 0.00368098 0.0561404
0 0.58865 0.255263 0.00306748 0.0508772
0 0.625307 0.342105 0.00337423 0.0561404
0 0.56411 0.272807 0.00306748 0.0508772
0 0.533896 0.27193 0.00276074 0.0491228
0 0.481442 0.214035 0.00276074 0.0491228
0 0.495399 0.412281 0.00368098 0.0350877
0 0.527454 0.234211 0.00276074 0.0473684
0 0.593558 0.197368 0.00368098 0.0508772
0 0.550614 0.380702 0.00368098 0.0596491
0 0.555061 0.207018 0.00276074 0.045614
0 0.617025 0.388597 0.00398773 0.0614035
0 0.598926 0.22193 0.00460123 0.0614035
0 0.550767 0.231579 0.00337423 0.0526316
