0 0.646166 0.263158 0.00276074 0.0491228
0 0.509663 0.263158 0.00276074 0.0491228
0 0.772086 0.35614 0.00368098 0.0561404
0 0.686196 0.542982 0.00552147 0.0684211
0 0.717485 0.402632 0.00429448 0.0649123
0 0.76227 0.586842 0.00490798 0.0508772
0 0.618712 0.307018 0.00306748 0.0526316
0 0.591564 0.554386 0.00521472 0.077193
0 0.769785 0.72193 0.00644172 0.0894737
0 0.495859 0.42807 0.00398773 0.0666667
0 0.302147 0.384211 0.00429448 0.0666667
0 0.707362 0.553509 0.00490798 0.0754386
0 0.598466 0.463158 0.00429448 0.0666667
0 0.496166 0.582456 0.00521472 0.0807018
0 0.567178 0.704386 0.00613497 0.0894737
0 0.684969 0.467544 0.00429448 0.0649123
0 0.509049 0.585965 0.00521472 0.0807018
0 0.563037 0.484211 0.00460123 0.0666667
0 0.532975 0.232456 0.00460123 0.0473684
0 0.694785 0.540351 0.00490798 0.0736842
0 0.589571 0.425439 0.00368098 0.0614035
0 0.815184 0.623684 0.00582822 0.0789474
0 0.585123 0.742982 0.00644172 0.0964912
