0 0.648773 0.274561 0.00306748 0.0473684
0 0.51181 0.264035 0.00276074 0.0473684
0 0.704448 0.561404 0.00521472 0.0736842
0 0.772086 0.361403 0.00368098 0.0561404
0 0.717025 0.402632 0.00398773 0.0614035
0 0.592638 0.566667 0.00429448 0.0807018
0 0.686196 0.472807 0.00429448 0.0649123
0 0.70046 0.552632 0.00460123 0.0736842
0 0.302607 0.386842 0.00398773 0.0649123
0 0.593865 0.47193 0.00429448 0.0666667
0 0.769785 0.594737 0.00521472 0.0631579
0 0.498006 0.59386 0.00521472 0.0824561
0 0.618098 0.310526 0.00306748 0.0491228
0 0.495245 0.430702 0.00398773 0.0649123
0 0.570245 0.714035 0.00613497 0.0947368
0 0.775767 0.740351 0.00674847 0.0947368
0 0.695399 0.579825 0.00552147 0.0859649
0 0.565798 0.500877 0.00460123 0.0684211
0 0.591871 0.42807 0.00398773 0.0631579
0 0.588804 0.753509 0.00644172 0.0964912
0 0.509816 0.598246 0.00552147 0.0807018
0 0.536043 0.238596 0.00460123 0.0491228
0 0.825767 0.635965 0.00552147 0.0789474
