0 0.599847 0.394737 0.00337423 0.0561404
0 0.646319 0.502632 0.00490798 0.0368421
0 0.603528 0.553509 0.00521472 0.0508772
0 0.594172 0.297368 0.00368098 0.0473684
0 0.548926 0.190351 0.00276074 0.0403509
0 0.772393 0.563158 0.00490798 0.0736842
0 0.829448 0.687719 0.00552147 0.0807018
0 0.694172 0.327193 0.00368098 0.054386
0 0.497699 0.266667 0.00276074 0.0491228
0 0.65138 0.266667 0.00398773 0.0421053
0 0.70138 0.35614 0.00337423 0.0561404
0 0.65 0.235088 0.00368098 0.045614
0 0.318252 0.342982 0.00337423 0.054386
0 0.617485 0.278947 0.00306748 0.0421053
0 0.57546 0.189474 0.00306748 0.0421053
0 0.782669 0.353509 0.00398773 0.054386
0 0.597393 0.364035 0.00398773 0.0508772
0 0.531135 0.398246 0.00398773 0.0596491
0 0.494632 0.42193 0.00398773 0.0649123
0 0.510583 0.319298 0.00337423 0.0561404
0 0.590184 0.283333 0.00490798 0.0508772
0 0.719939 0.391228 0.00429448 0.0631579
0 0.642331 0.338596 0.00306748 0.0561404
