0 0.538804 0.182456 0.00276074 0.0385965
0 0.608129 0.284211 0.00337423 0.0491228
0 0.521166 0.175439 0.00245399 0.0421053
0 0.755828 0.338596 0.00368098 0.0561404
0 0.554448 0.22807 0.00276074 0.0385965
0 0.532055 0.32807 0.00337423 0.0526316
0 0.606442 0.311404 0.00306748 0.0473684
0 0.582515 0.185088 0.00245399 0.0368421
0 0.507975 0.309649 0.00306748 0.054386
0 0.468712 0.214035 0.00245399 0.0421053
0 0.306288 0.309649 0.00276074 0.0508772
0 0.586043 0.461404 0.00460123 0.0666667
0 0.463497 0.365789 0.00368098 0.0578947
0 0.62316 0.344737 0.00337423 0.0578947
0 0.520245 0.348246 0.00368098 0.0578947
0 0.588344 0.492982 0.00490798 0.0736842
0 0.604908 0.438596 0.00429448 0.0596491
0 0.53635 0.241228 0.00337423 0.0508772
0 0.567025 0.286842 0.00276074 0.0438596
0 0.521933 0.247368 0.00337423 0.045614
0 0.580982 0.62193 0.00552147 0.0824561
0 0.592945 0.212281 0.00429448 0.0385965
0 0.488804 0.264035 0.00337423 0.0438596
