0 0.517025 0.170175 0.00276074 0.0421053
0 0.522853 0.334211 0.00337423 0.0508772
0 0.545705 0.219298 0.00306748 0.0385965
0 0.521626 0.314035 0.00337423 0.0526316
0 0.573773 0.182456 0.00214724 0.0315789
0 0.533589 0.178947 0.00276074 0.0421053
0 0.503681 0.292982 0.00306748 0.0491228
0 0.46411 0.20614 0.00245399 0.0438596
0 0.459202 0.348246 0.00368098 0.0578947
0 0.557362 0.582456 0.00552147 0.077193
0 0.305982 0.30614 0.00276074 0.0473684
0 0.60184 0.274561 0.00306748 0.0473684
0 0.48635 0.248246 0.00337423 0.0438596
0 0.57546 0.460526 0.00429448 0.0684211
0 0.592945 0.296491 0.00306748 0.045614
0 0.616104 0.319298 0.00337423 0.0526316
0 0.602607 0.417544 0.00398773 0.0631579
0 0.564877 0.270175 0.00276074 0.0421053
0 0.751534 0.335965 0.00368098 0.054386
0 0.534663 0.235965 0.00306748 0.0508772
0 0.586656 0.437719 0.00398773 0.0649123
0 0.58589 0.204386 0.00429448 0.0403509
0 0.515798 0.229825 0.00337423 0.045614
