0 0.542331 0.350877 0.00368098 0.0526316
0 0.459816 0.242982 0.00306748 0.0403509
0 0.497393 0.318421 0.00337423 0.0508772
0 0.61319 0.226316 0.00306748 0.045614
0 0.297546 0.321053 0.00368098 0.0526316
0 0.730522 0.320175 0.00337423 0.054386
0 0.513037 0.417544 0.00398773 0.0596491
0 0.56227 0.288596 0.00306748 0.0438596
0 0.540184 0.371053 0.00368098 0.054386
0 0.651074 0.288596 0.00398773 0.0508772
0 0.469172 0.504386 0.00460123 0.0684211
0 0.591718 0.295614 0.00490798 0.0614035
0 0.589877 0.231579 0.00306748 0.045614
0 0.616871 0.232456 0.00368098 0.0473684
0 0.615184 0.505263 0.00460123 0.0666667
0 0.463804 0.331579 0.00368098 0.0596491
0 0.506442 0.551754 0.00490798 0.0754386
0 0.659049 0.400877 0.00398773 0.0649123
0 0.467178 0.239474 0.00368098 0.0508772
0 0.480061 0.287719 0.00368098 0.0526316
0 0.475 0.337719 0.00460123 0.0719298
0 0.433436 0.316667 0.00368098 0.0508772
0 0.533742 0.409649 0.00490798 0.0684211
