0 0.529448 0.231579 0.00306748 0.0421053
0 0.423466 0.737719 0.00644172 0.0964912
0 0.428374 0.296491 0.00337423 0.0491228
0 0.428221 0.739474 0.00674847 0.0964912
0 0.45046 0.400877 0.00398773 0.0508772
0 0.505675 0.429825 0.00398773 0.0631579
0 0.552761 0.257018 0.00306748 0.0473684
0 0.241564 0.367544 0.00337423 0.0473684
0 0.440491 0.457018 0.00429448 0.0649123
0 0.391871 0.641228 0.00398773 0.0684211
0 0.48727 0.613158 0.00521472 0.0719298
0 0.383282 0.624561 0.00460123 0.077193
0 0.405828 0.404386 0.00429448 0.0649123
0 0.454908 0.636842 0.00552147 0.0807018
0 0.578374 0.414035 0.00460123 0.0561404
0 0.521012 0.435965 0.00398773 0.054386
0 0.441871 0.198246 0.00398773 0.0526316
0 0.715184 0.345614 0.00337423 0.0561404
0 0.50092 0.700877 0.00613497 0.0894737
0 0.60092 0.550877 0.00490798 0.077193
0 0.53681 0.752632 0.00674847 0.0982456
0 0.578834 0.334211 0.00490798 0.0614035
0 0.457209 0.482456 0.00521472 0.0666667
