0 0.461196 0.242105 0.00276074 0.0421053
0 0.498006 0.312281 0.00337423 0.0491228
0 0.298313 0.321053 0.00337423 0.0526316
0 0.544325 0.35 0.00337423 0.054386
0 0.613957 0.22807 0.00337423 0.0491228
0 0.652301 0.290351 0.00398773 0.0508772
0 0.541871 0.370175 0.00398773 0.0526316
0 0.729908 0.317544 0.00337423 0.0526316
0 0.563804 0.286842 0.00306748 0.0473684
0 0.51365 0.419298 0.00398773 0.0596491
0 0.590951 0.231579 0.00276074 0.045614
0 0.617638 0.230702 0.00398773 0.0508772
0 0.592791 0.296491 0.00460123 0.0596491
0 0.615798 0.509649 0.00460123 0.0719298
0 0.660276 0.402632 0.00398773 0.0649123
0 0.469785 0.507895 0.00460123 0.0684211
0 0.464417 0.331579 0.00368098 0.0596491
0 0.468405 0.238596 0.00368098 0.0491228
0 0.481288 0.290351 0.00368098 0.054386
0 0.507362 0.552632 0.00490798 0.077193
0 0.434509 0.315789 0.00337423 0.0526316
0 0.475307 0.337719 0.00460123 0.0719298
0 0.534202 0.407895 0.00521472 0.0684211
