0 0.486963 0.236842 0.00276074 0.0421053
0 0.444479 0.181579 0.00368098 0.0508772
0 0.592638 0.524561 0.00490798 0.0736842
0 0.493558 0.461404 0.00429448 0.0666667
0 0.53727 0.250877 0.00276074 0.045614
0 0.574386 0.311404 0.00460123 0.0578947
0 0.551994 0.452632 0.00337423 0.0631579
0 0.389417 0.539474 0.00398773 0.0754386
0 0.421166 0.273684 0.00306748 0.0491228
0 0.717945 0.336842 0.00337423 0.0526316
0 0.461196 0.369298 0.00337423 0.0473684
0 0.252761 0.348246 0.00429448 0.0684211
0 0.497393 0.64386 0.00582822 0.0842105
0 0.468558 0.327193 0.00398773 0.0508772
0 0.41227 0.364912 0.00368098 0.0631579
0 0.517485 0.438596 0.00429448 0.0666667
0 0.440644 0.499123 0.00460123 0.0719298
0 0.38911 0.667544 0.00582822 0.0859649
0 0.566258 0.442982 0.00429448 0.0649123
0 0.378528 0.607018 0.00490798 0.0912281
0 0.540798 0.683333 0.00613497 0.0859649
0 0.45092 0.489474 0.00429448 0.077193
0 0.37362 0.730702 0.00674847 0.1
