0 0.594325 0.175439 0.00214724 0.0245614
0 0.47638 0.207018 0.00245399 0.0421053
0 0.631288 0.325439 0.00368098 0.054386
0 0.537883 0.357018 0.00337423 0.054386
0 0.545552 0.252632 0.00276074 0.0385965
0 0.47362 0.407895 0.00490798 0.0649123
0 0.480982 0.188596 0.00245399 0.0403509
0 0.604294 0.292105 0.00306748 0.0438596
0 0.745859 0.315789 0.00337423 0.0561404
0 0.476074 0.390351 0.00429448 0.0578947
0 0.523773 0.24386 0.00276074 0.045614
0 0.483129 0.285965 0.00306748 0.0491228
0 0.591104 0.384211 0.00368098 0.0596491
0 0.582055 0.221053 0.00276074 0.0421053
0 0.527147 0.331579 0.00337423 0.0561404
0 0.477761 0.514912 0.00460123 0.0684211
0 0.614571 0.497368 0.00460123 0.0684211
0 0.685429 0.440351 0.00398773 0.0701754
0 0.632669 0.292982 0.00460123 0.0526316
0 0.63727 0.261404 0.00398773 0.0491228
0 0.490491 0.530702 0.00490798 0.0754386
0 0.66273 0.554386 0.00521472 0.077193
0 0.290644 0.325439 0.00644172 0.0684211
