0 0.658742 0.301754 0.00398773 0.0561404
0 0.499847 0.190351 0.00276074 0.0403509
0 0.480215 0.431579 0.00398773 0.0561404
0 0.541104 0.37807 0.00368098 0.0614035
0 0.756442 0.329825 0.00368098 0.0561404
0 0.496319 0.57193 0.00490798 0.0666667
0 0.487423 0.224561 0.00245399 0.045614
0 0.569632 0.30614 0.00306748 0.0438596
0 0.61135 0.195614 0.00245399 0.0403509
0 0.656442 0.525439 0.00490798 0.0614035
0 0.53819 0.296491 0.00337423 0.0526316
0 0.480061 0.462281 0.00429448 0.0649123
0 0.658742 0.35614 0.00337423 0.0561404
0 0.597699 0.254386 0.00276074 0.0491228
0 0.552607 0.380702 0.00398773 0.0596491
0 0.615644 0.42193 0.00429448 0.0649123
0 0.645092 0.357018 0.00368098 0.0578947
0 0.620552 0.342105 0.00368098 0.0526316
0 0.493252 0.326316 0.00368098 0.0561404
0 0.691411 0.587719 0.00552147 0.077193
0 0.513497 0.614912 0.00552147 0.0824561
0 0.291411 0.332456 0.00552147 0.0684211
0 0.717178 0.485965 0.00674847 0.0842105
