0 0.441258 0.174561 0.00337423 0.0438596
0 0.477454 0.230702 0.00276074 0.0368421
0 0.466564 0.315789 0.00368098 0.0491228
0 0.549693 0.430702 0.00368098 0.0684211
0 0.381442 0.642105 0.00582822 0.0877193
0 0.481135 0.433333 0.00398773 0.0561404
0 0.533896 0.245614 0.00276074 0.045614
0 0.569172 0.307895 0.00337423 0.054386
0 0.457822 0.341228 0.00337423 0.0438596
0 0.415644 0.260526 0.00306748 0.0473684
0 0.562577 0.441228 0.00429448 0.0649123
0 0.377914 0.592105 0.00552147 0.0964912
0 0.250614 0.346491 0.00429448 0.0649123
0 0.38819 0.511404 0.00460123 0.0719298
0 0.492178 0.631579 0.00460123 0.0842105
0 0.516258 0.430702 0.00429448 0.0649123
0 0.715031 0.335965 0.00306748 0.0473684
0 0.411043 0.348246 0.00368098 0.0578947
0 0.434969 0.474561 0.00429448 0.0719298
0 0.589877 0.515789 0.00490798 0.0736842
0 0.363804 0.712281 0.00613497 0.0912281
0 0.528681 0.67193 0.00582822 0.0877193
0 0.450153 0.475439 0.00460123 0.0736842
