0 0.470706 0.330702 0.00337423 0.054386
0 0.306288 0.317544 0.00337423 0.0526316
0 0.478067 0.222807 0.00276074 0.0350877
0 0.580675 0.280702 0.00306748 0.0385965
0 0.686043 0.416667 0.00398773 0.0578947
0 0.621933 0.226316 0.00276074 0.045614
0 0.512577 0.300877 0.00306748 0.0473684
0 0.495399 0.518421 0.00490798 0.0614035
0 0.466871 0.335088 0.00306748 0.0491228
0 0.503834 0.282456 0.00276074 0.045614
0 0.598926 0.231579 0.00276074 0.0421053
0 0.573926 0.35614 0.00368098 0.0526316
0 0.725153 0.315789 0.00368098 0.0491228
0 0.521166 0.441228 0.00429448 0.0649123
0 0.670399 0.292982 0.00460123 0.0526316
0 0.48773 0.224561 0.00306748 0.045614
0 0.630828 0.226316 0.00398773 0.045614
0 0.634356 0.530702 0.00490798 0.0719298
0 0.607669 0.289474 0.00429448 0.0596491
0 0.451994 0.295614 0.00337423 0.0508772
0 0.516104 0.565789 0.00521472 0.0789474
0 0.564264 0.373684 0.00460123 0.0596491
0 0.540491 0.410526 0.00490798 0.0631579
