0 0.470706 0.400877 0.00398773 0.054386
0 0.466718 0.390351 0.00398773 0.0578947
0 0.462577 0.401754 0.00368098 0.0596491
0 0.280675 0.336842 0.00368098 0.0421053
0 0.447239 0.278947 0.00306748 0.0526316
0 0.57408 0.235965 0.00276074 0.0438596
0 0.609356 0.300877 0.00337423 0.0508772
0 0.55046 0.419298 0.00460123 0.0631579
0 0.544479 0.342105 0.00306748 0.0526316
0 0.619172 0.418421 0.00398773 0.0614035
0 0.504908 0.422807 0.00429448 0.0631579
0 0.437423 0.519298 0.00490798 0.0701754
0 0.731135 0.331579 0.00337423 0.0526316
0 0.561503 0.334211 0.00337423 0.0508772
0 0.482975 0.568421 0.00521472 0.077193
0 0.451227 0.235965 0.00368098 0.0578947
0 0.594479 0.224561 0.00429448 0.0561404
0 0.599693 0.269298 0.00368098 0.0473684
0 0.473773 0.314035 0.00337423 0.0491228
0 0.566104 0.535088 0.00521472 0.077193
0 0.434356 0.327193 0.00368098 0.054386
0 0.517638 0.368421 0.00460123 0.0596491
0 0.526534 0.45 0.00521472 0.0684211
