0 0.759509 0.336842 0.00368098 0.0561404
0 0.545552 0.394737 0.00398773 0.0596491
0 0.542178 0.315789 0.00337423 0.0526316
0 0.490337 0.229825 0.00276074 0.045614
0 0.505982 0.192982 0.00276074 0.045614
0 0.481902 0.447368 0.00429448 0.0631579
0 0.669172 0.311404 0.00337423 0.054386
0 0.483129 0.474561 0.00429448 0.0684211
0 0.668712 0.534211 0.00490798 0.054386
0 0.502607 0.590351 0.00521472 0.0719298
0 0.615951 0.201754 0.00245399 0.0385965
0 0.494632 0.336842 0.00337423 0.0561404
0 0.577761 0.326316 0.00337423 0.0491228
0 0.650767 0.361403 0.00337423 0.0561404
0 0.625153 0.434211 0.00429448 0.0649123
0 0.667791 0.37193 0.00368098 0.0561404
0 0.557362 0.385965 0.00368098 0.0596491
0 0.60092 0.261404 0.00306748 0.0491228
0 0.626227 0.362281 0.00398773 0.054386
0 0.52454 0.633333 0.00552147 0.0842105
0 0.292638 0.341228 0.00552147 0.0614035
0 0.700307 0.599123 0.00552147 0.0789474
0 0.727147 0.502632 0.00644172 0.0824561
