0 0.334816 0.203509 0.00276074 0.0421053
0 0.46227 0.292105 0.00306748 0.0403509
0 0.353067 0.213158 0.00245399 0.0368421
0 0.446626 0.347368 0.00368098 0.0561404
0 0.287117 0.454386 0.00429448 0.0631579
0 0.471319 0.20614 0.00276074 0.0403509
0 0.347239 0.35 0.00368098 0.0578947
0 0.295859 0.385965 0.00398773 0.0596491
0 0.340798 0.185965 0.00368098 0.045614
0 0.358742 0.291228 0.00337423 0.0491228
0 0.293558 0.419298 0.00429448 0.0596491
0 0.520245 0.27193 0.00306748 0.0526316
0 0.355215 0.312281 0.00306748 0.0491228
0 0.693405 0.320175 0.00337423 0.0578947
0 0.226994 0.327193 0.00306748 0.0508772
0 0.519172 0.403509 0.00398773 0.0596491
0 0.529294 0.401754 0.00398773 0.0631579
0 0.392485 0.331579 0.00398773 0.0596491
0 0.310583 0.289474 0.00337423 0.0491228
0 0.407055 0.548246 0.00490798 0.0684211
0 0.452147 0.537719 0.00490798 0.0719298
0 0.298466 0.454386 0.00490798 0.0736842
0 0.379294 0.382456 0.00460123 0.077193
