0 0.456288 0.245614 0.00276074 0.0385965
0 0.53681 0.349123 0.00368098 0.0491228
0 0.533742 0.371053 0.00368098 0.0508772
0 0.512423 0.416667 0.00398773 0.0473684
0 0.654755 0.397368 0.00398773 0.0508772
0 0.611196 0.225439 0.00337423 0.0473684
0 0.294939 0.322807 0.00337423 0.0561404
0 0.647086 0.292982 0.00398773 0.0526316
0 0.558896 0.289474 0.00306748 0.0421053
0 0.463037 0.505263 0.00460123 0.0701754
0 0.495245 0.319298 0.00337423 0.045614
0 0.61411 0.233333 0.00368098 0.045614
0 0.58911 0.231579 0.00276074 0.045614
0 0.502761 0.55 0.00490798 0.0789474
0 0.730828 0.320175 0.00337423 0.054386
0 0.587883 0.299123 0.00460123 0.0578947
0 0.46181 0.336842 0.00398773 0.0596491
0 0.533282 0.414035 0.00521472 0.0666667
0 0.608436 0.500877 0.00460123 0.0684211
0 0.475767 0.292982 0.00368098 0.0526316
0 0.430521 0.322807 0.00337423 0.0491228
0 0.46365 0.242105 0.00337423 0.0526316
0 0.473773 0.336842 0.00460123 0.077193
