0 0.402761 0.540351 0.00490798 0.0666667
0 0.475307 0.407895 0.00398773 0.0508772
0 0.501534 0.585088 0.00552147 0.0684211
0 0.426074 0.29386 0.00306748 0.0508772
0 0.583742 0.357895 0.00306748 0.0491228
0 0.452914 0.602632 0.00521472 0.0754386
0 0.411196 0.536842 0.00460123 0.0666667
0 0.442485 0.20614 0.00337423 0.0508772
0 0.41273 0.694737 0.00582822 0.0807018
0 0.555982 0.22807 0.00337423 0.0491228
0 0.419325 0.728947 0.00613497 0.0859649
0 0.565491 0.253509 0.00276074 0.0473684
0 0.454601 0.378947 0.00306748 0.0421053
0 0.24908 0.363158 0.00368098 0.0526316
0 0.416564 0.374561 0.00368098 0.0578947
0 0.505828 0.401754 0.00429448 0.0596491
0 0.503988 0.714035 0.00613497 0.0877193
0 0.725 0.339474 0.00337423 0.054386
0 0.489264 0.601754 0.00490798 0.0666667
0 0.582055 0.323684 0.00460123 0.0578947
0 0.48819 0.459649 0.00521472 0.0666667
0 0.600767 0.499123 0.00460123 0.0719298
0 0.528834 0.397368 0.00429448 0.0508772
