0 0.419172 0.711403 0.00582822 0.0789474
0 0.548006 0.228947 0.00276074 0.0438596
0 0.458742 0.42807 0.00398773 0.0561404
0 0.490644 0.625439 0.00460123 0.0754386
0 0.421626 0.713158 0.00644172 0.0859649
0 0.494479 0.634211 0.00429448 0.0789474
0 0.503528 0.40614 0.00398773 0.0578947
0 0.448926 0.385088 0.00337423 0.0473684
0 0.244939 0.362281 0.00337423 0.0473684
0 0.42316 0.294737 0.00337423 0.0526316
0 0.56181 0.254386 0.00276074 0.045614
0 0.581288 0.371053 0.00306748 0.0473684
0 0.443252 0.624561 0.00552147 0.0807018
0 0.721472 0.341228 0.00306748 0.054386
0 0.397699 0.568421 0.00460123 0.077193
0 0.441258 0.204386 0.00398773 0.0508772
0 0.404294 0.567544 0.00490798 0.0684211
0 0.59954 0.519298 0.00460123 0.0736842
0 0.414877 0.390351 0.00337423 0.0614035
0 0.580215 0.32807 0.00460123 0.0596491
0 0.509049 0.739474 0.00644172 0.0964912
0 0.525153 0.407018 0.00429448 0.0526316
0 0.47546 0.464912 0.00552147 0.0666667
