0 0.48727 0.488596 0.00460123 0.0719298
0 0.76319 0.336842 0.00368098 0.0561404
0 0.546472 0.337719 0.00337423 0.054386
0 0.679755 0.334211 0.00368098 0.0578947
0 0.484202 0.473684 0.00460123 0.0701754
0 0.551687 0.414035 0.00398773 0.0631579
0 0.511656 0.610526 0.00552147 0.0807018
0 0.496319 0.351754 0.00368098 0.0578947
0 0.492485 0.234211 0.00276074 0.0473684
0 0.67638 0.404386 0.00368098 0.0614035
0 0.512577 0.195614 0.00245399 0.0508772
0 0.620859 0.210526 0.00245399 0.045614
0 0.636196 0.444737 0.00429448 0.0614035
0 0.587423 0.351754 0.00368098 0.054386
0 0.654294 0.37193 0.00368098 0.0561404
0 0.56227 0.392105 0.00368098 0.0614035
0 0.633589 0.385088 0.00398773 0.054386
0 0.604908 0.267544 0.00306748 0.0508772
0 0.681595 0.542982 0.00490798 0.0719298
0 0.533282 0.658772 0.00582822 0.0894737
0 0.295859 0.35 0.00521472 0.0684211
0 0.710123 0.618421 0.00552147 0.0824561
0 0.738957 0.520175 0.00613497 0.0789474
