0 0.42638 0.730702 0.00613497 0.0894737
0 0.442025 0.454386 0.00429448 0.0631579
0 0.426687 0.295614 0.00306748 0.0508772
0 0.533589 0.231579 0.00276074 0.0421053
0 0.48773 0.62807 0.00490798 0.0807018
0 0.45 0.647368 0.00552147 0.0842105
0 0.554448 0.25614 0.00276074 0.045614
0 0.406748 0.404386 0.00429448 0.0649123
0 0.504755 0.424561 0.00398773 0.0631579
0 0.430368 0.732456 0.00674847 0.0929825
0 0.497546 0.702632 0.00613497 0.0929825
0 0.240951 0.365789 0.00337423 0.0473684
0 0.447853 0.399123 0.00429448 0.0508772
0 0.577761 0.405263 0.00460123 0.0561404
0 0.715644 0.346491 0.00306748 0.0508772
0 0.521166 0.429825 0.00429448 0.0561404
0 0.441258 0.199123 0.00398773 0.0508772
0 0.387117 0.616667 0.00490798 0.0754386
0 0.395245 0.62193 0.00460123 0.0684211
0 0.600307 0.548246 0.00490798 0.0754386
0 0.578528 0.335088 0.00490798 0.0596491
0 0.530982 0.749123 0.00674847 0.0947368
0 0.459356 0.478947 0.00521472 0.0666667
