0 0.586196 0.225439 0.00306748 0.0508772
0 0.271319 0.346491 0.00337423 0.0438596
0 0.468558 0.457895 0.00398773 0.0631579
0 0.453681 0.42807 0.00306748 0.0596491
0 0.442025 0.286842 0.00306748 0.0508772
0 0.53865 0.358772 0.00368098 0.0438596
0 0.57316 0.24386 0.00276074 0.045614
0 0.596472 0.312281 0.00337423 0.0491228
0 0.730368 0.330702 0.00306748 0.0508772
0 0.46411 0.441228 0.00429448 0.0614035
0 0.609356 0.432456 0.00398773 0.0649123
0 0.45046 0.226316 0.00398773 0.0561404
0 0.55 0.35614 0.00306748 0.0491228
0 0.593712 0.287719 0.00398773 0.0491228
0 0.491564 0.468421 0.00521472 0.0596491
0 0.421472 0.538597 0.00490798 0.0701754
0 0.526074 0.446491 0.00490798 0.0649123
0 0.543865 0.450877 0.00429448 0.0596491
0 0.431902 0.336842 0.00368098 0.0561404
0 0.453988 0.608772 0.00552147 0.0807018
0 0.558282 0.55 0.00490798 0.0578947
0 0.519172 0.375439 0.00460123 0.0596491
0 0.474233 0.333333 0.00368098 0.0491228
