0 0.525153 0.231579 0.00306748 0.0385965
0 0.453528 0.392982 0.00398773 0.0561404
0 0.419172 0.732456 0.00644172 0.0964912
0 0.489877 0.592982 0.00552147 0.0736842
0 0.430828 0.286842 0.00337423 0.0403509
0 0.423466 0.735088 0.00644172 0.0982456
0 0.521779 0.447368 0.00368098 0.0526316
0 0.55046 0.255263 0.00276074 0.0473684
0 0.242791 0.366667 0.00337423 0.0491228
0 0.440337 0.45614 0.00460123 0.0631579
0 0.506902 0.435965 0.00398773 0.0649123
0 0.577914 0.421053 0.00429448 0.0596491
0 0.406135 0.40614 0.00429448 0.0649123
0 0.715184 0.346491 0.00337423 0.054386
0 0.388344 0.640351 0.00429448 0.0736842
0 0.379755 0.626316 0.00490798 0.0736842
0 0.442485 0.196491 0.00398773 0.0526316
0 0.457362 0.613158 0.00552147 0.0789474
0 0.455521 0.484211 0.00552147 0.0701754
0 0.502607 0.698246 0.00644172 0.0947368
0 0.542025 0.74386 0.00674847 0.0982456
0 0.60092 0.549123 0.00490798 0.077193
0 0.579448 0.334211 0.00490798 0.0614035
