0 0.481442 0.216667 0.00276074 0.0438596
0 0.699693 0.465789 0.00490798 0.0754386
0 0.645706 0.314035 0.00368098 0.0526316
0 0.591258 0.237719 0.00276074 0.0403509
0 0.477301 0.435088 0.00429448 0.0666667
0 0.750767 0.322807 0.00337423 0.0526316
0 0.544785 0.372807 0.00368098 0.0578947
0 0.60184 0.184211 0.00245399 0.0385965
0 0.478988 0.409649 0.00460123 0.0614035
0 0.63727 0.345614 0.00337423 0.0561404
0 0.557055 0.276316 0.00306748 0.0438596
0 0.601994 0.403509 0.00398773 0.0631579
0 0.489724 0.189474 0.00276074 0.0421053
0 0.531595 0.265789 0.00306748 0.0473684
0 0.611503 0.313158 0.00337423 0.0508772
0 0.533282 0.353509 0.00337423 0.0578947
0 0.498466 0.565789 0.00490798 0.0789474
0 0.644018 0.280702 0.00398773 0.0491228
0 0.488344 0.305263 0.00306748 0.0526316
0 0.48589 0.544737 0.00490798 0.0684211
0 0.634969 0.515789 0.00490798 0.0701754
0 0.67592 0.568421 0.00521472 0.077193
0 0.290798 0.328947 0.00613497 0.0684211
