0 0.467178 0.415789 0.00368098 0.0596491
0 0.468098 0.398246 0.00368098 0.0561404
0 0.464417 0.40614 0.00368098 0.0578947
0 0.5 0.431579 0.00429448 0.0596491
0 0.278681 0.341228 0.00337423 0.054386
0 0.57316 0.235965 0.00276074 0.0438596
0 0.446012 0.281579 0.00306748 0.0508772
0 0.544018 0.34386 0.00337423 0.0526316
0 0.605828 0.301754 0.00306748 0.0491228
0 0.617331 0.421053 0.00398773 0.0631579
0 0.731135 0.332456 0.00337423 0.054386
0 0.55092 0.431579 0.00429448 0.0631579
0 0.558589 0.340351 0.00306748 0.0491228
0 0.592791 0.224561 0.00460123 0.0561404
0 0.45092 0.235088 0.00368098 0.0561404
0 0.431902 0.52193 0.00490798 0.0754386
0 0.476227 0.570175 0.00521472 0.077193
0 0.56319 0.545614 0.00490798 0.0736842
0 0.433742 0.329825 0.00368098 0.0561404
0 0.598313 0.272807 0.00398773 0.0508772
0 0.473926 0.318421 0.00368098 0.0473684
0 0.518558 0.370175 0.00460123 0.0561404
0 0.526074 0.45 0.00490798 0.0684211
