0 0.337423 0.204386 0.00306748 0.0438596
0 0.357055 0.212281 0.00245399 0.0315789
0 0.521319 0.271053 0.00337423 0.0508772
0 0.29862 0.385088 0.00337423 0.054386
0 0.296472 0.424561 0.00398773 0.0631579
0 0.473773 0.205263 0.00214724 0.0385965
0 0.465031 0.295614 0.00306748 0.0473684
0 0.449233 0.352632 0.00337423 0.0561404
0 0.314264 0.288596 0.00337423 0.0508772
0 0.351534 0.346491 0.00368098 0.0473684
0 0.362577 0.289474 0.00306748 0.045614
0 0.359509 0.312281 0.00306748 0.0491228
0 0.289724 0.461404 0.00460123 0.0701754
0 0.694325 0.321053 0.00337423 0.0596491
0 0.226687 0.327193 0.00306748 0.0508772
0 0.529601 0.401754 0.00398773 0.0631579
0 0.343865 0.184211 0.00429448 0.045614
0 0.520552 0.403509 0.00368098 0.0596491
0 0.394479 0.335965 0.00368098 0.0614035
0 0.301227 0.457895 0.00490798 0.0701754
0 0.408742 0.553509 0.00460123 0.0719298
0 0.453067 0.541228 0.00490798 0.0754386
0 0.381902 0.385088 0.00429448 0.0754386
