0 0.534202 0.357895 0.00398773 0.0526316
0 0.455521 0.248246 0.00306748 0.0438596
0 0.532822 0.370175 0.00368098 0.0526316
0 0.535583 0.350877 0.00368098 0.0526316
0 0.512423 0.416667 0.00398773 0.0508772
0 0.61089 0.227193 0.00337423 0.0473684
0 0.646472 0.292105 0.00398773 0.054386
0 0.294632 0.32193 0.00337423 0.054386
0 0.495092 0.318421 0.00368098 0.0438596
0 0.558282 0.291228 0.00306748 0.045614
0 0.652914 0.399123 0.00398773 0.0614035
0 0.61365 0.234211 0.00398773 0.0473684
0 0.588804 0.231579 0.00276074 0.045614
0 0.502454 0.55 0.00490798 0.0789474
0 0.730828 0.320175 0.00337423 0.054386
0 0.587423 0.298246 0.00490798 0.0596491
0 0.533129 0.413158 0.00490798 0.0684211
0 0.462423 0.50614 0.00460123 0.0719298
0 0.47546 0.292105 0.00368098 0.054386
0 0.430521 0.32193 0.00337423 0.0473684
0 0.461656 0.338596 0.00368098 0.0596491
0 0.608436 0.500877 0.00460123 0.0684211
0 0.46319 0.242982 0.00368098 0.054386
0 0.47362 0.335965 0.00490798 0.0789474
