0 0.504141 0.160526 0.00276074 0.0333333
0 0.471166 0.331579 0.00368098 0.0561404
0 0.305521 0.316667 0.00306748 0.0508772
0 0.476687 0.22193 0.00245399 0.0333333
0 0.503067 0.281579 0.00306748 0.0438596
0 0.684202 0.414912 0.00398773 0.0508772
0 0.572853 0.354386 0.00337423 0.045614
0 0.621319 0.225439 0.00276074 0.0473684
0 0.467025 0.334211 0.00337423 0.0508772
0 0.725613 0.315789 0.00337423 0.0491228
0 0.578834 0.279825 0.00306748 0.0438596
0 0.598313 0.230702 0.00276074 0.0438596
0 0.511196 0.304386 0.00337423 0.0508772
0 0.486043 0.225439 0.00276074 0.0438596
0 0.668712 0.292105 0.00429448 0.0508772
0 0.521166 0.439474 0.00429448 0.0649123
0 0.629908 0.225439 0.00398773 0.0473684
0 0.633436 0.52807 0.00490798 0.0701754
0 0.494172 0.519298 0.00490798 0.0666667
0 0.606442 0.290351 0.00429448 0.0614035
0 0.45046 0.297368 0.00337423 0.0508772
0 0.515491 0.564035 0.00521472 0.0789474
0 0.56273 0.37193 0.00460123 0.0596491
0 0.539877 0.409649 0.00490798 0.0614035
