0 0.515644 0.363158 0.00368098 0.045614
0 0.577147 0.22807 0.00276074 0.0421053
0 0.515951 0.384211 0.00429448 0.0596491
0 0.431442 0.669298 0.00644172 0.0929825
0 0.590031 0.327193 0.00337423 0.0473684
0 0.572393 0.25 0.00306748 0.0473684
0 0.43681 0.288596 0.00306748 0.0438596
0 0.260736 0.359649 0.00368098 0.0526316
0 0.431902 0.467544 0.00429448 0.0649123
0 0.588344 0.307018 0.00368098 0.045614
0 0.530675 0.494737 0.00429448 0.0631579
0 0.447086 0.217544 0.00337423 0.0491228
0 0.541871 0.604386 0.00521472 0.0789474
0 0.518865 0.446491 0.00460123 0.0649123
0 0.730828 0.332456 0.00276074 0.0508772
0 0.443558 0.475439 0.00429448 0.0631579
0 0.542025 0.375439 0.00429448 0.0561404
0 0.47362 0.515789 0.00490798 0.0736842
0 0.472086 0.350877 0.00368098 0.0491228
0 0.42592 0.349123 0.00337423 0.0526316
0 0.604601 0.450877 0.00429448 0.0666667
0 0.409049 0.588596 0.00521472 0.0649123
0 0.494172 0.529825 0.00490798 0.0631579
