0 0.51365 0.231579 0.00276074 0.0421053
0 0.431288 0.292105 0.00306748 0.0438596
0 0.530061 0.465789 0.00368098 0.0649123
0 0.246472 0.360526 0.00398773 0.0684211
0 0.546472 0.255263 0.00276074 0.0473684
0 0.407822 0.755263 0.00644172 0.0964912
0 0.446933 0.444737 0.00429448 0.0578947
0 0.50046 0.537719 0.00521472 0.0684211
0 0.57546 0.435088 0.00368098 0.0631579
0 0.37592 0.607895 0.00398773 0.0754386
0 0.409049 0.70614 0.00644172 0.0929825
0 0.409663 0.400877 0.00337423 0.0614035
0 0.381748 0.647368 0.00398773 0.077193
0 0.510123 0.447368 0.00429448 0.0701754
0 0.451994 0.494737 0.00460123 0.0701754
0 0.716564 0.344737 0.00306748 0.054386
0 0.462117 0.370175 0.00460123 0.0596491
0 0.503834 0.673684 0.00582822 0.0877193
0 0.454448 0.567544 0.00521472 0.0789474
0 0.445245 0.192982 0.00398773 0.0526316
0 0.598466 0.542105 0.00490798 0.077193
0 0.550307 0.727193 0.00613497 0.0929825
0 0.579601 0.329825 0.00521472 0.0631579
