0 0.483589 0.35614 0.00337423 0.0526316
0 0.548159 0.325439 0.00306748 0.0508772
0 0.523466 0.413158 0.00398773 0.0614035
0 0.449387 0.271053 0.00306748 0.0508772
0 0.62362 0.292982 0.00306748 0.0491228
0 0.578988 0.233333 0.00276074 0.0421053
0 0.286656 0.333333 0.00337423 0.0526316
0 0.45184 0.366667 0.00306748 0.0526316
0 0.540184 0.409649 0.00490798 0.054386
0 0.50138 0.568421 0.00521472 0.0807018
0 0.732055 0.32807 0.00337423 0.0526316
0 0.60092 0.224561 0.00368098 0.0526316
0 0.446472 0.507895 0.00460123 0.0719298
0 0.518405 0.369298 0.00429448 0.0614035
0 0.628834 0.408772 0.00429448 0.0631579
0 0.453681 0.239474 0.00368098 0.054386
0 0.579601 0.515789 0.00460123 0.0736842
0 0.465337 0.348246 0.00306748 0.0508772
0 0.571626 0.318421 0.00337423 0.054386
0 0.604755 0.252632 0.00398773 0.0491228
0 0.434049 0.325439 0.00368098 0.054386
0 0.529908 0.441228 0.00521472 0.0684211
0 0.472393 0.3 0.00368098 0.0491228
