0 0.419632 0.712281 0.00613497 0.0877193
0 0.467485 0.416667 0.00429448 0.0578947
0 0.498159 0.605263 0.00490798 0.077193
0 0.552914 0.229825 0.00276074 0.045614
0 0.424233 0.292982 0.00306748 0.0526316
0 0.451687 0.379825 0.00337423 0.0438596
0 0.582975 0.364912 0.00276074 0.0491228
0 0.56365 0.253509 0.00276074 0.0473684
0 0.442025 0.204386 0.00368098 0.0508772
0 0.39908 0.551754 0.00490798 0.0754386
0 0.488957 0.613158 0.00490798 0.0684211
0 0.504755 0.404386 0.00398773 0.0578947
0 0.723773 0.340351 0.00337423 0.0561404
0 0.247393 0.361403 0.00337423 0.0491228
0 0.448313 0.610526 0.00582822 0.0842105
0 0.504294 0.719298 0.00613497 0.0912281
0 0.407669 0.548246 0.00490798 0.0649123
0 0.599847 0.511404 0.00460123 0.0719298
0 0.581442 0.326316 0.00460123 0.0596491
0 0.526841 0.400877 0.00398773 0.054386
0 0.416258 0.379825 0.00368098 0.0614035
0 0.482515 0.460526 0.00552147 0.0684211
