0 0.509663 0.235965 0.00276074 0.0333333
0 0.378988 0.639474 0.00398773 0.0754386
0 0.51135 0.45 0.00429448 0.0614035
0 0.451687 0.432456 0.00398773 0.0614035
0 0.430828 0.292982 0.00276074 0.0491228
0 0.446166 0.191228 0.00398773 0.0526316
0 0.544325 0.252632 0.00276074 0.045614
0 0.405368 0.697368 0.00582822 0.0929825
0 0.24816 0.357895 0.00429448 0.0666667
0 0.503681 0.523684 0.00490798 0.0684211
0 0.410276 0.397368 0.00337423 0.0614035
0 0.377761 0.596491 0.00398773 0.0736842
0 0.53635 0.468421 0.00337423 0.0666667
0 0.401227 0.751754 0.00674847 0.103509
0 0.452147 0.55614 0.00490798 0.077193
0 0.450767 0.495614 0.00460123 0.0719298
0 0.574233 0.442105 0.00429448 0.0631579
0 0.717178 0.34386 0.00306748 0.0561404
0 0.503834 0.671053 0.00582822 0.0894737
0 0.597546 0.541228 0.00490798 0.0754386
0 0.465031 0.363158 0.00429448 0.0561404
0 0.579601 0.32807 0.00521472 0.0631579
0 0.550307 0.719298 0.00613497 0.0912281
