0 0.388804 0.228947 0.00276074 0.0438596
0 0.456595 0.30614 0.00276074 0.0438596
0 0.447853 0.291228 0.00306748 0.0385965
0 0.526534 0.375439 0.00460123 0.0701754
0 0.359049 0.565789 0.00521472 0.0789474
0 0.517025 0.22807 0.00276074 0.045614
0 0.499233 0.399123 0.00398773 0.0649123
0 0.246933 0.328947 0.00429448 0.0684211
0 0.45184 0.372807 0.00368098 0.0578947
0 0.548313 0.423684 0.00398773 0.0649123
0 0.417638 0.4 0.00398773 0.0561404
0 0.553068 0.288596 0.00306748 0.0508772
0 0.496933 0.620175 0.00552147 0.0824561
0 0.709509 0.340351 0.00306748 0.0491228
0 0.409356 0.179825 0.00337423 0.0403509
0 0.37638 0.437719 0.00429448 0.0649123
0 0.395245 0.304386 0.00337423 0.0508772
0 0.567485 0.459649 0.00429448 0.0701754
0 0.363497 0.525439 0.00552147 0.0859649
0 0.434049 0.236842 0.00368098 0.045614
0 0.348926 0.592982 0.00521472 0.0807018
0 0.475153 0.603509 0.00552147 0.077193
0 0.43727 0.426316 0.00398773 0.0701754
