0 0.454294 0.431579 0.00429448 0.0526316
0 0.491411 0.634211 0.00429448 0.0754386
0 0.493558 0.648246 0.00429448 0.0754386
0 0.418712 0.714035 0.00613497 0.0877193
0 0.447546 0.388597 0.00306748 0.0438596
0 0.545245 0.232456 0.00276074 0.0438596
0 0.42362 0.294737 0.00306748 0.0526316
0 0.442025 0.629825 0.00552147 0.077193
0 0.503528 0.407895 0.00398773 0.0578947
0 0.559969 0.254386 0.00276074 0.045614
0 0.580521 0.377193 0.00276074 0.045614
0 0.243712 0.363158 0.00337423 0.045614
0 0.423926 0.714035 0.00674847 0.0912281
0 0.719939 0.342982 0.00306748 0.0508772
0 0.396166 0.577193 0.00460123 0.0736842
0 0.413497 0.392982 0.00368098 0.0596491
0 0.441411 0.202632 0.00368098 0.0508772
0 0.579448 0.329825 0.00490798 0.0596491
0 0.59954 0.525439 0.00460123 0.0719298
0 0.402914 0.577193 0.00460123 0.0666667
0 0.52408 0.409649 0.00398773 0.054386
0 0.512117 0.740351 0.00644172 0.0982456
0 0.471166 0.464912 0.00552147 0.0666667
