0 0.376687 0.216667 0.00245399 0.0403509
0 0.362423 0.420175 0.00398773 0.0614035
0 0.440798 0.35614 0.00368098 0.0526316
0 0.542485 0.423684 0.00398773 0.0649123
0 0.513037 0.354386 0.00398773 0.0596491
0 0.347853 0.495614 0.00490798 0.0754386
0 0.428834 0.285088 0.00306748 0.0403509
0 0.508282 0.218421 0.00245399 0.0403509
0 0.404141 0.382456 0.00398773 0.0561404
0 0.43773 0.308772 0.00306748 0.045614
0 0.391258 0.180702 0.00337423 0.0421053
0 0.48911 0.383333 0.00398773 0.0614035
0 0.343252 0.532456 0.00490798 0.0754386
0 0.545092 0.279825 0.00306748 0.0508772
0 0.337423 0.539474 0.00490798 0.0789474
0 0.709049 0.336842 0.00337423 0.0526316
0 0.378988 0.292105 0.00337423 0.0473684
0 0.238037 0.326316 0.00429448 0.0631579
0 0.556135 0.438596 0.00429448 0.0701754
0 0.412577 0.231579 0.00368098 0.045614
0 0.486503 0.592105 0.00552147 0.0789474
0 0.426227 0.40614 0.00398773 0.0684211
0 0.465337 0.592982 0.00552147 0.0736842
