0 0.315798 0.215789 0.00276074 0.0385965
0 0.296472 0.198246 0.00337423 0.0421053
0 0.315798 0.34386 0.00337423 0.0561404
0 0.293865 0.207895 0.00368098 0.0438596
0 0.450613 0.203509 0.00245399 0.0421053
0 0.420399 0.335965 0.00337423 0.054386
0 0.309509 0.287719 0.00368098 0.0526316
0 0.259663 0.366667 0.00276074 0.0491228
0 0.430061 0.27807 0.00306748 0.0473684
0 0.510276 0.274561 0.00337423 0.0508772
0 0.224847 0.317544 0.00245399 0.0561404
0 0.506595 0.407018 0.00398773 0.0631579
0 0.683742 0.317544 0.00306748 0.0526316
0 0.265337 0.407895 0.00368098 0.0649123
0 0.24816 0.392105 0.00306748 0.054386
0 0.259356 0.416667 0.00398773 0.0614035
0 0.517331 0.390351 0.00398773 0.0614035
0 0.29862 0.310526 0.00398773 0.0491228
0 0.368712 0.324561 0.00368098 0.0596491
0 0.265337 0.292105 0.00368098 0.0578947
0 0.363497 0.509649 0.00490798 0.0684211
0 0.426687 0.524561 0.00490798 0.0736842
0 0.348466 0.380702 0.00429448 0.077193
