0 0.467638 0.431579 0.00398773 0.0561404
0 0.58819 0.222807 0.00337423 0.0526316
0 0.467025 0.451754 0.00337423 0.0614035
0 0.443252 0.285965 0.00306748 0.0526316
0 0.27316 0.344737 0.00337423 0.0473684
0 0.458589 0.42193 0.00306748 0.0578947
0 0.730675 0.331579 0.00306748 0.0526316
0 0.572853 0.242105 0.00276074 0.045614
0 0.541564 0.355263 0.00337423 0.0473684
0 0.424693 0.532456 0.00460123 0.0754386
0 0.450613 0.22807 0.00429448 0.0561404
0 0.611656 0.428947 0.00429448 0.0649123
0 0.598466 0.310526 0.00306748 0.0491228
0 0.552147 0.352632 0.00306748 0.0491228
0 0.560736 0.546491 0.00490798 0.0649123
0 0.432209 0.335088 0.00368098 0.0561404
0 0.546319 0.445614 0.00429448 0.0631579
0 0.459969 0.592982 0.00521472 0.077193
0 0.519478 0.373684 0.00460123 0.0631579
0 0.526227 0.447368 0.00521472 0.0631579
0 0.474233 0.329825 0.00368098 0.0491228
0 0.491564 0.452632 0.00521472 0.0631579
0 0.594785 0.286842 0.00429448 0.0508772
