0 0.456442 0.387719 0.00429448 0.0561404
0 0.416871 0.730702 0.00674847 0.1
0 0.522239 0.234211 0.00276074 0.0438596
0 0.431595 0.289474 0.00306748 0.0421053
0 0.52316 0.448246 0.00398773 0.054386
0 0.440644 0.459649 0.00460123 0.0596491
0 0.54954 0.255263 0.00276074 0.0473684
0 0.420706 0.75 0.00705521 0.103509
0 0.406902 0.407018 0.00398773 0.0631579
0 0.489724 0.57807 0.00521472 0.0719298
0 0.507515 0.438596 0.00398773 0.0631579
0 0.577607 0.428947 0.00429448 0.0578947
0 0.243405 0.365789 0.00337423 0.0473684
0 0.38681 0.652632 0.00429448 0.0736842
0 0.378221 0.627193 0.00490798 0.0789474
0 0.455061 0.485088 0.00521472 0.0684211
0 0.442638 0.196491 0.00429448 0.0526316
0 0.715184 0.345614 0.00337423 0.0561404
0 0.600767 0.549123 0.00521472 0.077193
0 0.457515 0.598246 0.00521472 0.0736842
0 0.544479 0.737719 0.00613497 0.0964912
0 0.503528 0.690351 0.00582822 0.0859649
0 0.579448 0.334211 0.00490798 0.0614035
