0 0.322853 0.49386 0.00521472 0.0719298
0 0.406135 0.282456 0.00368098 0.0421053
0 0.36319 0.209649 0.00245399 0.0403509
0 0.495092 0.214035 0.00245399 0.0421053
0 0.328528 0.473684 0.00429448 0.0736842
0 0.33727 0.405263 0.00398773 0.0561404
0 0.32454 0.504386 0.00490798 0.0754386
0 0.494939 0.334211 0.00337423 0.054386
0 0.386963 0.362281 0.00398773 0.0508772
0 0.47546 0.369298 0.00368098 0.054386
0 0.536196 0.274561 0.00306748 0.0508772
0 0.229294 0.324561 0.00276074 0.0526316
0 0.355368 0.287719 0.00337423 0.0491228
0 0.411196 0.314035 0.00337423 0.0491228
0 0.704448 0.32807 0.00398773 0.0631579
0 0.533589 0.411404 0.00398773 0.0649123
0 0.373466 0.17807 0.00337423 0.0438596
0 0.390184 0.222807 0.00368098 0.045614
0 0.544325 0.42193 0.00398773 0.0649123
0 0.422086 0.344737 0.00368098 0.0578947
0 0.448466 0.57807 0.00552147 0.0754386
0 0.47592 0.567544 0.00521472 0.0789474
0 0.411043 0.396491 0.00429448 0.0701754
