0 0.591564 0.177193 0.00214724 0.0315789
0 0.577301 0.2 0.00245399 0.0350877
0 0.467025 0.377193 0.00398773 0.0631579
0 0.530521 0.35 0.00337423 0.0578947
0 0.472699 0.194737 0.00245399 0.0385965
0 0.512883 0.230702 0.00245399 0.0403509
0 0.595859 0.276316 0.00276074 0.0403509
0 0.618865 0.303509 0.00337423 0.0526316
0 0.477607 0.269298 0.00306748 0.0508772
0 0.478834 0.180702 0.00245399 0.0350877
0 0.742791 0.307018 0.00337423 0.0526316
0 0.472239 0.482456 0.00460123 0.0631579
0 0.532209 0.230702 0.00245399 0.0403509
0 0.469785 0.371053 0.00398773 0.0578947
0 0.641564 0.238596 0.00398773 0.045614
0 0.578988 0.362281 0.00337423 0.0578947
0 0.519785 0.311404 0.00337423 0.054386
0 0.622393 0.266667 0.00429448 0.0526316
0 0.675307 0.416667 0.00398773 0.0684211
0 0.594172 0.463158 0.00429448 0.0666667
0 0.28773 0.322807 0.00552147 0.0631579
0 0.487423 0.495614 0.00490798 0.0719298
0 0.65 0.533333 0.00490798 0.077193
