0 0.331902 0.209649 0.00245399 0.0333333
0 0.334356 0.291228 0.00306748 0.0350877
0 0.460123 0.203509 0.00245399 0.0421053
0 0.313344 0.205263 0.00398773 0.045614
0 0.270706 0.437719 0.00398773 0.0649123
0 0.444325 0.283333 0.00337423 0.0508772
0 0.325153 0.307895 0.00429448 0.0473684
0 0.227607 0.325439 0.00306748 0.0508772
0 0.329141 0.345614 0.00368098 0.0561404
0 0.432669 0.340351 0.00337423 0.0526316
0 0.51273 0.402632 0.00398773 0.0614035
0 0.277147 0.37193 0.00276074 0.0526316
0 0.317178 0.194737 0.00368098 0.045614
0 0.279294 0.42807 0.00460123 0.0666667
0 0.269172 0.402632 0.00398773 0.0614035
0 0.513804 0.274561 0.00306748 0.0508772
0 0.523006 0.39386 0.00429448 0.0614035
0 0.68819 0.318421 0.00276074 0.054386
0 0.382055 0.52807 0.00460123 0.0701754
0 0.378988 0.324561 0.00398773 0.0596491
0 0.437423 0.530702 0.00490798 0.0719298
0 0.285429 0.288596 0.00337423 0.054386
0 0.362117 0.379825 0.00460123 0.0754386
