0 0.480215 0.438596 0.00398773 0.0596491
0 0.757362 0.332456 0.00368098 0.0578947
0 0.543098 0.380702 0.00398773 0.0596491
0 0.540031 0.305263 0.00337423 0.0526316
0 0.66365 0.30614 0.00337423 0.0508772
0 0.502607 0.188596 0.00337423 0.0438596
0 0.61319 0.197368 0.00245399 0.0403509
0 0.488957 0.22807 0.00245399 0.045614
0 0.493865 0.331579 0.00368098 0.0596491
0 0.498773 0.579825 0.00490798 0.0684211
0 0.554448 0.382456 0.00398773 0.0596491
0 0.481135 0.464035 0.00460123 0.0684211
0 0.620552 0.422807 0.00429448 0.0631579
0 0.598926 0.253509 0.00276074 0.0473684
0 0.647546 0.357018 0.00368098 0.0578947
0 0.662883 0.358772 0.00368098 0.0578947
0 0.572853 0.317544 0.00337423 0.0491228
0 0.622853 0.352632 0.00398773 0.0596491
0 0.659816 0.529825 0.00490798 0.0736842
0 0.518098 0.621053 0.00552147 0.0842105
0 0.693712 0.595614 0.00521472 0.0789474
0 0.291871 0.338596 0.00582822 0.0631579
0 0.721012 0.492982 0.00644172 0.0877193
