0 0.347699 0.203509 0.00276074 0.0385965
0 0.367178 0.216667 0.00306748 0.0403509
0 0.362883 0.349123 0.00368098 0.0491228
0 0.481288 0.205263 0.00245399 0.0385965
0 0.376687 0.311404 0.00306748 0.0473684
0 0.37638 0.284211 0.00368098 0.0421053
0 0.52546 0.273684 0.00306748 0.0526316
0 0.328374 0.285965 0.00337423 0.0526316
0 0.534202 0.40614 0.00398773 0.0649123
0 0.697853 0.325439 0.00368098 0.0649123
0 0.307362 0.441228 0.00429448 0.0649123
0 0.310583 0.400877 0.00398773 0.0614035
0 0.474387 0.308772 0.00337423 0.0526316
0 0.458896 0.355263 0.00368098 0.054386
0 0.355215 0.185088 0.00368098 0.0438596
0 0.226534 0.32807 0.00276074 0.0491228
0 0.525 0.407895 0.00398773 0.0614035
0 0.403221 0.336842 0.00398773 0.0561404
0 0.3 0.471053 0.00490798 0.0684211
0 0.424387 0.561404 0.00521472 0.0701754
0 0.461503 0.548246 0.00521472 0.0754386
0 0.310276 0.470175 0.00460123 0.0701754
0 0.391718 0.385088 0.00429448 0.0719298
