0 0.559049 0.229825 0.00337423 0.0491228
0 0.427607 0.291228 0.00306748 0.0491228
0 0.404294 0.527193 0.00490798 0.0649123
0 0.504448 0.570175 0.00521472 0.0701754
0 0.584356 0.353509 0.00306748 0.0473684
0 0.415337 0.520175 0.00429448 0.0614035
0 0.458129 0.591228 0.00521472 0.0736842
0 0.479755 0.40614 0.00429448 0.0578947
0 0.566718 0.254386 0.00276074 0.045614
0 0.507209 0.691228 0.00644172 0.0842105
0 0.442791 0.207895 0.00337423 0.0508772
0 0.506748 0.4 0.00429448 0.0631579
0 0.418558 0.724561 0.00644172 0.0912281
0 0.250614 0.362281 0.00368098 0.054386
0 0.72638 0.338596 0.00306748 0.0561404
0 0.457209 0.371053 0.00337423 0.0473684
0 0.493098 0.453509 0.00521472 0.0684211
0 0.530675 0.392105 0.00429448 0.054386
0 0.416718 0.370175 0.00337423 0.0561404
0 0.489417 0.587719 0.00521472 0.0666667
0 0.408589 0.694737 0.00613497 0.077193
0 0.601687 0.497368 0.00460123 0.0719298
0 0.582669 0.322807 0.00460123 0.0561404
