0 0.545705 0.348246 0.00368098 0.054386
0 0.461963 0.239474 0.00306748 0.0368421
0 0.49862 0.311404 0.00337423 0.0438596
0 0.29862 0.321053 0.00337423 0.0526316
0 0.61411 0.226316 0.00306748 0.0491228
0 0.543098 0.370175 0.00398773 0.0561404
0 0.730061 0.318421 0.00368098 0.054386
0 0.653067 0.291228 0.00368098 0.0491228
0 0.564724 0.285088 0.00306748 0.0438596
0 0.513957 0.419298 0.00398773 0.0596491
0 0.618252 0.230702 0.00398773 0.0508772
0 0.591411 0.231579 0.00306748 0.045614
0 0.593405 0.296491 0.00460123 0.0596491
0 0.661503 0.403509 0.00398773 0.0631579
0 0.470399 0.509649 0.00460123 0.0684211
0 0.464417 0.331579 0.00368098 0.0596491
0 0.616411 0.509649 0.00460123 0.0719298
0 0.507515 0.552632 0.00521472 0.077193
0 0.468865 0.238596 0.00337423 0.0491228
0 0.481902 0.291228 0.00368098 0.0526316
0 0.475153 0.337719 0.00429448 0.0719298
0 0.435276 0.314035 0.00368098 0.0526316
0 0.534356 0.407895 0.00490798 0.0684211
