0 0.420552 0.709649 0.00674847 0.0859649
0 0.549233 0.230702 0.00276074 0.0438596
0 0.461043 0.423684 0.00368098 0.054386
0 0.494939 0.62807 0.00460123 0.0736842
0 0.581902 0.369298 0.00306748 0.0473684
0 0.562423 0.255263 0.00276074 0.0473684
0 0.423313 0.294737 0.00306748 0.0526316
0 0.503834 0.40614 0.00398773 0.0578947
0 0.490184 0.625439 0.00490798 0.0719298
0 0.44954 0.382456 0.00337423 0.0491228
0 0.444479 0.620175 0.00552147 0.0719298
0 0.441564 0.203509 0.00398773 0.0526316
0 0.245706 0.363158 0.00368098 0.0491228
0 0.722393 0.342105 0.00306748 0.0561404
0 0.39816 0.565789 0.00490798 0.0719298
0 0.415491 0.385965 0.00337423 0.0596491
0 0.525613 0.402632 0.00398773 0.054386
0 0.59954 0.520175 0.00460123 0.0719298
0 0.405215 0.559649 0.00490798 0.0666667
0 0.580368 0.32807 0.00490798 0.0596491
0 0.477607 0.459649 0.00552147 0.0701754
0 0.507209 0.735088 0.00644172 0.0947368
