0 0.497699 0.182456 0.00214724 0.0350877
0 0.501074 0.246491 0.00276074 0.0438596
0 0.259663 0.331579 0.00337423 0.0526316
0 0.522086 0.291228 0.00306748 0.0526316
0 0.449693 0.2 0.00245399 0.0385965
0 0.514724 0.277193 0.00306748 0.0491228
0 0.517331 0.338596 0.00337423 0.0561404
0 0.542638 0.212281 0.00368098 0.0421053
0 0.578988 0.252632 0.00276074 0.0491228
0 0.45184 0.364912 0.00368098 0.0596491
0 0.498773 0.35614 0.00368098 0.0561404
0 0.736656 0.333333 0.00337423 0.0561404
0 0.443558 0.353509 0.00368098 0.054386
0 0.397393 0.430702 0.00398773 0.0614035
0 0.421779 0.265789 0.00306748 0.0508772
0 0.550614 0.379825 0.00368098 0.0578947
0 0.596166 0.294737 0.00337423 0.0526316
0 0.460429 0.305263 0.00306748 0.0491228
0 0.622239 0.381579 0.00398773 0.0578947
0 0.545705 0.535088 0.00490798 0.077193
0 0.529448 0.496491 0.00429448 0.0701754
0 0.473466 0.751754 0.00644172 0.0964912
0 0.608436 0.499123 0.00460123 0.0719298
