0 0.364724 0.214035 0.00245399 0.0315789
0 0.344479 0.203509 0.00306748 0.0385965
0 0.371166 0.314035 0.00306748 0.0491228
0 0.306595 0.390351 0.00337423 0.0578947
0 0.32408 0.288596 0.00337423 0.0508772
0 0.478221 0.207895 0.00245399 0.0403509
0 0.472086 0.300877 0.00306748 0.0473684
0 0.359356 0.350877 0.00337423 0.0491228
0 0.371933 0.285965 0.00398773 0.045614
0 0.524693 0.407018 0.00398773 0.0631579
0 0.455061 0.35614 0.00337423 0.0561404
0 0.524233 0.272807 0.00306748 0.0508772
0 0.303528 0.432456 0.00398773 0.0649123
0 0.351994 0.184211 0.00398773 0.045614
0 0.533896 0.405263 0.00398773 0.0631579
0 0.696626 0.323684 0.00368098 0.0614035
0 0.22638 0.327193 0.00306748 0.0508772
0 0.296472 0.467544 0.00460123 0.0684211
0 0.400153 0.336842 0.00398773 0.0596491
0 0.419172 0.561404 0.00521472 0.0736842
0 0.307362 0.465789 0.00490798 0.0719298
0 0.459049 0.54386 0.00521472 0.0736842
0 0.388344 0.385965 0.00429448 0.0736842
