0 0.446472 0.39386 0.00398773 0.0508772
0 0.492485 0.666667 0.00460123 0.0807018
0 0.419479 0.722807 0.00644172 0.0807018
0 0.44954 0.444737 0.00398773 0.0614035
0 0.423773 0.294737 0.00337423 0.0526316
0 0.503834 0.413158 0.00398773 0.0614035
0 0.490951 0.635088 0.00460123 0.0807018
0 0.542178 0.229825 0.00276074 0.0421053
0 0.559049 0.254386 0.00276074 0.045614
0 0.242791 0.364035 0.00337423 0.0473684
0 0.579755 0.379825 0.00306748 0.0473684
0 0.442485 0.65 0.00582822 0.0859649
0 0.718712 0.342105 0.00306748 0.0526316
0 0.394172 0.587719 0.00490798 0.0701754
0 0.41181 0.397368 0.00398773 0.0614035
0 0.441258 0.201754 0.00398773 0.0526316
0 0.599387 0.534211 0.00490798 0.0754386
0 0.401074 0.586842 0.00460123 0.0649123
0 0.578988 0.330702 0.00460123 0.0578947
0 0.427607 0.720175 0.00674847 0.0894737
0 0.515337 0.749123 0.00674847 0.0947368
0 0.523006 0.415789 0.00429448 0.0526316
0 0.467485 0.469298 0.00552147 0.0684211
