0 0.451994 0.440351 0.00398773 0.0561404
0 0.491104 0.637719 0.00429448 0.0789474
0 0.493252 0.65614 0.00429448 0.077193
0 0.447239 0.389474 0.00368098 0.045614
0 0.503681 0.411404 0.00368098 0.0578947
0 0.543712 0.230702 0.00276074 0.0438596
0 0.580368 0.380702 0.00306748 0.0491228
0 0.559509 0.254386 0.00245399 0.045614
0 0.42362 0.294737 0.00306748 0.0526316
0 0.441564 0.645614 0.00582822 0.0842105
0 0.419325 0.717544 0.00613497 0.0842105
0 0.719325 0.342982 0.00306748 0.0508772
0 0.243252 0.363158 0.00368098 0.0491228
0 0.395092 0.580702 0.00490798 0.0736842
0 0.441258 0.201754 0.00398773 0.0526316
0 0.40184 0.585965 0.00490798 0.0666667
0 0.579295 0.329825 0.00460123 0.0596491
0 0.412577 0.394737 0.00368098 0.0596491
0 0.425767 0.715789 0.00674847 0.0912281
0 0.52362 0.414035 0.00429448 0.0526316
0 0.599387 0.531579 0.00490798 0.0736842
0 0.51319 0.748246 0.00674847 0.0964912
0 0.469018 0.467544 0.00552147 0.0719298
