0 0.554755 0.350877 0.00398773 0.0561404
0 0.728374 0.319298 0.00337423 0.0526316
0 0.467331 0.233333 0.00276074 0.0385965
0 0.300307 0.321053 0.00368098 0.0561404
0 0.570245 0.282456 0.00306748 0.0421053
0 0.617178 0.227193 0.00368098 0.0508772
0 0.503528 0.307018 0.00337423 0.0491228
0 0.517485 0.426316 0.00429448 0.0631579
0 0.658742 0.291228 0.00398773 0.0526316
0 0.478221 0.517544 0.00490798 0.0736842
0 0.594018 0.231579 0.00276074 0.045614
0 0.488957 0.287719 0.00368098 0.0526316
0 0.55092 0.364912 0.00490798 0.0596491
0 0.669172 0.409649 0.00398773 0.0649123
0 0.465951 0.327193 0.00368098 0.0578947
0 0.622699 0.228947 0.00429448 0.0508772
0 0.475307 0.231579 0.00337423 0.0491228
0 0.510429 0.55614 0.00490798 0.077193
0 0.622086 0.516667 0.00490798 0.0754386
0 0.598313 0.292982 0.00460123 0.0596491
0 0.47408 0.322807 0.00460123 0.0701754
0 0.440798 0.304386 0.00368098 0.0508772
0 0.536196 0.409649 0.00490798 0.0684211
