0 0.499386 0.537719 0.00552147 0.0719298
0 0.528988 0.464912 0.00337423 0.0631579
0 0.444785 0.445614 0.00429448 0.0526316
0 0.514877 0.232456 0.00276074 0.0438596
0 0.431595 0.292105 0.00306748 0.0438596
0 0.246319 0.361403 0.00368098 0.0596491
0 0.509816 0.445614 0.00429448 0.0701754
0 0.546779 0.25614 0.00276074 0.045614
0 0.376074 0.613158 0.00429448 0.0754386
0 0.410123 0.70614 0.00674847 0.0929825
0 0.409202 0.401754 0.00368098 0.0596491
0 0.409969 0.754386 0.00644172 0.0982456
0 0.382515 0.647368 0.00429448 0.0736842
0 0.452454 0.49386 0.00429448 0.0719298
0 0.461196 0.374561 0.00460123 0.0578947
0 0.57592 0.434211 0.00398773 0.0578947
0 0.455215 0.571053 0.00490798 0.0754386
0 0.716258 0.345614 0.00306748 0.0526316
0 0.444939 0.192982 0.00398773 0.0526316
0 0.598773 0.54386 0.00490798 0.077193
0 0.503988 0.67807 0.00552147 0.0859649
0 0.579601 0.330702 0.00521472 0.0614035
0 0.55 0.728947 0.00613497 0.0929825
