0 0.519632 0.414912 0.00429448 0.0614035
0 0.543865 0.411404 0.00429448 0.054386
0 0.481748 0.364912 0.00337423 0.0526316
0 0.286043 0.333333 0.00337423 0.0491228
0 0.620552 0.299123 0.00306748 0.0508772
0 0.547699 0.329825 0.00337423 0.0526316
0 0.517638 0.373684 0.00398773 0.0596491
0 0.577761 0.234211 0.00276074 0.0438596
0 0.449387 0.273684 0.00306748 0.0526316
0 0.452147 0.371053 0.00306748 0.054386
0 0.464724 0.354386 0.00306748 0.045614
0 0.498313 0.572807 0.00521472 0.0789474
0 0.444785 0.510526 0.00490798 0.0736842
0 0.628374 0.411404 0.00398773 0.0614035
0 0.732055 0.328947 0.00337423 0.054386
0 0.599847 0.223684 0.00398773 0.054386
0 0.453067 0.239474 0.00368098 0.0578947
0 0.570092 0.324561 0.00337423 0.0526316
0 0.577914 0.515789 0.00490798 0.0736842
0 0.434816 0.323684 0.00337423 0.054386
0 0.529294 0.441228 0.00521472 0.0684211
0 0.603988 0.253509 0.00368098 0.0508772
0 0.473006 0.303509 0.00368098 0.0491228
