0 0.538037 0.371053 0.00368098 0.0508772
0 0.458742 0.240351 0.00276074 0.0350877
0 0.540337 0.350877 0.00398773 0.0526316
0 0.296779 0.32193 0.00337423 0.0508772
0 0.497239 0.314912 0.00368098 0.0438596
0 0.512577 0.415789 0.00429448 0.0561404
0 0.612883 0.224561 0.00306748 0.045614
0 0.64954 0.289474 0.00398773 0.0526316
0 0.730675 0.320175 0.00368098 0.054386
0 0.561043 0.288596 0.00306748 0.0473684
0 0.590337 0.297368 0.00460123 0.0614035
0 0.657822 0.399123 0.00398773 0.0614035
0 0.589571 0.231579 0.00306748 0.045614
0 0.467945 0.5 0.00460123 0.0631579
0 0.615951 0.232456 0.00368098 0.0473684
0 0.504908 0.55 0.00490798 0.0754386
0 0.61319 0.500877 0.00429448 0.0649123
0 0.465951 0.238596 0.00368098 0.0526316
0 0.46319 0.333333 0.00368098 0.0596491
0 0.432362 0.318421 0.00337423 0.0508772
0 0.478528 0.290351 0.00368098 0.054386
0 0.474693 0.337719 0.00460123 0.0719298
0 0.533589 0.411404 0.00521472 0.0684211
