0 0.42362 0.275439 0.00306748 0.0491228
0 0.491258 0.234211 0.00276074 0.0333333
0 0.49862 0.468421 0.00460123 0.0596491
0 0.461503 0.380702 0.00398773 0.045614
0 0.538804 0.25 0.00276074 0.0473684
0 0.388804 0.549123 0.00398773 0.0842105
0 0.551074 0.457895 0.00337423 0.0631579
0 0.442791 0.513158 0.00460123 0.0754386
0 0.445245 0.185965 0.00398773 0.0526316
0 0.252914 0.35 0.00460123 0.0719298
0 0.575767 0.316667 0.00490798 0.0614035
0 0.498466 0.649123 0.00552147 0.0877193
0 0.718405 0.338596 0.00306748 0.0526316
0 0.468712 0.329825 0.00429448 0.0526316
0 0.567485 0.44386 0.00429448 0.0666667
0 0.544172 0.69386 0.00613497 0.0894737
0 0.41227 0.369298 0.00368098 0.0614035
0 0.392025 0.670175 0.00613497 0.0877193
0 0.378374 0.616667 0.00460123 0.0859649
0 0.516871 0.442105 0.00429448 0.0666667
0 0.450767 0.491228 0.00460123 0.077193
0 0.377761 0.730702 0.00644172 0.0964912
0 0.593558 0.523684 0.00490798 0.0754386
