0 0.473466 0.232456 0.00276074 0.0368421
0 0.439877 0.174561 0.00368098 0.0438596
0 0.54954 0.425439 0.00398773 0.0649123
0 0.379601 0.635965 0.00582822 0.0824561
0 0.71411 0.337719 0.00306748 0.0508772
0 0.466564 0.312281 0.00368098 0.0526316
0 0.457362 0.333333 0.00368098 0.0491228
0 0.532362 0.244737 0.00276074 0.0438596
0 0.567945 0.304386 0.00337423 0.054386
0 0.515337 0.426316 0.00429448 0.0666667
0 0.41411 0.25614 0.00306748 0.045614
0 0.38727 0.507018 0.00460123 0.0736842
0 0.377607 0.578947 0.00552147 0.0947368
0 0.249847 0.346491 0.00398773 0.0649123
0 0.560429 0.441228 0.00429448 0.0649123
0 0.476227 0.433333 0.00398773 0.0666667
0 0.433436 0.467544 0.00429448 0.0649123
0 0.410429 0.340351 0.00368098 0.0596491
0 0.361503 0.704386 0.00644172 0.0929825
0 0.490644 0.629825 0.00582822 0.0842105
0 0.58773 0.509649 0.00490798 0.0719298
0 0.526227 0.662281 0.00582822 0.0859649
0 0.449693 0.474561 0.00429448 0.0754386
