0 0.288957 0.20614 0.00552147 0.0508772
0 0.310276 0.220175 0.00276074 0.0438596
0 0.505982 0.40614 0.00398773 0.0614035
0 0.415798 0.331579 0.00337423 0.0526316
0 0.290031 0.198246 0.00398773 0.0421053
0 0.447853 0.202632 0.00245399 0.0368421
0 0.287423 0.213158 0.00429448 0.0473684
0 0.310736 0.340351 0.00368098 0.0561404
0 0.424233 0.277193 0.00306748 0.0491228
0 0.251994 0.364035 0.00276074 0.0508772
0 0.22546 0.319298 0.00245399 0.0526316
0 0.509202 0.274561 0.00306748 0.0508772
0 0.23911 0.389474 0.00337423 0.0561404
0 0.255215 0.407018 0.00368098 0.0596491
0 0.258742 0.294737 0.00337423 0.0561404
0 0.28819 0.312281 0.00398773 0.0491228
0 0.301227 0.289474 0.00368098 0.0561404
0 0.682515 0.316667 0.00306748 0.054386
0 0.260276 0.4 0.00337423 0.0596491
0 0.515491 0.392105 0.00398773 0.0614035
0 0.355675 0.502632 0.00460123 0.0684211
0 0.364877 0.327193 0.00337423 0.0578947
0 0.422086 0.525439 0.00490798 0.0754386
0 0.342945 0.381579 0.00429448 0.0754386
