0 0.373159 0.214912 0.00276074 0.0403509
0 0.423313 0.283333 0.00306748 0.0368421
0 0.33727 0.522807 0.00521472 0.0736842
0 0.334049 0.530702 0.00490798 0.0754386
0 0.539417 0.417544 0.00398773 0.0631579
0 0.504448 0.217544 0.00276074 0.0421053
0 0.434202 0.349123 0.00337423 0.0561404
0 0.355061 0.417544 0.00398773 0.0631579
0 0.342638 0.491228 0.00490798 0.0807018
0 0.508589 0.349123 0.00368098 0.0561404
0 0.234969 0.322807 0.00368098 0.0596491
0 0.542025 0.280702 0.00306748 0.0491228
0 0.373159 0.291228 0.00337423 0.045614
0 0.430828 0.308772 0.00337423 0.0491228
0 0.554141 0.42807 0.00398773 0.0666667
0 0.40046 0.372807 0.00398773 0.0508772
0 0.38589 0.177193 0.00368098 0.0421053
0 0.708282 0.333333 0.00306748 0.0526316
0 0.484663 0.380702 0.00368098 0.0596491
0 0.406135 0.22807 0.00368098 0.045614
0 0.461503 0.585965 0.00521472 0.0701754
0 0.484202 0.581579 0.00521472 0.0789474
0 0.422239 0.403509 0.00398773 0.0736842
