0 0.377454 0.218421 0.00276074 0.0438596
0 0.431442 0.285088 0.00276074 0.0333333
0 0.35046 0.5 0.00521472 0.0807018
0 0.542791 0.422807 0.00398773 0.0666667
0 0.508896 0.220175 0.00245399 0.0438596
0 0.442331 0.354386 0.00368098 0.0526316
0 0.514417 0.353509 0.00490798 0.0614035
0 0.439571 0.308772 0.00306748 0.0491228
0 0.344939 0.533333 0.00521472 0.077193
0 0.545705 0.281579 0.00306748 0.0508772
0 0.406748 0.381579 0.00368098 0.0473684
0 0.36319 0.422807 0.00429448 0.0631579
0 0.558282 0.438596 0.00429448 0.0666667
0 0.392945 0.179825 0.00368098 0.0438596
0 0.23865 0.325439 0.00429448 0.0649123
0 0.489264 0.387719 0.00368098 0.0596491
0 0.709202 0.335965 0.00306748 0.0508772
0 0.338497 0.548246 0.00521472 0.0789474
0 0.414724 0.230702 0.00368098 0.0438596
0 0.380828 0.294737 0.00337423 0.0491228
0 0.467331 0.591228 0.00521472 0.0701754
0 0.48773 0.59386 0.00552147 0.0789474
0 0.427454 0.408772 0.00398773 0.0666667
