0 0.47546 0.381579 0.00368098 0.0508772
0 0.448466 0.274561 0.00306748 0.0473684
0 0.283282 0.335965 0.00337423 0.0508772
0 0.456748 0.391228 0.00368098 0.0631579
0 0.548466 0.414912 0.00429448 0.0614035
0 0.575307 0.235088 0.00276074 0.045614
0 0.464724 0.373684 0.00368098 0.0526316
0 0.613804 0.298246 0.00306748 0.0491228
0 0.545859 0.337719 0.00337423 0.054386
0 0.731442 0.330702 0.00337423 0.054386
0 0.439724 0.517544 0.00460123 0.0736842
0 0.451534 0.236842 0.00368098 0.0561404
0 0.571472 0.529825 0.00490798 0.0736842
0 0.596933 0.223684 0.00429448 0.054386
0 0.511196 0.419298 0.00398773 0.0631579
0 0.565031 0.328947 0.00306748 0.0508772
0 0.623466 0.413158 0.00398773 0.0614035
0 0.473773 0.308772 0.00337423 0.045614
0 0.434663 0.326316 0.00368098 0.0561404
0 0.490951 0.567544 0.00521472 0.0754386
0 0.517331 0.369298 0.00460123 0.0578947
0 0.527147 0.45 0.00521472 0.0684211
0 0.601687 0.264035 0.00398773 0.0473684
