0 0.459969 0.389474 0.00398773 0.045614
0 0.494479 0.235965 0.00245399 0.0368421
0 0.444325 0.516667 0.00460123 0.0719298
0 0.424847 0.278947 0.00306748 0.0491228
0 0.502914 0.477193 0.00460123 0.0561404
0 0.540031 0.250877 0.00276074 0.045614
0 0.386963 0.562281 0.00398773 0.0859649
0 0.445706 0.187719 0.00429448 0.0491228
0 0.718405 0.339474 0.00306748 0.0508772
0 0.499386 0.651754 0.00552147 0.0894737
0 0.568098 0.44386 0.00429448 0.0666667
0 0.252607 0.35 0.00460123 0.0719298
0 0.412117 0.376316 0.00337423 0.0614035
0 0.450613 0.49386 0.00429448 0.0754386
0 0.516564 0.440351 0.00429448 0.0666667
0 0.55 0.458772 0.00306748 0.0614035
0 0.576994 0.317544 0.00552147 0.0631579
0 0.381442 0.740351 0.00644172 0.0982456
0 0.394018 0.67807 0.00582822 0.0859649
0 0.547239 0.694737 0.00613497 0.0877193
0 0.468865 0.335088 0.00398773 0.0491228
0 0.594172 0.525439 0.00490798 0.0754386
0 0.378528 0.622807 0.00490798 0.0877193
