0 0.486656 0.235088 0.00276074 0.0385965
0 0.444479 0.182456 0.00368098 0.0491228
0 0.574233 0.313158 0.00429448 0.0578947
0 0.53727 0.25 0.00276074 0.0473684
0 0.389724 0.536842 0.00398773 0.077193
0 0.592485 0.527193 0.00460123 0.0754386
0 0.461043 0.366667 0.00368098 0.045614
0 0.420552 0.27193 0.00306748 0.0491228
0 0.552301 0.452632 0.00337423 0.0631579
0 0.492025 0.459649 0.00429448 0.0666667
0 0.468558 0.325439 0.00398773 0.0508772
0 0.717791 0.335965 0.00306748 0.0508772
0 0.440337 0.498246 0.00460123 0.0701754
0 0.252761 0.347368 0.00429448 0.0666667
0 0.496933 0.642105 0.00552147 0.0842105
0 0.565951 0.44386 0.00429448 0.0666667
0 0.41227 0.362281 0.00368098 0.0614035
0 0.388497 0.664912 0.00582822 0.0877193
0 0.517485 0.437719 0.00429448 0.0649123
0 0.378528 0.607018 0.00490798 0.0912281
0 0.45092 0.489474 0.00429448 0.077193
0 0.540184 0.682456 0.00613497 0.0842105
0 0.372546 0.729825 0.00644172 0.0982456
