0 0.482669 0.235088 0.00276074 0.0350877
0 0.443405 0.180702 0.00337423 0.045614
0 0.418558 0.267544 0.00337423 0.0508772
0 0.55138 0.439474 0.00337423 0.0649123
0 0.389264 0.525439 0.00429448 0.0754386
0 0.535736 0.247368 0.00276074 0.045614
0 0.385123 0.65614 0.00582822 0.0877193
0 0.488037 0.446491 0.00429448 0.0578947
0 0.459816 0.353509 0.00368098 0.0438596
0 0.572239 0.309649 0.00337423 0.054386
0 0.56411 0.442105 0.00429448 0.0666667
0 0.467945 0.320175 0.00398773 0.0473684
0 0.591104 0.520175 0.00490798 0.0754386
0 0.494939 0.635965 0.00582822 0.0824561
0 0.251994 0.348246 0.00460123 0.0719298
0 0.716718 0.335088 0.00337423 0.0491228
0 0.411963 0.35614 0.00368098 0.0596491
0 0.378681 0.596491 0.00521472 0.0947368
0 0.517331 0.434211 0.00398773 0.0649123
0 0.437883 0.486842 0.00460123 0.0719298
0 0.368252 0.72807 0.00644172 0.0947368
0 0.535276 0.67807 0.00613497 0.0894737
0 0.45092 0.486842 0.00429448 0.0754386
