0 0.553528 0.350877 0.00398773 0.0561404
0 0.728681 0.319298 0.00337423 0.0526316
0 0.616871 0.227193 0.00306748 0.0473684
0 0.466718 0.233333 0.00276074 0.0350877
0 0.299847 0.321053 0.00337423 0.0561404
0 0.569479 0.283333 0.00337423 0.0438596
0 0.502914 0.307895 0.00337423 0.0473684
0 0.657975 0.290351 0.00368098 0.0508772
0 0.516871 0.426316 0.00429448 0.0631579
0 0.477914 0.515789 0.00490798 0.0736842
0 0.509509 0.554386 0.00490798 0.077193
0 0.593712 0.230702 0.00276074 0.0438596
0 0.474693 0.232456 0.00337423 0.0473684
0 0.668712 0.407895 0.00429448 0.0649123
0 0.549847 0.365789 0.00460123 0.0578947
0 0.465798 0.32807 0.00398773 0.0596491
0 0.488037 0.287719 0.00368098 0.0526316
0 0.622086 0.513158 0.00490798 0.0719298
0 0.621933 0.229825 0.00398773 0.0491228
0 0.597699 0.292105 0.00460123 0.0614035
0 0.440031 0.30614 0.00337423 0.0508772
0 0.474387 0.323684 0.00460123 0.0719298
0 0.53589 0.408772 0.00490798 0.0701754
