0 0.499233 0.236842 0.00276074 0.045614
0 0.427761 0.285088 0.00337423 0.0508772
0 0.504908 0.489474 0.00429448 0.0631579
0 0.44816 0.52807 0.00490798 0.0736842
0 0.458282 0.407018 0.00368098 0.0526316
0 0.41181 0.387719 0.00337423 0.0596491
0 0.541258 0.251754 0.00276074 0.0473684
0 0.251687 0.353509 0.00460123 0.0719298
0 0.39862 0.683333 0.00582822 0.0894737
0 0.718098 0.342105 0.00306748 0.0526316
0 0.570552 0.44386 0.00429448 0.0631579
0 0.515644 0.447368 0.00429448 0.0666667
0 0.446472 0.188596 0.00398773 0.0508772
0 0.450153 0.495614 0.00460123 0.0754386
0 0.501534 0.657895 0.00552147 0.0842105
0 0.468098 0.347368 0.00429448 0.0526316
0 0.595552 0.535088 0.00460123 0.0736842
0 0.548159 0.707018 0.00613497 0.0912281
0 0.388037 0.745614 0.00613497 0.0982456
0 0.383129 0.579825 0.00552147 0.0929825
0 0.546319 0.467544 0.00306748 0.0649123
0 0.378528 0.627193 0.00429448 0.0824561
0 0.578988 0.323684 0.00521472 0.0649123
