0 0.584969 0.329825 0.00368098 0.0561404
0 0.585583 0.34386 0.00306748 0.0491228
0 0.563037 0.228947 0.00337423 0.0473684
0 0.489877 0.392105 0.00368098 0.0473684
0 0.430061 0.290351 0.00306748 0.0473684
0 0.41181 0.513158 0.00460123 0.0649123
0 0.568558 0.252632 0.00276074 0.045614
0 0.508896 0.4 0.00429448 0.0631579
0 0.50046 0.450877 0.00521472 0.0631579
0 0.443558 0.210526 0.00306748 0.0491228
0 0.421166 0.511404 0.00368098 0.0578947
0 0.583896 0.319298 0.00398773 0.0526316
0 0.253067 0.364035 0.00368098 0.054386
0 0.511963 0.549123 0.00490798 0.0736842
0 0.728067 0.336842 0.00337423 0.0561404
0 0.409049 0.675439 0.00582822 0.0736842
0 0.46181 0.368421 0.00337423 0.045614
0 0.515951 0.67193 0.00613497 0.0877193
0 0.465798 0.575439 0.00582822 0.0807018
0 0.418865 0.360526 0.00337423 0.054386
0 0.533436 0.388597 0.00429448 0.054386
0 0.418712 0.716667 0.00613497 0.0929825
0 0.602761 0.485965 0.00429448 0.0701754
0 0.489571 0.574561 0.00490798 0.0649123
