0 0.49954 0.237719 0.00276074 0.0403509
0 0.427914 0.285965 0.00306748 0.0526316
0 0.457515 0.407018 0.00398773 0.0526316
0 0.411503 0.387719 0.00337423 0.0596491
0 0.504755 0.492105 0.00460123 0.0649123
0 0.541564 0.251754 0.00276074 0.0473684
0 0.448773 0.532456 0.00490798 0.0754386
0 0.251534 0.352632 0.00429448 0.0701754
0 0.399233 0.686842 0.00582822 0.0894737
0 0.45 0.496491 0.00429448 0.0736842
0 0.515644 0.447368 0.00429448 0.0666667
0 0.718098 0.342105 0.00306748 0.0526316
0 0.446472 0.188596 0.00398773 0.0508772
0 0.570859 0.442982 0.00429448 0.0649123
0 0.389264 0.747368 0.00613497 0.0982456
0 0.50184 0.657018 0.00552147 0.0859649
0 0.468098 0.347368 0.00429448 0.0526316
0 0.595706 0.535088 0.00490798 0.0736842
0 0.548466 0.707018 0.00613497 0.0912281
0 0.382669 0.579825 0.00521472 0.0929825
0 0.378528 0.62807 0.00429448 0.0807018
0 0.578988 0.324561 0.00521472 0.0666667
0 0.545705 0.468421 0.00306748 0.0666667
