0 0.492638 0.511404 0.00490798 0.0754386
0 0.768098 0.34386 0.00368098 0.0561404
0 0.487883 0.500877 0.00460123 0.0754386
0 0.299233 0.358772 0.00398773 0.0614035
0 0.496626 0.37193 0.00368098 0.0596491
0 0.644018 0.419298 0.00398773 0.0561404
0 0.663037 0.392105 0.00398773 0.0614035
0 0.628528 0.22193 0.00245399 0.0438596
0 0.650613 0.467544 0.00429448 0.0684211
0 0.689264 0.442105 0.00429448 0.0631579
0 0.570245 0.396491 0.00368098 0.0596491
0 0.495399 0.24386 0.00306748 0.0491228
0 0.598159 0.378947 0.00368098 0.0526316
0 0.56135 0.447368 0.00429448 0.0631579
0 0.755675 0.546491 0.00705521 0.0859649
0 0.693558 0.345614 0.00429448 0.0631579
0 0.609816 0.275439 0.00306748 0.0491228
0 0.54954 0.37193 0.00398773 0.0561404
0 0.701994 0.552632 0.00521472 0.0736842
0 0.518558 0.202632 0.00276074 0.054386
0 0.524847 0.635965 0.00552147 0.0824561
0 0.547853 0.683333 0.00613497 0.0894737
0 0.726534 0.637719 0.00582822 0.0824561
