0 0.484049 0.355263 0.00368098 0.0508772
0 0.523773 0.413158 0.00398773 0.0614035
0 0.548006 0.323684 0.00337423 0.0508772
0 0.624233 0.29386 0.00306748 0.0473684
0 0.449387 0.271053 0.00306748 0.0508772
0 0.579295 0.233333 0.00276074 0.0421053
0 0.451994 0.366667 0.00337423 0.0526316
0 0.601074 0.223684 0.00398773 0.0508772
0 0.286656 0.334211 0.00337423 0.054386
0 0.501994 0.568421 0.00521472 0.0807018
0 0.539571 0.408772 0.00490798 0.0561404
0 0.732055 0.32807 0.00337423 0.0526316
0 0.518558 0.369298 0.00398773 0.0614035
0 0.453681 0.240351 0.00368098 0.0526316
0 0.580215 0.515789 0.00460123 0.0736842
0 0.446779 0.507895 0.00460123 0.0719298
0 0.629141 0.407895 0.00429448 0.0614035
0 0.465644 0.346491 0.00306748 0.0508772
0 0.571932 0.318421 0.00337423 0.054386
0 0.604755 0.252632 0.00398773 0.0491228
0 0.434049 0.325439 0.00368098 0.054386
0 0.472699 0.3 0.00368098 0.0491228
0 0.530061 0.441228 0.00490798 0.0684211
