0 0.410736 0.242982 0.00306748 0.0403509
0 0.433436 0.174561 0.00368098 0.0438596
0 0.465184 0.233333 0.00276074 0.0350877
0 0.373313 0.615789 0.00552147 0.0842105
0 0.455675 0.317544 0.00337423 0.0526316
0 0.465031 0.307018 0.00306748 0.0526316
0 0.712423 0.335965 0.00276074 0.0508772
0 0.527761 0.239474 0.00276074 0.0473684
0 0.557055 0.433333 0.00429448 0.0631579
0 0.513344 0.419298 0.00398773 0.0631579
0 0.544172 0.410526 0.00429448 0.0701754
0 0.248006 0.34386 0.00398773 0.0631579
0 0.37546 0.560526 0.00552147 0.0824561
0 0.468558 0.412281 0.00398773 0.0631579
0 0.563497 0.3 0.00306748 0.0526316
0 0.582975 0.497368 0.00460123 0.0719298
0 0.384509 0.482456 0.00460123 0.0701754
0 0.357822 0.671053 0.00582822 0.0859649
0 0.429448 0.45 0.00429448 0.0684211
0 0.407975 0.329825 0.00368098 0.0561404
0 0.486043 0.621053 0.00582822 0.0807018
0 0.517638 0.649123 0.00582822 0.0842105
0 0.447699 0.461404 0.00460123 0.0736842
