0 0.455828 0.432456 0.00429448 0.054386
0 0.493558 0.642982 0.00429448 0.0754386
0 0.418712 0.714912 0.00613497 0.0859649
0 0.546166 0.230702 0.00276074 0.0438596
0 0.491258 0.629825 0.00460123 0.077193
0 0.447853 0.388597 0.00306748 0.0473684
0 0.580675 0.371053 0.00306748 0.0473684
0 0.560583 0.254386 0.00276074 0.045614
0 0.503528 0.407895 0.00398773 0.0578947
0 0.442638 0.625439 0.00552147 0.0789474
0 0.423313 0.294737 0.00306748 0.0526316
0 0.423006 0.714912 0.00674847 0.0894737
0 0.720552 0.34386 0.00306748 0.0526316
0 0.244325 0.363158 0.00337423 0.045614
0 0.441258 0.202632 0.00398773 0.0508772
0 0.396626 0.575439 0.00490798 0.0736842
0 0.59954 0.521053 0.00460123 0.0736842
0 0.413957 0.392982 0.00337423 0.0596491
0 0.579755 0.329825 0.00490798 0.0596491
0 0.524233 0.409649 0.00429448 0.054386
0 0.403221 0.57193 0.00460123 0.0666667
0 0.472699 0.464912 0.00552147 0.0666667
0 0.511043 0.737719 0.00613497 0.0964912
