0 0.466718 0.42193 0.00398773 0.0614035
0 0.469939 0.415789 0.00368098 0.0596491
0 0.464571 0.410526 0.00337423 0.0596491
0 0.445245 0.280702 0.00337423 0.0491228
0 0.543405 0.346491 0.00337423 0.0473684
0 0.277454 0.344737 0.00337423 0.0508772
0 0.603681 0.302632 0.00306748 0.0508772
0 0.573006 0.238596 0.00306748 0.045614
0 0.495859 0.438596 0.00460123 0.0561404
0 0.591564 0.225439 0.00460123 0.0578947
0 0.550614 0.437719 0.00429448 0.0614035
0 0.730675 0.331579 0.00306748 0.0526316
0 0.615491 0.421053 0.00398773 0.0631579
0 0.430061 0.525439 0.00490798 0.0789474
0 0.562117 0.545614 0.00460123 0.0736842
0 0.597393 0.276316 0.00398773 0.0508772
0 0.450767 0.234211 0.00398773 0.0578947
0 0.470399 0.57807 0.00521472 0.0789474
0 0.556442 0.342105 0.00306748 0.045614
0 0.433436 0.331579 0.00368098 0.0561404
0 0.473926 0.321053 0.00368098 0.0491228
0 0.519172 0.371053 0.00460123 0.0578947
0 0.526074 0.45 0.00490798 0.0649123
