0 0.50092 0.170175 0.00306748 0.0350877
0 0.572086 0.357895 0.00368098 0.0385965
0 0.502454 0.283333 0.00306748 0.0403509
0 0.47592 0.226316 0.00276074 0.0385965
0 0.471472 0.331579 0.00368098 0.0561404
0 0.305368 0.318421 0.00337423 0.054386
0 0.620859 0.227193 0.00306748 0.0473684
0 0.682669 0.416667 0.00398773 0.0578947
0 0.72592 0.316667 0.00337423 0.0508772
0 0.467025 0.334211 0.00337423 0.0508772
0 0.578528 0.284211 0.00306748 0.045614
0 0.598006 0.230702 0.00276074 0.0438596
0 0.485276 0.224561 0.00306748 0.045614
0 0.510276 0.30614 0.00337423 0.0508772
0 0.493405 0.519298 0.00460123 0.0666667
0 0.521166 0.439474 0.00429448 0.0649123
0 0.629601 0.226316 0.00398773 0.0491228
0 0.632822 0.52807 0.00490798 0.0666667
0 0.668252 0.292982 0.00398773 0.0491228
0 0.449693 0.298246 0.00368098 0.0526316
0 0.606135 0.292105 0.00429448 0.0614035
0 0.514877 0.563158 0.00521472 0.077193
0 0.562117 0.370175 0.00460123 0.0596491
0 0.539571 0.411404 0.00490798 0.0614035
