0 0.598466 0.181579 0.00245399 0.0333333
0 0.479448 0.215789 0.00245399 0.0421053
0 0.640644 0.307895 0.00337423 0.0473684
0 0.749233 0.321053 0.00337423 0.0561404
0 0.694172 0.453509 0.00429448 0.0719298
0 0.58819 0.231579 0.00276074 0.0421053
0 0.628528 0.508772 0.00490798 0.0526316
0 0.531135 0.34386 0.00337423 0.0561404
0 0.478528 0.405263 0.00429448 0.0596491
0 0.599233 0.391228 0.00398773 0.0596491
0 0.552914 0.269298 0.00276074 0.0438596
0 0.529755 0.258772 0.00306748 0.0473684
0 0.640184 0.277193 0.00368098 0.0491228
0 0.636196 0.338596 0.00368098 0.0561404
0 0.608896 0.305263 0.00368098 0.0526316
0 0.48635 0.187719 0.00276074 0.0421053
0 0.475614 0.42193 0.00460123 0.0649123
0 0.542178 0.364912 0.00337423 0.0561404
0 0.48635 0.3 0.00337423 0.0526316
0 0.482822 0.542982 0.00490798 0.0754386
0 0.494785 0.552632 0.00490798 0.0736842
0 0.670245 0.567544 0.00490798 0.0789474
0 0.290951 0.326316 0.00582822 0.0666667
