0 0.400153 0.574561 0.00705521 0.0719298
0 0.456595 0.433333 0.00398773 0.0561404
0 0.418558 0.713158 0.00582822 0.0824561
0 0.546319 0.230702 0.00306748 0.0438596
0 0.494172 0.641228 0.00429448 0.0754386
0 0.44816 0.388597 0.00306748 0.0438596
0 0.580982 0.371053 0.00306748 0.0473684
0 0.491258 0.62807 0.00460123 0.077193
0 0.422546 0.714912 0.00644172 0.0894737
0 0.503528 0.407895 0.00398773 0.0578947
0 0.56089 0.254386 0.00276074 0.045614
0 0.423313 0.294737 0.00306748 0.0526316
0 0.442791 0.626316 0.00582822 0.0807018
0 0.720552 0.342982 0.00306748 0.054386
0 0.244325 0.363158 0.00337423 0.045614
0 0.397086 0.573684 0.00460123 0.0736842
0 0.441258 0.202632 0.00398773 0.0508772
0 0.403528 0.569298 0.00460123 0.0684211
0 0.59954 0.519298 0.00460123 0.0736842
0 0.52454 0.409649 0.00429448 0.054386
0 0.414417 0.392982 0.00368098 0.0596491
0 0.579755 0.329825 0.00490798 0.0596491
0 0.473313 0.466667 0.00552147 0.0666667
0 0.510583 0.737719 0.00644172 0.0964912
