0 0.466718 0.416667 0.00398773 0.054386
0 0.419785 0.709649 0.00644172 0.0894737
0 0.497853 0.610526 0.00490798 0.0736842
0 0.42408 0.29386 0.00337423 0.0508772
0 0.552301 0.228947 0.00276074 0.0438596
0 0.45138 0.381579 0.00337423 0.0438596
0 0.582975 0.365789 0.00276074 0.0473684
0 0.56365 0.254386 0.00276074 0.045614
0 0.442025 0.204386 0.00368098 0.0508772
0 0.39908 0.553509 0.00490798 0.0754386
0 0.504601 0.404386 0.00429448 0.0578947
0 0.723773 0.340351 0.00337423 0.0561404
0 0.247239 0.361403 0.00368098 0.0491228
0 0.48911 0.615789 0.00460123 0.0666667
0 0.581135 0.327193 0.00460123 0.0578947
0 0.447393 0.613158 0.00521472 0.0789474
0 0.416104 0.382456 0.00337423 0.0596491
0 0.526841 0.402632 0.00398773 0.054386
0 0.599847 0.510526 0.00460123 0.0736842
0 0.504755 0.720175 0.00644172 0.0929825
0 0.407209 0.552632 0.00460123 0.0666667
0 0.481902 0.462281 0.00552147 0.0684211
