0 0.437423 0.174561 0.00368098 0.0403509
0 0.470399 0.233333 0.00276074 0.0385965
0 0.71319 0.336842 0.00306748 0.0491228
0 0.376841 0.625439 0.00582822 0.0824561
0 0.547239 0.415789 0.00429448 0.0701754
0 0.473466 0.418421 0.00398773 0.0578947
0 0.456288 0.325439 0.00337423 0.0473684
0 0.530521 0.241228 0.00276074 0.0473684
0 0.412883 0.251754 0.00306748 0.0473684
0 0.465798 0.312281 0.00337423 0.0526316
0 0.249233 0.346491 0.00398773 0.0614035
0 0.565798 0.302632 0.00337423 0.054386
0 0.386043 0.494737 0.00460123 0.0701754
0 0.514724 0.424561 0.00429448 0.0631579
0 0.558896 0.440351 0.00429448 0.0666667
0 0.409356 0.335965 0.00398773 0.0578947
0 0.359816 0.69386 0.00613497 0.0929825
0 0.376841 0.567544 0.00582822 0.0859649
0 0.431748 0.458772 0.00460123 0.0684211
0 0.521012 0.660526 0.00582822 0.0859649
0 0.58681 0.500877 0.00490798 0.0754386
0 0.44908 0.464912 0.00429448 0.0701754
0 0.48865 0.623684 0.00552147 0.0789474
