0 0.530675 0.230702 0.00306748 0.0438596
0 0.427914 0.295614 0.00306748 0.0508772
0 0.42454 0.735088 0.00613497 0.0912281
0 0.429141 0.735088 0.00613497 0.0912281
0 0.505368 0.428947 0.00398773 0.0614035
0 0.487423 0.618421 0.00490798 0.0754386
0 0.241411 0.367544 0.00306748 0.0473684
0 0.552914 0.257018 0.00276074 0.0473684
0 0.405828 0.40614 0.00429448 0.0649123
0 0.440491 0.457018 0.00429448 0.0649123
0 0.44954 0.402632 0.00398773 0.054386
0 0.50046 0.701754 0.00644172 0.0912281
0 0.383896 0.627193 0.00460123 0.0789474
0 0.578221 0.410526 0.00490798 0.0561404
0 0.715184 0.347368 0.00337423 0.0526316
0 0.521166 0.433333 0.00429448 0.0561404
0 0.392945 0.636842 0.00429448 0.0701754
0 0.441718 0.198246 0.00429448 0.0526316
0 0.600767 0.553509 0.00521472 0.0754386
0 0.453681 0.639474 0.00552147 0.0789474
0 0.535276 0.746491 0.00674847 0.0964912
0 0.578834 0.334211 0.00490798 0.0614035
0 0.457669 0.480702 0.00552147 0.0701754
