0 0.380215 0.220175 0.00276074 0.0438596
0 0.435429 0.286842 0.00337423 0.0403509
0 0.517331 0.357018 0.00460123 0.0649123
0 0.51089 0.220175 0.00276074 0.0403509
0 0.543712 0.423684 0.00398773 0.0649123
0 0.368865 0.42193 0.00398773 0.0578947
0 0.444018 0.307018 0.00276074 0.045614
0 0.408282 0.386842 0.00368098 0.0578947
0 0.547853 0.281579 0.00306748 0.0508772
0 0.492791 0.387719 0.00398773 0.0596491
0 0.443865 0.361403 0.00368098 0.0596491
0 0.240491 0.322807 0.00429448 0.0666667
0 0.709356 0.338596 0.00276074 0.0491228
0 0.396933 0.179825 0.00368098 0.0438596
0 0.353681 0.505263 0.00552147 0.0842105
0 0.384202 0.294737 0.00337423 0.0491228
0 0.34862 0.545614 0.00521472 0.077193
0 0.340951 0.557895 0.00521472 0.077193
0 0.419018 0.235088 0.00368098 0.0491228
0 0.560736 0.442105 0.00429448 0.0666667
0 0.489877 0.597368 0.00552147 0.0789474
0 0.467945 0.595614 0.00521472 0.0719298
0 0.429908 0.414912 0.00398773 0.0684211
