0 0.546472 0.421053 0.00398773 0.0596491
0 0.383589 0.222807 0.00276074 0.0421053
0 0.440798 0.286842 0.00306748 0.0403509
0 0.45 0.307895 0.00306748 0.0438596
0 0.373313 0.427193 0.00429448 0.054386
0 0.447853 0.365789 0.00368098 0.0578947
0 0.495552 0.395614 0.00398773 0.0614035
0 0.41319 0.39386 0.00368098 0.0578947
0 0.51319 0.224561 0.00245399 0.045614
0 0.521319 0.366667 0.00460123 0.0701754
0 0.353988 0.552632 0.00490798 0.0736842
0 0.55 0.285088 0.00306748 0.0508772
0 0.56411 0.446491 0.00429448 0.0649123
0 0.345245 0.576316 0.00521472 0.0789474
0 0.402607 0.17807 0.00337423 0.0438596
0 0.709202 0.338596 0.00306748 0.0491228
0 0.389571 0.300877 0.00306748 0.0508772
0 0.243252 0.326316 0.00429448 0.0631579
0 0.425613 0.235088 0.00398773 0.045614
0 0.493252 0.605263 0.00552147 0.0807018
0 0.358436 0.516667 0.00582822 0.0894737
0 0.471472 0.602632 0.00552147 0.0789474
0 0.433129 0.420175 0.00429448 0.0719298
