0 0.495092 0.559649 0.00552147 0.0736842
0 0.518098 0.234211 0.00245399 0.0403509
0 0.41273 0.715789 0.00705521 0.0912281
0 0.52546 0.461404 0.00368098 0.0596491
0 0.414417 0.750877 0.00674847 0.101754
0 0.431902 0.289474 0.00306748 0.0421053
0 0.548006 0.255263 0.00276074 0.0473684
0 0.443098 0.453509 0.00460123 0.0578947
0 0.509356 0.44386 0.00398773 0.0666667
0 0.376534 0.615789 0.00460123 0.0736842
0 0.408282 0.405263 0.00368098 0.0631579
0 0.453374 0.492982 0.00490798 0.0701754
0 0.245245 0.364912 0.00337423 0.0491228
0 0.459356 0.378947 0.00460123 0.0561404
0 0.715644 0.346491 0.00306748 0.0508772
0 0.576687 0.431579 0.00429448 0.0596491
0 0.443712 0.195614 0.00398773 0.054386
0 0.548313 0.739474 0.00644172 0.0964912
0 0.384049 0.642982 0.00429448 0.0754386
0 0.456595 0.581579 0.00521472 0.0789474
0 0.504141 0.684211 0.00582822 0.0877193
0 0.599693 0.547368 0.00490798 0.077193
0 0.579601 0.335088 0.00521472 0.0596491
