0 0.493558 0.652632 0.00429448 0.077193
0 0.491411 0.639474 0.00429448 0.0789474
0 0.452607 0.437719 0.00398773 0.0578947
0 0.447393 0.388597 0.00337423 0.0473684
0 0.544325 0.230702 0.00276074 0.0438596
0 0.503681 0.410526 0.00368098 0.0596491
0 0.441718 0.642105 0.00552147 0.0807018
0 0.580368 0.379825 0.00306748 0.0473684
0 0.42362 0.294737 0.00306748 0.0526316
0 0.559663 0.254386 0.00276074 0.045614
0 0.419325 0.716667 0.00613497 0.0859649
0 0.243558 0.364035 0.00368098 0.0473684
0 0.719479 0.342982 0.00337423 0.0508772
0 0.402147 0.583333 0.00490798 0.0684211
0 0.441258 0.202632 0.00398773 0.0508772
0 0.395552 0.579825 0.00460123 0.0754386
0 0.579448 0.329825 0.00490798 0.0596491
0 0.425153 0.714912 0.00674847 0.0894737
0 0.412883 0.394737 0.00368098 0.0596491
0 0.599387 0.530702 0.00490798 0.0719298
0 0.523773 0.413158 0.00398773 0.054386
0 0.51273 0.745614 0.00644172 0.0982456
0 0.469785 0.465789 0.00521472 0.0684211
