0 0.634202 0.312281 0.00460123 0.0596491
0 0.595706 0.178947 0.00245399 0.0315789
0 0.539571 0.364035 0.00368098 0.0578947
0 0.747853 0.318421 0.00368098 0.054386
0 0.477914 0.210526 0.00245399 0.0421053
0 0.526687 0.252632 0.00306748 0.045614
0 0.477454 0.394737 0.00460123 0.0596491
0 0.585123 0.224561 0.00276074 0.0385965
0 0.483436 0.188596 0.00245399 0.0403509
0 0.484969 0.292105 0.00306748 0.0508772
0 0.636196 0.295614 0.00429448 0.0508772
0 0.548926 0.260526 0.00276074 0.0438596
0 0.47454 0.414035 0.00429448 0.0631579
0 0.633129 0.332456 0.00368098 0.0578947
0 0.689571 0.447368 0.00429448 0.0701754
0 0.606595 0.298246 0.00337423 0.0526316
0 0.528988 0.334211 0.00337423 0.054386
0 0.594479 0.389474 0.00368098 0.0596491
0 0.479908 0.528947 0.00460123 0.0719298
0 0.492331 0.536842 0.00490798 0.0736842
0 0.621012 0.505263 0.00460123 0.0701754
0 0.667485 0.557895 0.00490798 0.0736842
0 0.638037 0.268421 0.00429448 0.0491228
0 0.291104 0.326316 0.00613497 0.0666667
