0 0.565951 0.226316 0.00306748 0.045614
0 0.416411 0.50614 0.00460123 0.0649123
0 0.586196 0.342982 0.00306748 0.0473684
0 0.431135 0.291228 0.00276074 0.0491228
0 0.569325 0.250877 0.00306748 0.045614
0 0.494172 0.392982 0.00368098 0.0526316
0 0.504755 0.450877 0.00521472 0.0631579
0 0.254294 0.362281 0.00368098 0.054386
0 0.444172 0.211404 0.00306748 0.0473684
0 0.419785 0.714035 0.00644172 0.0912281
0 0.523466 0.653509 0.00582822 0.0614035
0 0.425 0.500877 0.00398773 0.0614035
0 0.584509 0.318421 0.00398773 0.0473684
0 0.490184 0.569298 0.00490798 0.0649123
0 0.510276 0.397368 0.00460123 0.0649123
0 0.464264 0.365789 0.00337423 0.0473684
0 0.728681 0.335965 0.00337423 0.0578947
0 0.515798 0.539474 0.00460123 0.0684211
0 0.535276 0.386842 0.00429448 0.0508772
0 0.469479 0.564912 0.00521472 0.077193
0 0.419785 0.357895 0.00337423 0.0561404
0 0.409816 0.655263 0.00552147 0.0789474
0 0.603221 0.475439 0.00460123 0.0701754
