0 0.584663 0.333333 0.00368098 0.0561404
0 0.408129 0.517544 0.00460123 0.0596491
0 0.429448 0.292105 0.00306748 0.0473684
0 0.585429 0.348246 0.00276074 0.0473684
0 0.56181 0.22807 0.00337423 0.0491228
0 0.568252 0.252632 0.00276074 0.045614
0 0.419172 0.515789 0.00398773 0.0596491
0 0.485736 0.398246 0.00398773 0.0526316
0 0.513497 0.682456 0.00613497 0.0877193
0 0.508282 0.401754 0.00429448 0.0631579
0 0.509202 0.558772 0.00490798 0.0719298
0 0.727761 0.336842 0.00337423 0.0561404
0 0.252454 0.362281 0.00368098 0.054386
0 0.443405 0.209649 0.00337423 0.0508772
0 0.583436 0.320175 0.00429448 0.054386
0 0.498006 0.453509 0.00460123 0.0614035
0 0.418405 0.719298 0.00613497 0.0912281
0 0.408436 0.682456 0.00582822 0.077193
0 0.418098 0.364035 0.00368098 0.054386
0 0.460276 0.369298 0.00337423 0.0473684
0 0.46365 0.579825 0.00582822 0.0824561
0 0.532515 0.390351 0.00429448 0.054386
0 0.489571 0.581579 0.00490798 0.0684211
0 0.602607 0.486842 0.00460123 0.0719298
