0 0.760429 0.338596 0.00368098 0.0561404
0 0.544632 0.325439 0.00337423 0.054386
0 0.674693 0.324561 0.00337423 0.0561404
0 0.483129 0.460526 0.00429448 0.0684211
0 0.671626 0.385965 0.00398773 0.0596491
0 0.618252 0.205263 0.00276074 0.0421053
0 0.491564 0.233333 0.00276074 0.045614
0 0.54862 0.405263 0.00398773 0.0631579
0 0.507515 0.597368 0.00521472 0.0754386
0 0.495706 0.34386 0.00368098 0.0561404
0 0.509356 0.194737 0.00276074 0.0491228
0 0.485736 0.482456 0.00460123 0.0701754
0 0.559816 0.384211 0.00368098 0.0596491
0 0.653067 0.365789 0.00368098 0.0578947
0 0.675767 0.535965 0.00490798 0.054386
0 0.629908 0.372807 0.00398773 0.054386
0 0.602454 0.265789 0.00306748 0.0438596
0 0.582515 0.340351 0.00368098 0.0526316
0 0.630368 0.440351 0.00429448 0.0666667
0 0.527761 0.648246 0.00582822 0.0859649
0 0.294479 0.341228 0.00552147 0.0684211
0 0.705521 0.607018 0.00552147 0.077193
0 0.732822 0.50614 0.00613497 0.0824561
