0 0.593098 0.174561 0.00214724 0.022807
0 0.471012 0.396491 0.00398773 0.0631579
0 0.535123 0.350877 0.00337423 0.0561404
0 0.478681 0.184211 0.00276074 0.0385965
0 0.540337 0.242105 0.00276074 0.0385965
0 0.520092 0.235088 0.00276074 0.0385965
0 0.473926 0.204386 0.00245399 0.0403509
0 0.606288 0.484211 0.00460123 0.0666667
0 0.744479 0.312281 0.00368098 0.0561404
0 0.480675 0.279825 0.00306748 0.0508772
0 0.473773 0.383333 0.00398773 0.0578947
0 0.626687 0.317544 0.00368098 0.0561404
0 0.600307 0.285088 0.00306748 0.0473684
0 0.578988 0.213158 0.00276074 0.0403509
0 0.52408 0.32193 0.00337423 0.054386
0 0.58681 0.37193 0.00368098 0.0596491
0 0.475307 0.502632 0.00460123 0.0684211
0 0.656748 0.547368 0.00490798 0.077193
0 0.637883 0.252632 0.00398773 0.0491228
0 0.680215 0.42807 0.00398773 0.0701754
0 0.627761 0.280702 0.00460123 0.0526316
0 0.488804 0.514035 0.00460123 0.0736842
0 0.289724 0.321053 0.00582822 0.0631579
