0 0.471166 0.399123 0.00368098 0.054386
0 0.466411 0.388597 0.00398773 0.0578947
0 0.46181 0.399123 0.00337423 0.0578947
0 0.281135 0.336842 0.00337423 0.0421053
0 0.447393 0.278947 0.00337423 0.0526316
0 0.57408 0.235088 0.00276074 0.045614
0 0.610123 0.301754 0.00306748 0.0491228
0 0.550307 0.419298 0.00429448 0.0631579
0 0.544632 0.341228 0.00337423 0.054386
0 0.438344 0.519298 0.00490798 0.0666667
0 0.731135 0.330702 0.00337423 0.054386
0 0.619785 0.416667 0.00398773 0.0614035
0 0.505521 0.423684 0.00429448 0.0649123
0 0.561963 0.334211 0.00306748 0.0508772
0 0.451227 0.235088 0.00368098 0.0561404
0 0.594785 0.224561 0.00429448 0.0561404
0 0.599847 0.268421 0.00398773 0.0491228
0 0.566871 0.532456 0.00490798 0.0754386
0 0.473773 0.314035 0.00337423 0.0491228
0 0.483742 0.567544 0.00490798 0.0754386
0 0.434356 0.327193 0.00368098 0.054386
0 0.517638 0.368421 0.00460123 0.0596491
0 0.526534 0.45 0.00521472 0.0684211
