0 0.538804 0.307018 0.00337423 0.0491228
0 0.489877 0.189474 0.00245399 0.0421053
0 0.478681 0.338596 0.00337423 0.0561404
0 0.526687 0.225439 0.00245399 0.0368421
0 0.72408 0.307018 0.00337423 0.0526316
0 0.537423 0.333333 0.00306748 0.0561404
0 0.596319 0.191228 0.00245399 0.0350877
0 0.643712 0.237719 0.00276074 0.0438596
0 0.482822 0.169298 0.00306748 0.0403509
0 0.501534 0.285088 0.00306748 0.0438596
0 0.484969 0.479825 0.00429448 0.0649123
0 0.605215 0.234211 0.00306748 0.0403509
0 0.287883 0.332456 0.00398773 0.054386
0 0.590031 0.169298 0.00337423 0.0403509
0 0.483589 0.265789 0.00276074 0.0473684
0 0.607362 0.284211 0.00429448 0.0526316
0 0.595399 0.325439 0.00368098 0.054386
0 0.579141 0.401754 0.00368098 0.0596491
0 0.495552 0.522807 0.00460123 0.0736842
0 0.680215 0.20614 0.00337423 0.0403509
0 0.647239 0.559649 0.00490798 0.077193
0 0.730982 0.432456 0.00490798 0.0684211
