0 0.59908 0.182456 0.00306748 0.0385965
0 0.60046 0.180702 0.00276074 0.0385965
0 0.621626 0.230702 0.00276074 0.0368421
0 0.478988 0.17807 0.00276074 0.0403509
0 0.521933 0.286842 0.00337423 0.0473684
0 0.470092 0.324561 0.00276074 0.0526316
0 0.665644 0.207895 0.00306748 0.0403509
0 0.570706 0.317544 0.00337423 0.045614
0 0.740491 0.307018 0.00306748 0.045614
0 0.467331 0.337719 0.00337423 0.054386
0 0.596779 0.186842 0.00276074 0.0368421
0 0.529294 0.318421 0.00337423 0.054386
0 0.483436 0.171053 0.00429448 0.0438596
0 0.499847 0.242982 0.00276074 0.0438596
0 0.595092 0.238596 0.00245399 0.0385965
0 0.589264 0.255263 0.00306748 0.0438596
0 0.519325 0.214912 0.00245399 0.0403509
0 0.471779 0.441228 0.00429448 0.0578947
0 0.478988 0.251754 0.00276074 0.0473684
0 0.283436 0.32193 0.00429448 0.054386
0 0.563037 0.396491 0.00398773 0.0526316
0 0.483282 0.475439 0.00460123 0.0701754
0 0.68819 0.392982 0.00460123 0.0666667
0 0.63589 0.497368 0.00429448 0.0649123
