0 0.45 0.351754 0.00368098 0.0578947
0 0.496166 0.180702 0.00214724 0.0350877
0 0.446933 0.347368 0.00368098 0.0561404
0 0.506748 0.25 0.00245399 0.0403509
0 0.45184 0.2 0.00245399 0.0385965
0 0.520552 0.273684 0.00306748 0.045614
0 0.523926 0.279825 0.00306748 0.0508772
0 0.258896 0.329825 0.00368098 0.0526316
0 0.734816 0.329825 0.00337423 0.0561404
0 0.421933 0.260526 0.00276074 0.0508772
0 0.593865 0.295614 0.00306748 0.0508772
0 0.524387 0.342105 0.00337423 0.0526316
0 0.576227 0.25 0.00276074 0.0473684
0 0.496779 0.342105 0.00337423 0.0561404
0 0.549387 0.368421 0.00368098 0.0561404
0 0.463497 0.294737 0.00306748 0.0491228
0 0.53727 0.497368 0.00460123 0.0684211
0 0.615031 0.37193 0.00368098 0.0596491
0 0.397086 0.430702 0.00398773 0.0649123
0 0.542485 0.523684 0.00460123 0.0754386
0 0.472393 0.747368 0.00613497 0.0947368
0 0.609049 0.495614 0.00460123 0.0719298
0 0.538344 0.205263 0.00368098 0.0421053
