0 0.539724 0.313158 0.00337423 0.054386
0 0.490798 0.191228 0.00245399 0.0421053
0 0.479141 0.341228 0.00368098 0.0578947
0 0.48589 0.479825 0.00429448 0.0649123
0 0.595706 0.192982 0.00245399 0.0385965
0 0.72408 0.307895 0.00337423 0.054386
0 0.483436 0.168421 0.00306748 0.0421053
0 0.527301 0.227193 0.00245399 0.0403509
0 0.537423 0.335965 0.00306748 0.054386
0 0.50184 0.289474 0.00306748 0.0491228
0 0.644325 0.238596 0.00276074 0.045614
0 0.496933 0.52807 0.00490798 0.0736842
0 0.589264 0.170175 0.00306748 0.0421053
0 0.608742 0.284211 0.00460123 0.0526316
0 0.483589 0.267544 0.00276074 0.0473684
0 0.605675 0.234211 0.00337423 0.0438596
0 0.288037 0.333333 0.00429448 0.0526316
0 0.595859 0.328947 0.00337423 0.0508772
0 0.579755 0.40614 0.00368098 0.0578947
0 0.680521 0.204386 0.00337423 0.0403509
0 0.64862 0.563158 0.00521472 0.077193
0 0.733129 0.434211 0.00490798 0.0684211
