0 0.467331 0.334211 0.00337423 0.0578947
0 0.479908 0.177193 0.00214724 0.0385965
0 0.739877 0.304386 0.00368098 0.054386
0 0.465337 0.342982 0.00429448 0.0578947
0 0.659816 0.214035 0.00245399 0.0421053
0 0.526227 0.325439 0.00337423 0.054386
0 0.60046 0.180702 0.00276074 0.0385965
0 0.615798 0.240351 0.00276074 0.0421053
0 0.592331 0.184211 0.00245399 0.0385965
0 0.500153 0.237719 0.00276074 0.0438596
0 0.519018 0.290351 0.00306748 0.0508772
0 0.519172 0.214035 0.00276074 0.0421053
0 0.486043 0.172807 0.00460123 0.0403509
0 0.283436 0.321053 0.00429448 0.0561404
0 0.478374 0.254386 0.00276074 0.0491228
0 0.467178 0.442982 0.00429448 0.0578947
0 0.589571 0.261404 0.00306748 0.045614
0 0.570859 0.322807 0.00368098 0.0561404
0 0.59908 0.251754 0.00306748 0.0473684
0 0.566411 0.407018 0.00398773 0.0596491
0 0.637883 0.499123 0.00460123 0.0684211
0 0.679755 0.391228 0.00429448 0.0701754
0 0.483742 0.468421 0.00429448 0.0701754
