0 0.598466 0.184211 0.00306748 0.0385965
0 0.478374 0.178947 0.00276074 0.0385965
0 0.600613 0.179825 0.00245399 0.0368421
0 0.471012 0.32807 0.00337423 0.0526316
0 0.468558 0.334211 0.00337423 0.054386
0 0.740031 0.30614 0.00337423 0.0438596
0 0.52362 0.285965 0.00306748 0.0491228
0 0.499847 0.246491 0.00276074 0.0438596
0 0.482515 0.171053 0.00368098 0.0403509
0 0.597239 0.187719 0.00245399 0.0350877
0 0.572239 0.314912 0.00337423 0.0403509
0 0.589724 0.254386 0.00276074 0.0421053
0 0.62316 0.231579 0.00276074 0.0421053
0 0.529755 0.318421 0.00368098 0.054386
0 0.519632 0.214912 0.00245399 0.0403509
0 0.594325 0.236842 0.00276074 0.0385965
0 0.667331 0.204386 0.00337423 0.0403509
0 0.473006 0.438596 0.00429448 0.0561404
0 0.478988 0.252632 0.00276074 0.0491228
0 0.283589 0.322807 0.00398773 0.0526316
0 0.483282 0.481579 0.00460123 0.0719298
0 0.563344 0.392982 0.00398773 0.0561404
0 0.636043 0.498246 0.00460123 0.0666667
0 0.690491 0.390351 0.00429448 0.0649123
