0 0.540644 0.315789 0.00337423 0.0526316
0 0.479448 0.349123 0.00368098 0.0561404
0 0.491411 0.192982 0.00245399 0.0421053
0 0.724387 0.308772 0.00337423 0.0561404
0 0.484049 0.168421 0.00306748 0.0421053
0 0.486196 0.484211 0.00429448 0.0631579
0 0.527761 0.22807 0.00276074 0.0385965
0 0.595245 0.192982 0.00276074 0.0385965
0 0.645245 0.239474 0.00276074 0.0438596
0 0.610123 0.287719 0.00490798 0.0526316
0 0.537117 0.335088 0.00306748 0.0526316
0 0.588344 0.171053 0.00306748 0.0403509
0 0.502147 0.292982 0.00306748 0.0491228
0 0.498466 0.531579 0.00490798 0.0736842
0 0.483896 0.268421 0.00276074 0.0491228
0 0.596472 0.331579 0.00337423 0.0526316
0 0.28819 0.333333 0.00398773 0.0526316
0 0.581135 0.40614 0.00398773 0.0578947
0 0.680828 0.205263 0.00337423 0.0385965
0 0.605982 0.237719 0.00337423 0.0438596
0 0.649847 0.571053 0.00521472 0.0789474
0 0.735583 0.439474 0.00490798 0.0684211
