0 0.486043 0.188596 0.00214724 0.0403509
0 0.52454 0.221053 0.00245399 0.0350877
0 0.534816 0.300877 0.00337423 0.0508772
0 0.598159 0.189474 0.00245399 0.0385965
0 0.72592 0.305263 0.00337423 0.0526316
0 0.47684 0.332456 0.00337423 0.0578947
0 0.482669 0.463158 0.00398773 0.0631579
0 0.60092 0.22807 0.00245399 0.0350877
0 0.600613 0.27193 0.00368098 0.0491228
0 0.286656 0.328947 0.00398773 0.054386
0 0.50046 0.272807 0.00276074 0.0473684
0 0.537117 0.326316 0.00306748 0.0526316
0 0.63911 0.231579 0.00276074 0.045614
0 0.480061 0.169298 0.00306748 0.0403509
0 0.590951 0.316667 0.00337423 0.0508772
0 0.575153 0.387719 0.00368098 0.045614
0 0.594172 0.169298 0.00306748 0.0403509
0 0.489571 0.510526 0.00490798 0.0736842
0 0.483282 0.258772 0.00276074 0.0473684
0 0.642331 0.535088 0.00490798 0.0736842
0 0.677761 0.201754 0.00337423 0.0421053
0 0.718865 0.417544 0.00521472 0.0736842
