0 0.519325 0.276316 0.00306748 0.0473684
0 0.496319 0.184211 0.00184049 0.0350877
0 0.450307 0.354386 0.00368098 0.0561404
0 0.505675 0.249123 0.00276074 0.0385965
0 0.45138 0.200877 0.00276074 0.0368421
0 0.735123 0.329825 0.00337423 0.0561404
0 0.446012 0.348246 0.00368098 0.0578947
0 0.259049 0.330702 0.00337423 0.054386
0 0.576841 0.250877 0.00276074 0.045614
0 0.421779 0.260526 0.00306748 0.0508772
0 0.522853 0.339474 0.00337423 0.0508772
0 0.523466 0.282456 0.00337423 0.0526316
0 0.594479 0.294737 0.00306748 0.0526316
0 0.496933 0.344737 0.00368098 0.054386
0 0.549387 0.372807 0.00368098 0.0578947
0 0.462883 0.296491 0.00306748 0.0491228
0 0.397086 0.429825 0.00398773 0.0631579
0 0.615798 0.376316 0.00337423 0.0578947
0 0.536196 0.492982 0.00429448 0.0666667
0 0.539264 0.208772 0.00368098 0.0421053
0 0.472546 0.75 0.00644172 0.0964912
0 0.608742 0.496491 0.00460123 0.0736842
0 0.542945 0.526316 0.00490798 0.077193
