0 0.594939 0.178947 0.00276074 0.0350877
0 0.463497 0.362281 0.00368098 0.0578947
0 0.578221 0.191228 0.00245399 0.0315789
0 0.473313 0.186842 0.00245399 0.0368421
0 0.740337 0.304386 0.00337423 0.054386
0 0.526994 0.339474 0.00368098 0.0578947
0 0.481442 0.176316 0.00276074 0.0368421
0 0.466411 0.360526 0.00398773 0.0578947
0 0.611043 0.284211 0.00306748 0.045614
0 0.618558 0.255263 0.00276074 0.0473684
0 0.525 0.22193 0.00276074 0.0403509
0 0.476534 0.259649 0.00276074 0.045614
0 0.506902 0.226316 0.00276074 0.0421053
0 0.468712 0.468421 0.00429448 0.0666667
0 0.592025 0.27193 0.00306748 0.0491228
0 0.285276 0.321053 0.00552147 0.0596491
0 0.516411 0.300877 0.00337423 0.0508772
0 0.647086 0.22807 0.00276074 0.045614
0 0.672393 0.407895 0.00429448 0.0719298
0 0.583129 0.440351 0.00429448 0.0596491
0 0.573773 0.348246 0.00337423 0.0578947
0 0.485583 0.475439 0.00429448 0.0701754
0 0.645245 0.519298 0.00460123 0.0736842
