0 0.469018 0.327193 0.00368098 0.054386
0 0.619939 0.231579 0.00245399 0.0350877
0 0.479448 0.17807 0.00245399 0.0403509
0 0.66411 0.207895 0.00306748 0.0403509
0 0.466718 0.337719 0.00337423 0.054386
0 0.741104 0.307018 0.00306748 0.045614
0 0.521472 0.289474 0.00306748 0.0491228
0 0.570706 0.318421 0.00337423 0.0508772
0 0.483742 0.170175 0.00429448 0.0421053
0 0.60092 0.181579 0.00245399 0.0368421
0 0.471012 0.442982 0.00398773 0.0578947
0 0.596319 0.188596 0.00245399 0.0368421
0 0.528681 0.321053 0.00337423 0.0526316
0 0.595552 0.241228 0.00276074 0.0403509
0 0.519325 0.214912 0.00245399 0.0403509
0 0.499847 0.242105 0.00276074 0.0421053
0 0.478681 0.252632 0.00276074 0.0491228
0 0.58911 0.257018 0.00276074 0.0438596
0 0.283282 0.32193 0.00398773 0.054386
0 0.563344 0.397368 0.00398773 0.0508772
0 0.483282 0.47193 0.00460123 0.0701754
0 0.686503 0.390351 0.00490798 0.0684211
0 0.636043 0.496491 0.00460123 0.0631579
