0 0.544939 0.407018 0.00398773 0.0526316
0 0.477301 0.398246 0.00429448 0.0561404
0 0.752147 0.348246 0.00368098 0.054386
0 0.47638 0.419298 0.00306748 0.0561404
0 0.650153 0.292105 0.00337423 0.0508772
0 0.618558 0.309649 0.00337423 0.054386
0 0.287423 0.35614 0.00368098 0.0491228
0 0.676074 0.236842 0.00306748 0.0421053
0 0.492638 0.213158 0.00368098 0.0473684
0 0.567025 0.175439 0.00276074 0.045614
0 0.57592 0.221053 0.00276074 0.045614
0 0.534663 0.3 0.00306748 0.045614
0 0.649387 0.395614 0.00368098 0.0578947
0 0.489724 0.596491 0.00521472 0.077193
0 0.53727 0.412281 0.00337423 0.0561404
0 0.483896 0.326316 0.00337423 0.0526316
0 0.593405 0.439474 0.00398773 0.0649123
0 0.504755 0.338596 0.00337423 0.0526316
0 0.492331 0.664035 0.00613497 0.0964912
0 0.496012 0.175439 0.00306748 0.045614
0 0.763497 0.510526 0.00490798 0.077193
0 0.600613 0.524561 0.00490798 0.0736842
0 0.67454 0.730702 0.00613497 0.0929825
