0 0.542638 0.318421 0.00368098 0.054386
0 0.479755 0.352632 0.00368098 0.0596491
0 0.492025 0.19386 0.00245399 0.0438596
0 0.724847 0.311404 0.00368098 0.054386
0 0.485123 0.167544 0.00337423 0.0438596
0 0.594325 0.192982 0.00276074 0.0385965
0 0.613037 0.291228 0.00460123 0.0526316
0 0.536963 0.336842 0.00276074 0.0526316
0 0.528834 0.232456 0.00245399 0.0403509
0 0.646166 0.241228 0.00276074 0.0438596
0 0.58635 0.168421 0.00337423 0.0421053
0 0.483896 0.273684 0.00276074 0.0491228
0 0.486963 0.492105 0.00460123 0.0684211
0 0.502454 0.297368 0.00306748 0.0508772
0 0.596933 0.336842 0.00368098 0.0561404
0 0.606902 0.238596 0.00337423 0.045614
0 0.501227 0.532456 0.00490798 0.0789474
0 0.288344 0.335965 0.00429448 0.054386
0 0.581748 0.412281 0.00398773 0.0596491
0 0.681135 0.207895 0.00337423 0.0403509
0 0.651534 0.578947 0.00490798 0.077193
0 0.73865 0.444737 0.00490798 0.0684211
