0 0.482209 0.354386 0.00306748 0.0526316
0 0.728067 0.309649 0.00337423 0.0438596
0 0.55046 0.340351 0.00337423 0.0526316
0 0.480982 0.37193 0.00306748 0.0561404
0 0.588344 0.2 0.00245399 0.0385965
0 0.532362 0.245614 0.00276074 0.0385965
0 0.578834 0.172807 0.00245399 0.0368421
0 0.650767 0.253509 0.00276074 0.0473684
0 0.626534 0.32193 0.00337423 0.0473684
0 0.489877 0.169298 0.00368098 0.0438596
0 0.596933 0.360526 0.00368098 0.0578947
0 0.484356 0.288596 0.00306748 0.0508772
0 0.505675 0.319298 0.00337423 0.0526316
0 0.536963 0.359649 0.00337423 0.0526316
0 0.58635 0.44386 0.00398773 0.0631579
0 0.492638 0.199123 0.00368098 0.0473684
0 0.493098 0.521053 0.00460123 0.0666667
0 0.51227 0.565789 0.00490798 0.0719298
0 0.749233 0.47807 0.00460123 0.0684211
0 0.289571 0.340351 0.00429448 0.0526316
0 0.607209 0.255263 0.00337423 0.0438596
0 0.679448 0.215789 0.00306748 0.0385965
0 0.659202 0.632456 0.00552147 0.0824561
