0 0.55092 0.351754 0.00368098 0.0578947
0 0.482669 0.361403 0.00337423 0.0561404
0 0.733742 0.315789 0.00306748 0.0491228
0 0.481748 0.378947 0.00337423 0.0561404
0 0.58589 0.202632 0.00245399 0.0403509
0 0.651534 0.258772 0.00306748 0.0473684
0 0.576227 0.173684 0.00276074 0.0385965
0 0.491718 0.169298 0.00368098 0.0438596
0 0.492178 0.202632 0.00337423 0.0473684
0 0.533589 0.255263 0.00276074 0.0438596
0 0.631135 0.335088 0.00337423 0.0526316
0 0.595399 0.375439 0.00368098 0.0631579
0 0.506902 0.325439 0.00337423 0.0508772
0 0.494632 0.533333 0.00460123 0.0701754
0 0.53727 0.366667 0.00337423 0.0526316
0 0.484663 0.295614 0.00306748 0.0508772
0 0.607362 0.263158 0.00368098 0.045614
0 0.755061 0.478947 0.00460123 0.0701754
0 0.678834 0.221053 0.00306748 0.0385965
0 0.289571 0.344737 0.00429448 0.054386
0 0.512883 0.585088 0.00490798 0.0789474
0 0.58819 0.459649 0.00460123 0.0666667
0 0.662883 0.654386 0.00552147 0.0842105
