0 0.544172 0.407018 0.00368098 0.0526316
0 0.476994 0.413158 0.00368098 0.0578947
0 0.477761 0.39386 0.00398773 0.054386
0 0.751534 0.344737 0.00368098 0.054386
0 0.57638 0.219298 0.00245399 0.0421053
0 0.617945 0.307895 0.00337423 0.054386
0 0.676227 0.233333 0.00276074 0.0421053
0 0.650613 0.292105 0.00306748 0.0508772
0 0.287577 0.35614 0.00398773 0.0491228
0 0.567178 0.175439 0.00306748 0.045614
0 0.492331 0.213158 0.00368098 0.0473684
0 0.64862 0.39386 0.00398773 0.0578947
0 0.534509 0.296491 0.00276074 0.045614
0 0.496012 0.174561 0.00306748 0.0438596
0 0.490337 0.594737 0.00521472 0.0736842
0 0.592638 0.435088 0.00429448 0.0666667
0 0.537577 0.409649 0.00337423 0.0578947
0 0.483896 0.323684 0.00337423 0.054386
0 0.504601 0.338596 0.00306748 0.0526316
0 0.493558 0.660526 0.00613497 0.0929825
0 0.763804 0.509649 0.00490798 0.0719298
0 0.599847 0.52193 0.00521472 0.0754386
0 0.67454 0.728947 0.00613497 0.0929825
