0 0.482975 0.363158 0.00337423 0.0561404
0 0.734509 0.314912 0.00337423 0.0473684
0 0.55046 0.355263 0.00398773 0.0578947
0 0.481748 0.382456 0.00337423 0.0561404
0 0.492178 0.171053 0.00337423 0.0438596
0 0.585123 0.203509 0.00276074 0.0385965
0 0.492178 0.202632 0.00337423 0.0508772
0 0.651687 0.260526 0.00276074 0.0473684
0 0.533896 0.255263 0.00276074 0.0403509
0 0.495245 0.534211 0.00460123 0.0649123
0 0.632669 0.338596 0.00337423 0.0491228
0 0.575307 0.173684 0.00276074 0.0385965
0 0.484663 0.298246 0.00306748 0.0526316
0 0.594632 0.378947 0.00337423 0.0596491
0 0.53727 0.370175 0.00337423 0.0526316
0 0.507209 0.326316 0.00337423 0.0526316
0 0.607515 0.267544 0.00337423 0.0438596
0 0.756595 0.484211 0.00460123 0.0701754
0 0.678374 0.221053 0.00276074 0.0385965
0 0.512423 0.591228 0.00521472 0.0807018
0 0.289571 0.34386 0.00429448 0.0526316
0 0.588957 0.463158 0.00429448 0.0666667
0 0.663957 0.658772 0.00582822 0.0859649
