0 0.480215 0.355263 0.00337423 0.0578947
0 0.582669 0.170175 0.00337423 0.0421053
0 0.618865 0.302632 0.00337423 0.0403509
0 0.530675 0.237719 0.00245399 0.0403509
0 0.726074 0.307895 0.00368098 0.0508772
0 0.591718 0.198246 0.00245399 0.0385965
0 0.547546 0.329825 0.00368098 0.0561404
0 0.648313 0.247368 0.00276074 0.045614
0 0.493098 0.195614 0.00337423 0.0473684
0 0.489571 0.502632 0.00429448 0.0649123
0 0.597239 0.348246 0.00368098 0.0578947
0 0.487117 0.167544 0.00306748 0.0438596
0 0.503834 0.309649 0.00337423 0.0508772
0 0.484202 0.278947 0.00276074 0.0491228
0 0.53681 0.351754 0.00306748 0.054386
0 0.583436 0.425439 0.00368098 0.0578947
0 0.288957 0.337719 0.00429448 0.054386
0 0.607362 0.246491 0.00368098 0.0438596
0 0.507209 0.547368 0.00521472 0.077193
0 0.744018 0.459649 0.00460123 0.0666667
0 0.680675 0.210526 0.00306748 0.0385965
0 0.655368 0.603509 0.00521472 0.0807018
