0 0.480061 0.354386 0.00368098 0.0596491
0 0.593558 0.194737 0.00245399 0.0350877
0 0.614724 0.297368 0.00368098 0.0438596
0 0.725767 0.316667 0.00368098 0.0578947
0 0.529141 0.232456 0.00245399 0.0368421
0 0.486043 0.169298 0.00337423 0.0438596
0 0.544325 0.323684 0.00398773 0.0578947
0 0.585276 0.168421 0.00368098 0.045614
0 0.647086 0.240351 0.00276074 0.0421053
0 0.53681 0.344737 0.00306748 0.054386
0 0.492791 0.19386 0.00276074 0.0438596
0 0.484049 0.273684 0.00306748 0.0491228
0 0.503067 0.305263 0.00306748 0.0491228
0 0.48773 0.495614 0.00429448 0.0649123
0 0.597393 0.338596 0.00337423 0.0561404
0 0.503221 0.541228 0.00460123 0.0754386
0 0.28865 0.335965 0.00429448 0.054386
0 0.582055 0.416667 0.00398773 0.0578947
0 0.606902 0.24386 0.00337423 0.0421053
0 0.680982 0.210526 0.00306748 0.0385965
0 0.652914 0.590351 0.00521472 0.0789474
0 0.740951 0.453509 0.00460123 0.0684211
