0 0.482975 0.364912 0.00337423 0.0561404
0 0.583589 0.205263 0.00276074 0.0385965
0 0.73727 0.319298 0.00337423 0.0526316
0 0.482055 0.384211 0.00337423 0.0561404
0 0.54954 0.362281 0.00398773 0.0614035
0 0.491718 0.205263 0.00368098 0.0491228
0 0.534509 0.260526 0.00276074 0.0403509
0 0.493098 0.171053 0.00337423 0.0438596
0 0.652301 0.264035 0.00276074 0.0473684
0 0.57454 0.173684 0.00245399 0.0385965
0 0.495552 0.544737 0.00460123 0.0719298
0 0.484356 0.301754 0.00306748 0.0526316
0 0.635276 0.345614 0.00368098 0.0526316
0 0.593252 0.383333 0.00368098 0.0614035
0 0.608282 0.271053 0.00368098 0.0438596
0 0.759969 0.494737 0.00460123 0.0701754
0 0.507515 0.330702 0.00337423 0.054386
0 0.289417 0.344737 0.00398773 0.0508772
0 0.537577 0.37807 0.00337423 0.054386
0 0.51089 0.597368 0.00521472 0.0789474
0 0.677914 0.222807 0.00306748 0.0385965
0 0.590491 0.470175 0.00429448 0.0701754
0 0.665951 0.669298 0.00552147 0.0859649
