0 0.470706 0.428947 0.00337423 0.0578947
0 0.493865 0.222807 0.00245399 0.0421053
0 0.755521 0.359649 0.00368098 0.0561404
0 0.564724 0.176316 0.00306748 0.0438596
0 0.553988 0.428947 0.00429448 0.0578947
0 0.620706 0.325439 0.00337423 0.054386
0 0.496012 0.179825 0.00306748 0.0438596
0 0.648313 0.307018 0.00337423 0.0526316
0 0.67592 0.238596 0.00276074 0.045614
0 0.574386 0.228947 0.00276074 0.0438596
0 0.652914 0.415789 0.00398773 0.0526316
0 0.47362 0.412281 0.00368098 0.0561404
0 0.483896 0.334211 0.00337423 0.054386
0 0.534049 0.313158 0.00306748 0.0473684
0 0.484509 0.619298 0.00582822 0.0807018
0 0.536043 0.420175 0.00337423 0.054386
0 0.505368 0.336842 0.00337423 0.0526316
0 0.28589 0.362281 0.00368098 0.054386
0 0.60092 0.455263 0.00429448 0.0684211
0 0.758282 0.526316 0.00490798 0.077193
0 0.607669 0.551754 0.00490798 0.0684211
0 0.67592 0.745614 0.00644172 0.0947368
0 0.484969 0.690351 0.00613497 0.0929825
