0 0.541718 0.316667 0.00368098 0.054386
0 0.479755 0.350877 0.00368098 0.0596491
0 0.491718 0.19386 0.00245399 0.0438596
0 0.725 0.309649 0.00337423 0.054386
0 0.484509 0.167544 0.00337423 0.0438596
0 0.528221 0.229825 0.00245399 0.0350877
0 0.594785 0.192982 0.00245399 0.0385965
0 0.5 0.531579 0.00490798 0.0807018
0 0.645859 0.241228 0.00276074 0.0438596
0 0.537117 0.335088 0.00306748 0.0526316
0 0.586963 0.170175 0.00337423 0.0421053
0 0.611963 0.292105 0.00490798 0.054386
0 0.502301 0.29386 0.00276074 0.0473684
0 0.483742 0.271053 0.00306748 0.0508772
0 0.288344 0.335088 0.00429448 0.0561404
0 0.596779 0.333333 0.00337423 0.0561404
0 0.486503 0.491228 0.00429448 0.0666667
0 0.606595 0.237719 0.00337423 0.0438596
0 0.581442 0.408772 0.00398773 0.0596491
0 0.680982 0.207895 0.00306748 0.0368421
0 0.65092 0.575439 0.00490798 0.077193
0 0.737423 0.44386 0.00490798 0.0701754
