0 0.544479 0.407018 0.00368098 0.0526316
0 0.477761 0.394737 0.00398773 0.0561404
0 0.47684 0.415789 0.00337423 0.0561404
0 0.75184 0.346491 0.00368098 0.054386
0 0.287423 0.35614 0.00368098 0.0491228
0 0.618252 0.307895 0.00337423 0.054386
0 0.65046 0.292105 0.00337423 0.0508772
0 0.576074 0.220175 0.00245399 0.0438596
0 0.676074 0.235088 0.00306748 0.0421053
0 0.492485 0.214912 0.00337423 0.0473684
0 0.567178 0.175439 0.00306748 0.045614
0 0.534509 0.298246 0.00276074 0.045614
0 0.648926 0.395614 0.00398773 0.0578947
0 0.592945 0.437719 0.00429448 0.0684211
0 0.483896 0.325439 0.00337423 0.054386
0 0.537577 0.410526 0.00337423 0.0561404
0 0.496012 0.174561 0.00306748 0.0438596
0 0.490031 0.595614 0.00521472 0.0754386
0 0.504755 0.338596 0.00337423 0.0526316
0 0.492945 0.662281 0.00613497 0.0929825
0 0.763497 0.508772 0.00490798 0.0736842
0 0.600153 0.522807 0.00521472 0.0736842
0 0.67454 0.729825 0.00613497 0.0912281
