0 0.532822 0.275439 0.00306748 0.0491228
0 0.529448 0.276316 0.00368098 0.0508772
0 0.258742 0.322807 0.00398773 0.0596491
0 0.493712 0.169298 0.00276074 0.0403509
0 0.517638 0.25 0.00276074 0.0438596
0 0.457975 0.2 0.00245399 0.0385965
0 0.453374 0.328947 0.00306748 0.054386
0 0.730828 0.327193 0.00337423 0.0578947
0 0.540798 0.330702 0.00368098 0.0508772
0 0.446779 0.331579 0.00337423 0.0561404
0 0.419785 0.242982 0.00276074 0.0473684
0 0.573313 0.237719 0.00245399 0.0438596
0 0.590491 0.286842 0.00306748 0.0508772
0 0.39908 0.422807 0.00429448 0.0631579
0 0.551227 0.353509 0.00368098 0.0578947
0 0.470245 0.281579 0.00306748 0.0473684
0 0.603988 0.357895 0.00368098 0.0596491
0 0.496319 0.318421 0.00368098 0.054386
0 0.536963 0.502632 0.00460123 0.0719298
0 0.556595 0.490351 0.00460123 0.0684211
0 0.525307 0.198246 0.00398773 0.045614
0 0.612117 0.482456 0.00460123 0.0701754
0 0.468865 0.714035 0.00582822 0.0877193
