0 0.48865 0.161404 0.00245399 0.0385965
0 0.460429 0.188596 0.00245399 0.0403509
0 0.539877 0.257895 0.00306748 0.045614
0 0.731748 0.320175 0.00337423 0.054386
0 0.454601 0.305263 0.00306748 0.0526316
0 0.552607 0.276316 0.00276074 0.0473684
0 0.415798 0.223684 0.00276074 0.0473684
0 0.530061 0.25 0.00368098 0.0473684
0 0.502454 0.178947 0.00368098 0.0421053
0 0.56273 0.307018 0.00337423 0.0526316
0 0.552454 0.319298 0.00306748 0.0526316
0 0.571472 0.219298 0.00245399 0.045614
0 0.498159 0.27807 0.00306748 0.0473684
0 0.598006 0.328947 0.00337423 0.054386
0 0.476687 0.254386 0.00306748 0.045614
0 0.26227 0.311404 0.00429448 0.0684211
0 0.459969 0.318421 0.00337423 0.054386
0 0.586963 0.27193 0.00276074 0.0491228
0 0.463804 0.658772 0.00552147 0.0859649
0 0.614417 0.446491 0.00429448 0.0684211
0 0.583742 0.478947 0.00429448 0.0666667
0 0.536656 0.467544 0.00460123 0.0684211
0 0.405982 0.403509 0.00398773 0.0631579
