0 0.518405 0.25 0.00368098 0.0473684
0 0.479755 0.233333 0.00306748 0.0421053
0 0.516411 0.166667 0.00276074 0.0315789
0 0.517178 0.249123 0.00306748 0.045614
0 0.519632 0.249123 0.00306748 0.045614
0 0.450767 0.185088 0.00214724 0.0368421
0 0.557362 0.209649 0.00245399 0.0403509
0 0.479601 0.249123 0.00276074 0.0421053
0 0.53727 0.316667 0.00337423 0.054386
0 0.729908 0.324561 0.00337423 0.0561404
0 0.398006 0.238596 0.00276074 0.045614
0 0.368865 0.430702 0.00398773 0.0649123
0 0.578681 0.342982 0.00337423 0.0578947
0 0.565337 0.285965 0.00306748 0.0526316
0 0.568098 0.360526 0.00368098 0.054386
0 0.458129 0.318421 0.00337423 0.054386
0 0.476227 0.192105 0.00398773 0.0508772
0 0.576074 0.277193 0.00306748 0.0491228
0 0.263804 0.301754 0.00429448 0.0631579
0 0.592791 0.439474 0.00398773 0.0649123
0 0.511043 0.449123 0.00429448 0.0666667
0 0.58773 0.454386 0.00429448 0.0666667
0 0.466718 0.701754 0.00582822 0.0877193
0 0.440184 0.313158 0.00368098 0.054386
