0 0.530061 0.237719 0.00368098 0.0438596
0 0.450153 0.181579 0.00214724 0.0333333
0 0.531288 0.244737 0.00368098 0.0473684
0 0.493098 0.15614 0.00276074 0.0385965
0 0.553374 0.300877 0.00306748 0.0508772
0 0.590031 0.318421 0.00337423 0.0508772
0 0.482975 0.171053 0.00337423 0.0403509
0 0.402607 0.223684 0.00276074 0.0473684
0 0.564417 0.275439 0.00306748 0.0491228
0 0.568098 0.208772 0.00245399 0.0421053
0 0.732975 0.321053 0.00337423 0.0561404
0 0.399693 0.394737 0.00368098 0.0526316
0 0.490031 0.25 0.00276074 0.0438596
0 0.575613 0.310526 0.00337423 0.0526316
0 0.453528 0.292105 0.00337423 0.054386
0 0.265491 0.298246 0.00460123 0.0666667
0 0.584663 0.267544 0.00306748 0.0508772
0 0.596012 0.457895 0.00429448 0.0666667
0 0.610276 0.423684 0.00398773 0.0614035
0 0.459816 0.311404 0.00368098 0.054386
0 0.477301 0.241228 0.00245399 0.0438596
0 0.533129 0.442982 0.00429448 0.0614035
0 0.463497 0.642105 0.00552147 0.0807018
