0 0.488804 0.159649 0.00276074 0.0385965
0 0.53589 0.242105 0.00306748 0.045614
0 0.453528 0.184211 0.00214724 0.0350877
0 0.491258 0.173684 0.00337423 0.0385965
0 0.455521 0.296491 0.00306748 0.0526316
0 0.532515 0.247368 0.00368098 0.0491228
0 0.264724 0.301754 0.00429448 0.0701754
0 0.733282 0.321053 0.00337423 0.0561404
0 0.570552 0.213158 0.00245399 0.0438596
0 0.593098 0.320175 0.00337423 0.054386
0 0.494018 0.258772 0.00276074 0.0473684
0 0.553528 0.304386 0.00337423 0.054386
0 0.560429 0.277193 0.00306748 0.0526316
0 0.614264 0.428947 0.00398773 0.0614035
0 0.408742 0.222807 0.00276074 0.045614
0 0.405061 0.395614 0.00398773 0.054386
0 0.460276 0.312281 0.00337423 0.0561404
0 0.477147 0.244737 0.00276074 0.0438596
0 0.571779 0.307018 0.00429448 0.0561404
0 0.585583 0.267544 0.00306748 0.0508772
0 0.592638 0.465789 0.00429448 0.0684211
0 0.535276 0.453509 0.00429448 0.0684211
0 0.46319 0.641228 0.00552147 0.0824561
