0 0.533129 0.276316 0.00368098 0.0508772
0 0.519785 0.253509 0.00276074 0.0438596
0 0.543252 0.325439 0.00368098 0.0508772
0 0.535276 0.277193 0.00306748 0.0491228
0 0.492945 0.171053 0.00306748 0.0438596
0 0.458896 0.198246 0.00245399 0.0385965
0 0.258282 0.32193 0.00429448 0.0614035
0 0.454908 0.327193 0.00306748 0.0508772
0 0.530521 0.276316 0.00337423 0.0508772
0 0.730522 0.323684 0.00337423 0.054386
0 0.419172 0.238596 0.00276074 0.045614
0 0.603067 0.351754 0.00368098 0.0578947
0 0.573006 0.234211 0.00245399 0.0473684
0 0.399847 0.421053 0.00398773 0.0631579
0 0.471626 0.278947 0.00276074 0.045614
0 0.447393 0.327193 0.00337423 0.054386
0 0.551994 0.344737 0.00337423 0.0578947
0 0.589877 0.285088 0.00306748 0.0508772
0 0.496779 0.309649 0.00337423 0.054386
0 0.560276 0.491228 0.00460123 0.0701754
0 0.612577 0.474561 0.00429448 0.0684211
0 0.467638 0.704386 0.00582822 0.0894737
0 0.536503 0.496491 0.00490798 0.0736842
0 0.522086 0.194737 0.00368098 0.045614
