0 0.52592 0.279825 0.00337423 0.0508772
0 0.524693 0.277193 0.00337423 0.0491228
0 0.495552 0.180702 0.00214724 0.0350877
0 0.509969 0.247368 0.00276074 0.0421053
0 0.44816 0.342105 0.00368098 0.0596491
0 0.543252 0.494737 0.00429448 0.0631579
0 0.453988 0.197368 0.00245399 0.0403509
0 0.259356 0.32807 0.00398773 0.0561404
0 0.540951 0.519298 0.00521472 0.0736842
0 0.575 0.245614 0.00276074 0.045614
0 0.421319 0.254386 0.00276074 0.0491228
0 0.529294 0.338596 0.00337423 0.0526316
0 0.733282 0.332456 0.00337423 0.054386
0 0.592638 0.29386 0.00306748 0.0508772
0 0.496012 0.335965 0.00368098 0.054386
0 0.465337 0.291228 0.00306748 0.0491228
0 0.549387 0.364035 0.00368098 0.0578947
0 0.396933 0.427193 0.00429448 0.0649123
0 0.61135 0.370175 0.00368098 0.0596491
0 0.609663 0.491228 0.00460123 0.0736842
0 0.534816 0.204386 0.00398773 0.0438596
0 0.471933 0.736842 0.00582822 0.0947368
