0 0.456135 0.183333 0.00245399 0.0333333
0 0.538037 0.248246 0.00306748 0.0438596
0 0.495399 0.172807 0.00368098 0.0438596
0 0.488037 0.159649 0.00245399 0.0350877
0 0.456135 0.301754 0.00306748 0.0526316
0 0.412117 0.221053 0.00276074 0.045614
0 0.558589 0.276316 0.00306748 0.0508772
0 0.264417 0.302632 0.00429448 0.0684211
0 0.552454 0.310526 0.00306748 0.0526316
0 0.595859 0.320175 0.00337423 0.054386
0 0.569018 0.307895 0.00368098 0.0508772
0 0.532515 0.248246 0.00368098 0.0473684
0 0.495245 0.263158 0.00276074 0.045614
0 0.733129 0.322807 0.00306748 0.0561404
0 0.570706 0.214912 0.00276074 0.0438596
0 0.460276 0.313158 0.00337423 0.054386
0 0.58589 0.268421 0.00306748 0.0491228
0 0.477147 0.248246 0.00276074 0.0438596
0 0.536196 0.457018 0.00429448 0.0684211
0 0.614724 0.434211 0.00429448 0.0649123
0 0.406288 0.399123 0.00398773 0.0614035
0 0.463344 0.644737 0.00582822 0.0824561
0 0.590951 0.469298 0.00460123 0.0684211
