0 0.528221 0.296491 0.00306748 0.0491228
0 0.48819 0.252632 0.00276074 0.0421053
0 0.44816 0.197368 0.00245399 0.0368421
0 0.546319 0.221053 0.00245399 0.045614
0 0.46181 0.39386 0.00398773 0.0614035
0 0.742791 0.336842 0.00337423 0.0561404
0 0.558282 0.385965 0.00368098 0.0596491
0 0.499693 0.190351 0.00245399 0.0438596
0 0.60092 0.296491 0.00306748 0.0526316
0 0.505675 0.335088 0.00337423 0.0491228
0 0.505828 0.272807 0.00306748 0.0473684
0 0.455368 0.32193 0.00337423 0.0508772
0 0.51227 0.362281 0.00429448 0.0578947
0 0.261196 0.332456 0.00398773 0.0614035
0 0.402914 0.423684 0.00398773 0.0614035
0 0.584509 0.259649 0.00276074 0.0491228
0 0.438957 0.364912 0.00368098 0.0561404
0 0.423926 0.273684 0.00306748 0.0491228
0 0.629448 0.370175 0.00368098 0.0596491
0 0.477454 0.75614 0.00582822 0.0947368
0 0.514877 0.503509 0.00460123 0.0666667
0 0.553374 0.542105 0.00490798 0.077193
0 0.608129 0.503509 0.00460123 0.0736842
