0 0.520092 0.253509 0.00276074 0.0438596
0 0.543558 0.323684 0.00368098 0.0473684
0 0.455215 0.327193 0.00306748 0.0508772
0 0.535583 0.27807 0.00306748 0.0473684
0 0.458896 0.199123 0.00245399 0.0368421
0 0.492791 0.171053 0.00276074 0.0438596
0 0.258282 0.321053 0.00429448 0.0631579
0 0.530521 0.276316 0.00337423 0.0508772
0 0.730522 0.323684 0.00337423 0.054386
0 0.419479 0.238596 0.00276074 0.045614
0 0.572853 0.234211 0.00276074 0.0473684
0 0.602914 0.351754 0.00337423 0.0578947
0 0.447393 0.327193 0.00337423 0.054386
0 0.400153 0.421053 0.00398773 0.0631579
0 0.471933 0.278947 0.00276074 0.045614
0 0.552301 0.34386 0.00337423 0.0561404
0 0.589877 0.285088 0.00306748 0.0508772
0 0.496779 0.308772 0.00337423 0.0526316
0 0.560736 0.489474 0.00490798 0.0701754
0 0.612577 0.473684 0.00429448 0.0666667
0 0.467485 0.705263 0.00552147 0.0912281
0 0.536503 0.495614 0.00490798 0.0719298
0 0.521472 0.194737 0.00368098 0.045614
