0 0.549693 0.319298 0.00306748 0.0491228
0 0.52316 0.252632 0.00276074 0.045614
0 0.40184 0.416667 0.00429448 0.0649123
0 0.492025 0.168421 0.00306748 0.045614
0 0.456902 0.324561 0.00276074 0.0526316
0 0.540491 0.278947 0.00306748 0.0491228
0 0.44862 0.321053 0.00337423 0.0526316
0 0.259356 0.317544 0.00398773 0.0631579
0 0.553221 0.335965 0.00337423 0.054386
0 0.459816 0.198246 0.00245399 0.0421053
0 0.729755 0.32193 0.00306748 0.054386
0 0.533129 0.268421 0.00368098 0.0526316
0 0.418558 0.233333 0.00276074 0.045614
0 0.497699 0.299123 0.00337423 0.0508772
0 0.572546 0.230702 0.00276074 0.0473684
0 0.589571 0.281579 0.00306748 0.0508772
0 0.47408 0.27193 0.00276074 0.045614
0 0.601227 0.344737 0.00368098 0.0578947
0 0.465951 0.694737 0.00613497 0.0912281
0 0.536043 0.485965 0.00460123 0.0736842
0 0.613804 0.466667 0.00429448 0.0666667
0 0.567485 0.488596 0.00429448 0.0684211
0 0.516411 0.194737 0.00398773 0.045614
